49 0
50 0.140258467569
51 0.195688123966
52 0.242665523366
53 0.282966864703
54 0.3217982483
55 0.369571874809
56 0.422796594598
57 0.479757456973
58 0.540944447847
59 0.605377595394
60 0.665952103877
61 0.729099038403
62 0.780118821584
63 0.823115085441
64 0.854351687389
65 0.879769706621
66 0.899430391376
67 0.91847859374
68 0.932443192258
69 0.942855392907
70 0.950572671036
71 0.955533778404
72 0.958106204447
73 0.960311141055
74 0.963557297728
75 0.96686470264
76 0.970172107552
77 0.974765725485
78 0.978256875115
79 0.980216818766
80 0.983034237766
81 0.985729160287
82 0.987872848656
83 0.990139033503
84 0.992588963067
85 0.994610154958
86 0.995773871501
87 0.996386353892
88 0.997427573957
89 0.998346297544
90 0.998836283457
91 0.999203772892
92 0.999632510565
93 0.999877503522
94 0.999938751761
95 1.0
