6 0.000946073793756
7 0.00283822138127
8 0.00662251655629
9 0.0179754020814
10 0.0340586565752
11 0.0529801324503
12 0.0709555345317
13 0.0908230842006
14 0.106906338694
15 0.136234626301
16 0.154210028382
17 0.181646168401
18 0.210028382214
19 0.236518448439
20 0.25449385052
21 0.280983916746
22 0.297067171239
23 0.318826868496
24 0.338694418165
25 0.356669820246
26 0.373699148534
27 0.38789025544
28 0.406811731315
29 0.421948912015
30 0.442762535478
31 0.459791863765
32 0.470198675497
33 0.483443708609
34 0.491958372753
35 0.503311258278
36 0.517502365184
37 0.526017029328
38 0.531693472091
39 0.544938505203
40 0.555345316935
41 0.55912961211
42 0.564806054872
43 0.57426679281
44 0.582781456954
45 0.590350047304
46 0.597918637654
47 0.606433301798
48 0.613055818354
49 0.621570482498
50 0.62724692526
51 0.637653736991
52 0.643330179754
53 0.651844843898
54 0.66508987701
55 0.670766319773
56 0.681173131504
57 0.688741721854
58 0.698202459792
59 0.701986754967
60 0.708609271523
61 0.719016083254
62 0.725638599811
63 0.729422894986
64 0.736991485336
65 0.748344370861
66 0.752128666036
67 0.756859035005
68 0.762535477767
69 0.767265846736
70 0.773888363292
71 0.778618732261
72 0.781456953642
73 0.787133396405
74 0.79091769158
75 0.796594134342
76 0.800378429518
77 0.808893093661
78 0.811731315043
79 0.816461684011
80 0.820245979186
81 0.825922421949
82 0.831598864711
83 0.83632923368
84 0.845789971618
85 0.849574266793
86 0.853358561968
87 0.861873226112
88 0.871333964049
89 0.876064333018
90 0.880794701987
91 0.884578997162
92 0.889309366131
93 0.893093661306
94 0.898770104068
95 0.903500473037
96 0.908230842006
97 0.912015137181
98 0.917691579943
99 0.922421948912
101 0.926206244087
102 0.930936613056
103 0.936613055818
104 0.940397350993
105 0.943235572375
106 0.946073793756
107 0.951750236518
108 0.955534531693
109 0.961210974456
110 0.964995269631
111 0.966887417219
112 0.971617786187
113 0.976348155156
114 0.978240302744
115 0.980132450331
116 0.9848628193
117 0.985808893094
119 0.986754966887
120 0.987701040681
121 0.988647114475
123 0.990539262062
124 0.994323557237
126 0.995269631031
127 0.996215704825
131 0.997161778619
132 0.998107852412
134 1.0
