2 0.000535000951113
3 0.000749001331558
4 0.00108189081225
5 0.00143855811299
6 0.00186655887388
7 0.0021162259844
8 0.0023064485448
9 0.00252044892524
10 0.00275822712574
11 0.00301978314628
12 0.00316245006658
13 0.00347156172722
14 0.00397089594826
15 0.004327563249
16 0.00470800836979
18 0.00492200875024
19 0.00514789804071
22 0.0056710100818
23 0.00594445501236
24 0.00651512269355
25 0.00681234544417
26 0.00743056876546
28 0.00776345824615
30 0.00812012554689
32 0.00850057066768
35 0.00891668251855
37 0.00935657218946
40 0.00983212859045
41 0.0108070192125
49 0.0119721323949
50 1.0
