2 0.868306543656
3 0.871480882633
4 0.873121552216
5 0.87517833365
6 0.878269450257
7 0.883143903367
8 0.888553357428
9 0.893962811489
10 0.89918204299
11 0.904163496291
12 0.90875261556
13 0.913056400989
14 0.917514742248
15 0.9229123074
16 0.929427430093
17 0.936632109568
18 0.944764124025
19 0.953538139623
20 0.961907932281
21 0.969897279817
22 0.976911736732
23 0.982998858665
24 0.988099201065
25 0.991879874453
26 0.994507323569
27 0.996504660453
28 0.997741107095
29 0.998644664257
30 0.999262887578
31 0.999571999239
32 0.99977411071
33 0.99984544417
34 0.99989299981
35 0.99996433327
36 1.0
