2 0.485901871578
3 0.629907102188
4 0.730896014384
5 0.803688669736
6 0.855858555589
7 0.891846241861
8 0.918407933092
9 0.93780477838
10 0.951044759855
11 0.961397008745
12 0.969052224371
13 0.975236330945
14 0.980085542267
15 0.984553354946
16 0.987223145449
17 0.989538780069
18 0.991309559485
19 0.992944125099
20 0.993734165146
21 0.994823875555
22 0.995504944561
23 0.995968071485
24 0.996703626011
25 0.996976053614
26 0.997439180538
27 0.997847821941
28 0.998283706105
29 0.998474405427
30 0.998610619228
31 0.998719590269
32 0.998992017871
33 0.999155474433
34 0.999209959953
35 0.999346173754
36 0.999427902035
37 0.999482387556
38 0.999536873076
39 0.999673086877
40 0.999700329637
41 0.999782057918
42 0.999809300678
46 0.999863786199
54 0.999918271719
59 0.99994551448
61 1.0
