29 0.000185494342423
165 0.000370988684845
490 0.0912632164719
502 0.0918196994992
503 0.0931181598961
504 0.0940456316082
505 0.0949731033203
506 0.0960860693749
507 0.0975700241143
508 0.0981265071415
509 0.098312001484
510 0.0997959562233
511 0.101465405305
512 0.102949360045
513 0.105546280838
514 0.107030235578
515 0.110183639399
516 0.110925616769
517 0.111482099796
518 0.11407902059
519 0.116861435726
520 0.119272862178
521 0.120571322575
522 0.12632164719
523 0.128918567984
524 0.129104062326
525 0.129475051011
526 0.132813949175
527 0.133741420887
528 0.133926915229
529 0.134112409572
530 0.13708031905
531 0.138007790762
534 0.138193285105
535 0.138378779447
536 0.144129104062
537 0.14858096828
540 0.148766462623
542 0.154145798553
544 0.160081617511
545 0.160267111853
546 0.171025783714
547 0.171211278056
548 0.171396772398
549 0.171582266741
554 0.176590613986
556 0.180485995177
560 0.185865331107
561 0.186236319792
563 0.186421814135
564 0.187349285847
565 0.188276757559
566 0.190502689668
567 0.193285104804
568 0.197180485995
569 0.208310146541
570 0.213503988128
571 0.221851233537
572 0.229456501577
573 0.237618252643
574 0.254312743461
575 0.261732517158
576 0.26878130217
577 0.271934705991
578 0.274346132443
579 0.277128547579
580 0.277499536264
581 0.278983491004
582 0.279354479688
583 0.279539974031
584 0.286217770358
585 0.28714524207
596 0.297532925246
597 0.298460396958
602 0.2986458913
603 0.301242812094
604 0.307920608421
605 0.312186978297
606 0.31237247264
611 0.312557966982
612 0.314041921721
613 0.321832684103
614 0.323502133185
615 0.324986087924
616 0.32851048043
617 0.337043220182
618 0.340567612688
619 0.340938601373
621 0.341309590058
622 0.342051567427
623 0.343164533482
624 0.347987386385
625 0.355963643109
626 0.361528473382
627 0.366536820627
628 0.371730662215
629 0.379892413281
630 0.38823965869
631 0.39584492673
632 0.403079206084
633 0.416249304396
634 0.429975885735
635 0.444258950102
636 0.461880912632
637 0.473381561862
638 0.483769245038
639 0.49007605268
640 0.492116490447
641 0.493785939529
642 0.495269894268
643 0.49619736598
644 0.49768132072
645 0.500834724541
646 0.504544611389
647 0.510851419032
648 0.515117788907
649 0.521239102207
650 0.524948989056
651 0.529957336301
652 0.533110740122
653 0.535151177889
654 0.535522166574
655 0.536264143944
656 0.536635132628
657 0.538490076053
658 0.539417547765
659 0.543869411983
660 0.547022815804
661 0.55128918568
662 0.55741049898
663 0.564459283992
664 0.575217955852
665 0.586162122055
666 0.595993322204
667 0.607122982749
668 0.618623631979
669 0.630309775552
670 0.642366907809
671 0.65386755704
672 0.669634576145
673 0.681135225376
674 0.698386199221
675 0.714524207012
676 0.727879799666
677 0.740678909293
678 0.757558894454
679 0.770914487108
680 0.784641068447
681 0.79706918939
682 0.809868299017
683 0.820997959562
684 0.829159710629
685 0.840289371174
686 0.848451122241
687 0.858653311074
688 0.865516601744
689 0.871452420701
690 0.876460767947
691 0.881840103877
692 0.885364496383
693 0.888888888889
694 0.890929326656
695 0.894824707846
696 0.897792617325
697 0.901687998516
698 0.906325357077
699 0.911704693007
700 0.91578556854
701 0.919309961046
702 0.924318308292
703 0.927842700798
704 0.933778519755
705 0.938786867001
706 0.945464663328
707 0.9510294936
708 0.955481357819
709 0.961602671119
710 0.965127063625
711 0.969578927843
712 0.974772769431
713 0.978853644964
714 0.983861992209
715 0.987942867743
716 0.990539788536
717 0.993507698015
718 0.994435169727
719 0.996475607494
720 0.996846596179
721 0.997588573549
722 0.997959562233
723 0.998516045261
724 0.999072528288
725 0.999443516973
726 0.999629011315
727 0.999814505658
728 1.0
