49 0
50 0.134891573141
51 0.188106334411
52 0.232130968233
53 0.27384915351
54 0.319847346395
55 0.368651322047
56 0.419250523112
57 0.476662069621
58 0.536748620886
59 0.601959292372
60 0.664590070382
61 0.720325280578
62 0.770044702302
63 0.812856667301
64 0.846656838501
65 0.873751664447
66 0.897232261746
67 0.915957295035
68 0.930604432186
69 0.943147232262
70 0.954227696405
71 0.963429712764
72 0.969730835077
73 0.975568289899
74 0.979705630588
75 0.983343637055
76 0.987100532623
77 0.989787426289
78 0.991784763173
79 0.993151987826
80 0.994507323569
81 0.995696214571
82 0.996445215903
83 0.997253661784
84 0.997741107095
85 0.998097774396
86 0.998501997337
87 0.998846775728
88 0.999167776298
89 0.999357998859
90 0.999536332509
91 0.999702777249
92 0.99983355526
93 0.99990488872
94 0.99994055545
95 0.99996433327
96 0.99998811109
97 1.0
