5 5.44855204729e-05
6 0.000108971040946
7 0.000299670362601
8 0.000899011087803
9 0.00266979050317
10 0.00572097964966
11 0.0116054158607
12 0.0203775846569
13 0.033290653009
14 0.0522788568938
15 0.0772877107909
16 0.108562399542
17 0.145612553464
18 0.186068052415
19 0.227422562454
20 0.272836243768
21 0.320075190018
22 0.368839730842
23 0.419974391805
24 0.473097774266
25 0.524859018716
26 0.576701991446
27 0.629634674585
28 0.682213201842
29 0.728961778407
30 0.771760154739
31 0.811316642602
32 0.846541531588
33 0.877216879614
34 0.904813795734
35 0.9240199417
36 0.940692510965
37 0.953578336557
38 0.964611654453
39 0.972866210804
40 0.979050317378
41 0.984117470782
42 0.987876971695
43 0.990410548397
44 0.992644454736
45 0.993870378947
46 0.994823875555
47 0.995668401122
48 0.996403955649
49 0.997139510175
50 0.997575394339
51 0.997984035743
52 0.998283706105
53 0.998419919906
54 0.998665104748
55 0.998746833029
56 0.99888304683
57 0.998910289591
58 0.999046503392
59 0.999182717193
60 0.999346173754
61 0.999427902035
63 0.999455144795
64 0.999482387556
65 0.999509630316
66 0.999536873076
69 0.999564115836
71 0.999591358596
72 0.999618601357
75 0.999673086877
76 0.999700329637
81 0.999754815158
82 0.999782057918
86 0.999809300678
92 0.999836543439
112 0.999863786199
140 0.999891028959
148 0.999918271719
155 0.99994551448
165 0.99997275724
194 1.0
