0 0
1 11492
2 11003
3 8978
4 7513
5 6427
6 5370
7 4544
8 3802
9 3437
10 2796
11 2440
12 2060
13 1827
14 1573
15 1346
16 1184
17 966
18 838
19 712
20 625
21 569
22 490
23 451
24 363
25 323
26 297
27 254
28 219
29 203
30 179
31 149
32 138
33 124
34 97
36 87
37 86
38 98
39 70
40 74
41 70
42 61
43 46
44 52
45 46
46 39
47 41
48 34
49 27
51 25
52 19
53 20
55 14
56 11
57 13
58 20
59 12
62 17
63 14
64 12
66 11
67 5
68 7
69 6
70 8
71 5
72 9
73 6
74 4
75 6
76 3
77 4
78 2
79 7
80 4
81 2
82 3
83 0
83 0
84 4
85 0
85 0
86 3
87 2
88 1
89 0
89 0
90 5
91 1
92 2
93 1
95 2
96 0
97 0
98 1
99 2
100 0
101 0
102 2
104 0
104 0
105 1
106 0
108 0
109 1
110 0
114 0
115 1
117 0
120 0
121 1
122 0
122 0
123 1
124 0
125 0
126 1
127 0
130 0
131 1
134 0
144 0
145 1
146 0
149 0
150 1
151 0
154 0
155 1
156 0
159 0
160 1
