2 0.267441031006
3 0.374179665208
4 0.463501046224
5 0.539911070953
6 0.603754517786
7 0.657777724938
8 0.702979360852
9 0.743841544607
10 0.777082937036
11 0.806091877497
12 0.830583032148
13 0.852304070763
14 0.871005326232
15 0.887007799125
16 0.901084268594
17 0.912568955678
18 0.922531862279
19 0.930996766216
20 0.938427334982
21 0.945192124786
22 0.951017690698
23 0.956379589119
24 0.960695263458
25 0.964535381396
26 0.968066387674
27 0.97108617082
28 0.973689842115
29 0.97610329085
30 0.978231405745
31 0.980002853338
32 0.981643522922
33 0.983117747765
34 0.984270972037
35 0.98542419631
36 0.986458531482
37 0.987480977744
38 0.988646090926
39 0.989478314628
40 0.99035809397
41 0.991190317672
42 0.991915541183
43 0.992462431044
44 0.993080654366
45 0.993627544227
46 0.994091211718
47 0.994578657029
48 0.99498287997
49 0.99530388054
50 0.995624881111
51 0.995922103862
52 0.996147993152
53 0.996385771352
54 0.996623549553
55 0.996789994293
56 0.996920772304
57 0.997075328134
58 0.997313106334
59 0.997455773255
60 0.997598440175
61 0.997741107095
62 0.997943218566
63 0.998109663306
64 0.998252330226
65 0.998394997147
66 0.998525775157
67 0.998585219707
68 0.998668442077
69 0.998739775537
70 0.998834886818
71 0.998894331368
72 0.999001331558
73 0.999072665018
74 0.999120220658
75 0.999191554118
76 0.999227220848
77 0.999274776488
78 0.999298554309
79 0.999381776679
80 0.999429332319
81 0.999453110139
82 0.999488776869
84 0.999536332509
86 0.999571999239
87 0.999595777059
88 0.999607665969
90 0.999667110519
91 0.999678999429
92 0.999702777249
93 0.999714666159
94 0.999726555069
95 0.999750332889
98 0.9997622218
99 0.99978599962
102 0.99980977744
103 0.99983355526
105 0.99984544417
109 0.99985733308
115 0.99986922199
116 0.9998811109
121 0.99989299981
123 0.99990488872
126 0.99991677763
131 0.99992866654
132 0.99994055545
133 0.99995244436
145 0.99996433327
150 0.99997622218
155 0.99998811109
160 1.0
