19 0
20 0.210326707247
21 0.3219873502
22 0.429522541373
23 0.525323378353
24 0.604146851817
25 0.680307209435
26 0.756099010843
27 0.824270020924
28 0.878364561537
29 0.91843018832
30 0.945893570477
31 0.965046604527
32 0.977327848583
33 0.98561441887
34 0.990797983641
35 0.993936655887
36 0.996445215903
37 0.997800551645
38 0.998715997717
39 0.999179665208
40 0.999464999049
41 0.999667110519
42 0.99978599962
43 0.99984544417
44 0.99990488872
45 0.99994055545
46 0.99997622218
48 0.99998811109
49 1.0
