9 0
10 1
11 0
18 0
19 2
20 0
28 0
29 29
30 0
53 0
54 25
55 26
56 0
69 0
70 16
71 0
73 0
74 20
75 0
93 0
94 14
95 0
95 0
96 16
97 0
115 0
116 32
117 0
127 0
128 12
129 0
129 0
130 14
131 0
132 0
133 1
134 0
134 0
135 5
136 0
140 0
141 11
142 0
148 0
149 3
150 0
153 0
154 8
155 0
163 0
164 1
165 3
166 0
166 0
167 5
168 0
169 0
170 2
171 0
175 0
176 1
177 0
181 0
182 5
183 0
184 0
185 7
186 0
196 0
197 5
198 0
199 0
200 8
201 0
206 0
207 6
208 0
208 0
209 1
210 0
218 0
219 4
220 5
221 0
222 0
223 3
224 4
226 0
230 0
231 2
232 0
232 0
233 2
234 0
234 0
235 4
237 0
239 0
240 2
241 0
243 0
244 1
245 2
246 0
250 0
251 1
252 0
252 0
253 3
