5 0
6 0.000370988684845
7 0.00148395473938
8 0.00463735856056
9 0.0109441662029
10 0.0178074568726
11 0.031163049527
12 0.0500834724541
13 0.0734557595993
14 0.101650899648
15 0.136523836023
16 0.173437210165
17 0.21053607865
18 0.242441105546
19 0.28102392877
20 0.314227416064
21 0.358746058245
22 0.401409757002
23 0.445000927472
24 0.48618067149
25 0.526432943795
26 0.561862363198
27 0.594880356149
28 0.628454832128
29 0.656835466518
30 0.683175663142
31 0.713411240957
32 0.733259135596
33 0.754034501948
34 0.772027453163
35 0.788350955296
36 0.800222593211
37 0.811352253756
38 0.823409386014
39 0.833797069189
40 0.844184752365
41 0.850306065665
42 0.858467816732
43 0.865145613059
44 0.871637915044
45 0.875904284919
46 0.882767575589
47 0.887961417177
48 0.893155258765
49 0.89742162864
50 0.901873492858
51 0.904841402337
52 0.908180300501
53 0.910591726952
54 0.912632164719
55 0.91504359117
56 0.917826006307
57 0.918938972361
58 0.920051938416
59 0.922092376183
60 0.925060285661
61 0.926173251716
62 0.927471712113
63 0.928213689482
64 0.930068632907
65 0.930810610276
66 0.933778519755
67 0.93489148581
68 0.935818957522
69 0.936931923576
70 0.938230383973
71 0.938972361343
72 0.940456316082
73 0.94101279911
74 0.941940270822
75 0.943238731219
76 0.944166202931
77 0.944722685958
78 0.945464663328
79 0.946763123725
80 0.948247078464
81 0.949545538861
82 0.9510294936
83 0.952142459655
84 0.952698942682
85 0.953811908737
86 0.954553886106
87 0.955481357819
88 0.956037840846
89 0.956965312558
90 0.957521795585
91 0.958078278613
92 0.959005750325
93 0.960489705064
94 0.961231682434
95 0.961602671119
96 0.962530142831
97 0.963086625858
98 0.964199591912
99 0.964941569282
100 0.966054535337
101 0.966611018364
102 0.967538490076
103 0.967909478761
104 0.968280467446
105 0.968836950473
106 0.969764422185
107 0.970320905212
108 0.971062882582
109 0.972175848637
110 0.973474309034
111 0.974587275088
112 0.974958263773
113 0.975329252458
114 0.97625672417
115 0.976442218512
116 0.976813207197
117 0.977555184567
118 0.977926173252
119 0.979039139306
120 0.979966611018
121 0.980708588388
122 0.981079577073
123 0.981821554443
124 0.98237803747
125 0.982934520497
126 0.983861992209
127 0.984232980894
128 0.984603969579
129 0.986644407346
130 0.9877573734
131 0.98849935077
132 0.988870339455
133 0.989983305509
134 0.990539788536
135 0.991096271564
136 0.991838248933
137 0.992580226303
138 0.993507698015
139 0.994064181042
140 0.995177147097
142 0.996104618809
143 0.996846596179
144 0.997032090521
145 0.997217584864
146 0.997588573549
147 0.997774067891
148 0.998145056576
150 0.998516045261
151 0.998701539603
152 0.998887033945
153 0.999072528288
156 0.999443516973
157 0.999814505658
158 1.0
