5 0
6 2
7 6
8 17
9 34
10 37
11 72
12 102
13 126
14 152
15 188
16 199
17 200
18 172
19 208
20 179
21 240
22 230
23 235
24 222
25 217
26 191
27 178
28 181
29 153
30 142
31 163
32 107
33 112
34 97
35 88
36 64
37 60
38 65
39 56
41 33
42 44
43 36
44 35
45 23
46 37
47 28
49 23
50 24
51 16
52 18
53 13
54 11
55 13
56 15
57 6
59 11
60 16
61 6
62 7
63 4
64 10
65 4
66 16
67 6
68 5
69 6
70 7
71 4
72 8
73 3
74 5
75 7
76 5
77 3
78 4
79 7
80 8
81 7
82 8
83 6
84 3
85 6
86 4
87 5
88 3
89 5
90 3
92 5
93 8
94 4
95 2
96 5
97 3
98 6
99 4
100 6
101 3
102 5
103 2
105 3
106 5
107 3
108 4
109 6
110 7
111 6
112 2
114 5
115 1
116 2
117 4
118 2
119 6
120 5
121 4
122 2
123 4
124 3
126 5
127 2
129 11
130 6
131 4
132 2
133 6
134 3
136 4
138 5
139 3
140 6
141 0
141 0
142 5
143 4
144 1
146 2
147 1
148 2
149 0
149 0
150 2
151 1
154 0
155 0
156 2
158 1
