0 0
1 0.000946073793756
2 0.0141911069063
3 0.0435193945128
4 0.100283822138
5 0.161778618732
6 0.245033112583
7 0.346263008515
8 0.429517502365
9 0.505203405866
10 0.564806054872
11 0.62724692526
12 0.667928098392
13 0.703878902554
14 0.731315042573
15 0.752128666036
16 0.772942289499
17 0.788079470199
18 0.79848628193
19 0.807947019868
20 0.816461684011
21 0.837275307474
22 0.847682119205
23 0.854304635762
24 0.858088930937
25 0.861873226112
26 0.868495742668
27 0.876064333018
28 0.882686849574
29 0.889309366131
30 0.894985808893
31 0.902554399243
32 0.906338694418
33 0.908230842006
34 0.912961210974
35 0.920529801325
36 0.930936613056
37 0.936613055818
38 0.940397350993
39 0.945127719962
40 0.949858088931
41 0.9545884579
42 0.959318826868
43 0.964049195837
44 0.967833491012
45 0.972563859981
46 0.980132450331
47 0.983916745506
48 0.988647114475
49 0.991485335856
50 0.993377483444
51 0.994323557237
52 0.998107852412
53 0.999053926206
56 1.0
