0 0
1 0.00177144759368
2 0.00919012744912
3 0.0235875974891
4 0.044238634202
5 0.0647945596348
6 0.0834007038235
7 0.0999262887578
8 0.114632870458
9 0.128245672437
10 0.142595586837
11 0.156422389195
12 0.169951968804
13 0.184385105574
14 0.197724462621
15 0.210576374358
16 0.223345063725
17 0.234877306449
18 0.248085885486
19 0.260355240632
20 0.272160928286
21 0.283241392429
22 0.294167300742
23 0.305295320525
24 0.316054784097
25 0.326017690698
26 0.3364561537
27 0.346609282861
28 0.356346300171
29 0.36560776108
30 0.37492866654
31 0.383833460148
32 0.393178143428
33 0.402629826897
34 0.411926954537
35 0.420082746814
36 0.428809206772
37 0.43742866654
38 0.446143237588
39 0.454738919536
40 0.462633155792
41 0.470622503329
42 0.477696404794
43 0.485864085981
44 0.493698877687
45 0.501783336504
46 0.5096062393
47 0.516632585125
48 0.522886151798
49 0.529769830702
50 0.537247955107
51 0.544179189652
52 0.550694312345
53 0.557292657409
54 0.563772113373
55 0.569776012935
56 0.575875023778
57 0.58168870078
58 0.587763933803
59 0.594005611566
60 0.599843066388
61 0.605442743009
62 0.61080464143
63 0.616130873122
64 0.621421438083
65 0.626652558493
66 0.631812345444
67 0.637293132966
68 0.642334030816
69 0.647850485068
70 0.652974605288
71 0.657706391478
72 0.662366844208
73 0.667265075138
74 0.672282195168
75 0.677358759749
76 0.681567433898
77 0.685918774967
78 0.690353338406
79 0.694633346015
80 0.699079798364
81 0.703181472323
82 0.707330701921
83 0.71142048697
84 0.715201160358
85 0.719231500856
86 0.722762507133
87 0.726673958531
88 0.73077563249
89 0.734377972228
90 0.738158645615
91 0.741796652083
92 0.745494103101
93 0.749298554309
94 0.753007894236
95 0.756182233213
96 0.75961812821
97 0.763065912117
98 0.766109473084
99 0.768832033479
100 0.771828038805
101 0.774978599962
102 0.778022160928
103 0.780827943694
104 0.78374072665
105 0.786594065056
106 0.789162069621
107 0.792086741488
108 0.794654746053
109 0.797710195929
110 0.800420867415
111 0.80309587217
112 0.805723321286
113 0.808612326422
114 0.811013886247
115 0.813926669203
116 0.816435229218
117 0.818896233593
118 0.821511793799
119 0.823818242344
120 0.826017690698
121 0.828347917063
122 0.830880254898
123 0.833091592163
124 0.835314818337
125 0.837252710671
126 0.839321381016
127 0.84152082937
128 0.843530055165
129 0.845384725128
130 0.847393950923
131 0.849379398897
132 0.851459958151
133 0.853504850675
134 0.855359520639
135 0.857309301883
136 0.859330416587
137 0.861303975652
138 0.863539090736
139 0.864906315389
140 0.866511318242
141 0.868354099296
142 0.8700185467
143 0.871813772113
144 0.873561441887
145 0.87514266692
146 0.876771447594
147 0.878471561727
148 0.880124120221
149 0.881431900323
150 0.883274681377
151 0.88478457295
152 0.886306353434
153 0.887756800457
154 0.88918346966
155 0.890348582842
156 0.891680140765
157 0.892892809587
158 0.89434325661
159 0.895817481453
160 0.897196595016
161 0.898421152749
162 0.899574377021
163 0.900798934754
164 0.902011603576
165 0.903473939509
166 0.904757941792
167 0.906077610805
168 0.907064390337
169 0.908110614419
170 0.909287616511
171 0.910381396234
172 0.911415731406
173 0.912366844208
174 0.91343684611
175 0.914542514742
176 0.915636294465
177 0.916837074377
178 0.917752520449
179 0.918549077421
180 0.919535856953
181 0.920403747384
182 0.921259748906
183 0.922115750428
184 0.92292419631
185 0.923815864562
186 0.924564865893
187 0.925325756135
188 0.926253091117
189 0.927168537189
190 0.92778676051
191 0.928559539661
192 0.929629541564
193 0.930354765075
194 0.931091877497
195 0.931840878828
196 0.93267310253
197 0.933398326041
198 0.934301883203
199 0.934991439985
200 0.935645330036
201 0.936453775918
202 0.93727411071
203 0.937939889671
204 0.938665113182
205 0.939354669964
206 0.939865893095
207 0.940591116606
208 0.941221228838
209 0.941851341069
210 0.9422436751
211 0.942826231691
212 0.943396899372
213 0.943872455773
214 0.944395567814
215 0.944942457675
216 0.945667681187
217 0.946202682138
218 0.946725794179
219 0.947403462051
220 0.947867129542
221 0.948342685943
222 0.948889575804
223 0.949519688035
224 0.949983355526
225 0.950494578657
226 0.951100913068
227 0.951528913829
228 0.95202824805
229 0.952420582081
230 0.952896138482
231 0.953454917253
232 0.953918584744
233 0.954358474415
234 0.954810252996
235 0.955404698497
236 0.955773254708
237 0.956213144379
238 0.95658170059
239 0.95691459007
240 0.957366368651
241 0.957865702872
242 0.958210481263
243 0.958590926384
244 0.958983260415
245 0.959351816625
246 0.959720372836
247 0.960100817957
248 0.960421818528
249 0.960754708008
250 0.96131348678
251 0.96175337645
252 0.962098154841
253 0.962549933422
254 0.962906600723
255 0.963215712383
256 0.963619935324
257 0.963857713525
258 0.964226269736
259 0.964547270306
260 0.964844493057
261 0.965177382538
262 0.965557827658
263 0.965890717139
264 0.9661998288
265 0.96656838501
266 0.966841829941
267 0.967222275062
268 0.967471942172
269 0.967769164923
270 0.968113943314
271 0.968316054784
272 0.968494388434
273 0.968696499905
274 0.968898611375
275 0.969255278676
276 0.969516834697
277 0.969778390717
278 0.970063724558
279 0.970265836028
280 0.970598725509
281 0.970824614799
282 0.97103861518
283 0.971430949211
284 0.971728171961
285 0.971965950162
286 0.972275061822
287 0.972477173293
288 0.972619840213
289 0.972810062773
290 0.973071618794
291 0.973214285714
292 0.973416397185
293 0.973606619745
294 0.973844397946
295 0.974117842876
296 0.974319954347
297 0.974533954727
298 0.974712288377
299 0.974843066388
300 0.975009511128
301 0.975187844778
302 0.975401845159
303 0.975520734259
304 0.97572284573
305 0.97591306829
306 0.97607951303
307 0.976245957771
308 0.976471847061
309 0.976745291992
310 0.976923625642
311 0.977101959292
312 0.977280292943
313 0.977434848773
314 0.977601293513
315 0.977755849344
316 0.977874738444
317 0.977969849724
318 0.978136294465
319 0.978314628115
320 0.978409739395
321 0.978599961955
322 0.978778295606
323 0.978932851436
324 0.979075518356
325 0.979253852007
326 0.979384630017
327 0.979515408027
328 0.979705630588
329 0.979919630968
330 0.980097964619
331 0.980204964809
332 0.980347631729
333 0.980466520829
334 0.98056163211
335 0.98075185467
336 0.98093018832
337 0.981096633061
338 0.981274966711
339 0.981381966901
340 0.981536522732
341 0.981714856382
342 0.981916967852
343 0.982035856953
344 0.982190412783
345 0.982333079703
346 0.982511413354
347 0.982677858094
348 0.982808636104
349 0.982986969755
350 0.983177192315
351 0.983307970325
352 0.983426859426
353 0.983581415256
354 0.983771637816
355 0.983866749096
356 0.983949971467
357 0.984116416207
358 0.984235305307
359 0.984401750048
360 0.984496861328
361 0.984603861518
362 0.984698972798
363 0.984817861898
364 0.984901084269
365 0.984996195549
366 0.985079417919
367 0.985174529199
368 0.985257751569
369 0.98534097394
370 0.98543608522
371 0.98555497432
372 0.98569764124
373 0.98581653034
374 0.985875974891
375 0.985947308351
376 0.986078086361
377 0.986137530911
378 0.986220753281
379 0.986292086741
380 0.986363420202
381 0.986434753662
382 0.986565531672
383 0.986720087502
384 0.986815198783
385 0.986898421153
386 0.987017310253
387 0.987100532623
388 0.987231310633
389 0.987350199734
390 0.987421533194
391 0.987492866654
392 0.987564200114
393 0.987623644664
394 0.987706867034
395 0.987778200495
396 0.987885200685
397 0.987920867415
398 0.988027867605
399 0.988134867795
400 0.988206201255
401 0.988325090356
402 0.988432090546
403 0.988467757276
404 0.988598535286
405 0.988693646566
406 0.988776868937
407 0.988860091307
408 0.988919535857
409 0.989085980597
410 0.989133536237
411 0.989192980788
412 0.989299980978
413 0.989335647708
414 0.989359425528
415 0.989430758988
416 0.989513981358
417 0.989573425908
418 0.989727981739
419 0.989834981929
420 0.989894426479
421 0.989941982119
422 0.990001426669
423 0.990096537949
424 0.99016787141
425 0.99021542705
426 0.9902748716
427 0.99034620506
428 0.99040564961
429 0.99044131634
430 0.99053642762
431 0.990631538901
432 0.990714761271
433 0.990845539281
434 0.990928761651
435 0.991000095111
436 0.991047650751
437 0.991154650942
438 0.991237873312
439 0.991321095682
440 0.991416206962
441 0.991451873692
442 0.991499429332
443 0.991558873882
444 0.991594540613
445 0.991713429713
446 0.991760985353
447 0.991844207723
448 0.991879874453
449 0.991951207913
450 0.991986874643
451 0.992022541373
452 0.992046319193
453 0.992093874834
454 0.992177097204
455 0.992260319574
456 0.992343541944
457 0.992367319764
458 0.992426764314
459 0.992450542134
460 0.992509986684
461 0.992545653414
462 0.992605097965
463 0.992640764695
464 0.992712098155
465 0.992783431615
466 0.992854765075
467 0.992866653985
468 0.992926098535
469 0.992961765265
470 0.993021209815
471 0.993068765456
472 0.993092543276
473 0.993128210006
474 0.993223321286
475 0.993294654746
476 0.993330321476
477 0.993425432756
478 0.993437321666
479 0.993472988396
480 0.993508655126
481 0.993556210767
482 0.993603766407
483 0.993615655317
484 0.993651322047
485 0.993710766597
486 0.993734544417
487 0.993782100057
488 0.993841544607
489 0.993853433517
490 0.993865322427
491 0.993877211337
493 0.993900989157
494 0.993960433707
495 0.993972322617
496 0.994043656078
497 0.994067433898
498 0.994103100628
499 0.994138767358
500 0.994162545178
501 0.994233878638
502 0.994281434278
503 0.994340878828
504 0.994376545558
505 0.994400323378
506 0.994424101198
507 0.994447879018
508 0.994459767928
509 0.994471656839
510 0.994495434659
511 0.994531101389
512 0.994566768119
513 0.994626212669
514 0.994649990489
515 0.994685657219
516 0.994733212859
517 0.994756990679
518 0.994780768499
519 0.994816435229
521 0.994840213049
522 0.994875879779
523 0.994911546509
524 0.99495910215
525 0.99497099106
526 0.99498287997
527 0.99499476888
528 0.99503043561
529 0.99504232452
530 0.99508988016
531 0.99512554689
532 0.99514932471
533 0.99517310253
534 0.99519688035
535 0.99520876926
536 0.99523254708
537 0.99524443599
538 0.99529199163
539 0.99532765836
540 0.995375214
541 0.99541088073
543 0.99542276964
544 0.995458436371
545 0.995482214191
546 0.995505992011
547 0.995541658741
548 0.995589214381
549 0.995624881111
550 0.995636770021
551 0.995672436751
552 0.995708103481
553 0.995743770211
554 0.995826992581
555 0.995838881491
556 0.995850770401
557 0.995886437131
558 0.995898326041
559 0.995945881682
560 0.995957770592
561 0.995993437322
562 0.996017215142
564 0.996052881872
565 0.996064770782
566 0.996088548602
567 0.996100437512
568 0.996112326422
569 0.996159882062
570 0.996171770972
572 0.996195548792
573 0.996243104432
574 0.996266882252
575 0.996278771162
576 0.996314437892
577 0.996350104622
580 0.996361993532
581 0.996385771352
583 0.996433326993
584 0.996468993723
585 0.996480882633
586 0.996504660453
587 0.996540327183
588 0.996564105003
589 0.996587882823
590 0.996599771733
591 0.996611660643
592 0.996635438463
593 0.996647327373
595 0.996659216283
596 0.996682994103
597 0.996706771923
598 0.996718660833
599 0.996742438653
600 0.996778105383
602 0.996801883203
603 0.996837549933
604 0.996861327753
605 0.996885105574
606 0.996908883394
608 0.996920772304
609 0.996944550124
610 0.996968327944
615 0.996992105764
616 0.997003994674
618 0.997015883584
619 0.997027772494
620 0.997051550314
621 0.997087217044
622 0.997110994864
623 0.997122883774
624 0.997158550504
626 0.997170439414
629 0.997206106144
631 0.997217995054
632 0.997241772874
633 0.997265550694
634 0.997277439604
635 0.997289328514
636 0.997313106334
637 0.997336884154
638 0.997372550885
639 0.997408217615
641 0.997431995435
643 0.997443884345
644 0.997479551075
646 0.997515217805
647 0.997538995625
648 0.997550884535
649 0.997562773445
650 0.997586551265
651 0.997610329085
653 0.997634106905
654 0.997669773635
655 0.997681662545
656 0.997717329275
658 0.997729218185
660 0.997752996005
662 0.997764884915
663 0.997776773825
664 0.997824329465
665 0.997836218375
666 0.997848107286
670 0.997859996196
671 0.997871885106
672 0.997883774016
673 0.997895662926
674 0.997907551836
675 0.997931329656
676 0.997943218566
677 0.997955107476
678 0.997966996386
679 0.997978885296
681 0.997990774206
682 0.998002663116
686 0.998014552026
687 0.998026440936
689 0.998062107666
690 0.998073996576
691 0.998097774396
693 0.998109663306
694 0.998121552216
695 0.998145330036
696 0.998169107856
697 0.998180996766
698 0.998204774586
699 0.998216663496
700 0.998252330226
701 0.998264219136
704 0.998299885866
706 0.998311774776
709 0.998347441507
710 0.998359330417
716 0.998371219327
719 0.998383108237
720 0.998394997147
722 0.998406886057
723 0.998418774967
725 0.998430663877
726 0.998442552787
727 0.998454441697
729 0.998478219517
733 0.998490108427
734 0.998501997337
736 0.998513886247
737 0.998537664067
741 0.998549552977
742 0.998561441887
744 0.998585219707
745 0.998597108617
746 0.998632775347
751 0.998644664257
754 0.998656553167
756 0.998668442077
757 0.998680330987
760 0.998692219897
764 0.998704108807
765 0.998727886627
766 0.998763553357
767 0.998775442267
770 0.998787331177
771 0.998811108998
772 0.998822997908
773 0.998834886818
775 0.998846775728
776 0.998858664638
778 0.998870553548
784 0.998882442458
787 0.998894331368
791 0.998906220278
792 0.998918109188
793 0.998929998098
794 0.998941887008
795 0.998953775918
799 0.998965664828
800 0.998977553738
801 0.998989442648
804 0.999013220468
807 0.999025109378
808 0.999036998288
809 0.999048887198
810 0.999072665018
811 0.999084553928
812 0.999108331748
813 0.999120220658
814 0.999132109568
819 0.999143998478
820 0.999155887388
824 0.999167776298
825 0.999191554118
830 0.999239109758
831 0.999250998668
834 0.999274776488
840 0.999286665399
844 0.999298554309
845 0.999310443219
849 0.999334221039
854 0.999346109949
855 0.999369887769
857 0.999381776679
870 0.999393665589
875 0.999405554499
878 0.999417443409
885 0.999429332319
889 0.999441221229
890 0.999453110139
892 0.999464999049
900 0.999476887959
903 0.999488776869
908 0.999500665779
911 0.999512554689
912 0.999524443599
913 0.999548221419
923 0.999560110329
924 0.999571999239
940 0.999583888149
957 0.999595777059
958 0.999607665969
959 0.999619554879
960 0.999631443789
972 0.999643332699
973 0.999655221609
986 0.999667110519
997 0.999678999429
1001 0.999690888339
1040 0.999702777249
1044 0.999714666159
1051 0.999726555069
1058 0.999738443979
1069 0.999750332889
1103 0.9997622218
1116 0.99977411071
1123 0.99978599962
1144 0.99979788853
1183 0.99980977744
1199 0.99982166635
1204 0.99983355526
1235 0.99984544417
1256 0.99985733308
1355 0.99986922199
1356 0.9998811109
1361 0.99989299981
1404 0.99990488872
1470 0.99991677763
1480 0.99992866654
1626 0.99994055545
1645 0.99995244436
1706 0.99996433327
1823 0.99997622218
2066 0.99998811109
2181 1.0
