2 0.0435896607779
3 0.0790513408477
4 0.112123071623
5 0.141437629859
6 0.168146928054
7 0.194414839217
8 0.220456674095
9 0.243828655707
10 0.267459010216
11 0.289786734705
12 0.311274747279
13 0.333064194899
14 0.352862018108
15 0.37178783279
16 0.389615562661
17 0.407098795336
18 0.424894228595
19 0.441376266296
20 0.457707586474
21 0.473037711677
22 0.488195588283
23 0.503450354724
24 0.517746988341
25 0.531763717986
26 0.545586667959
27 0.55908665181
28 0.571671564986
29 0.583330641949
30 0.5949574223
31 0.606336595291
32 0.617694237208
33 0.62805068415
34 0.638041102822
35 0.648537501749
36 0.657892753717
37 0.667398723207
38 0.676387946904
39 0.685151094317
40 0.693903476192
41 0.702558968231
42 0.710428576042
43 0.71839507369
44 0.726210853815
45 0.733402232772
46 0.74043212867
47 0.747225182745
48 0.754029002358
49 0.760929711807
50 0.76711989579
51 0.773267017623
52 0.779403373919
53 0.785410543767
54 0.790674891537
55 0.796057660218
56 0.801440428899
57 0.806597121295
58 0.811958358901
59 0.81673825749
60 0.821722701289
61 0.8266533174
62 0.831325560615
63 0.835394933738
64 0.839873397281
65 0.84383511503
66 0.847807598316
67 0.851801612677
68 0.855860220263
69 0.859854234624
70 0.863815952373
71 0.867282455404
72 0.870878144883
73 0.874075509479
74 0.877208280851
75 0.880158038088
76 0.883107795326
77 0.885885303965
78 0.88864128153
79 0.891461852318
80 0.893970222524
81 0.896532420416
82 0.89896543186
83 0.901366146691
84 0.903992937807
85 0.906275231728
86 0.90826685614
87 0.910463025762
88 0.912680726458
89 0.914467805661
90 0.916437898998
91 0.918041964065
92 0.919710622356
93 0.921680715693
94 0.923553919194
95 0.925254874097
96 0.927095780986
97 0.928775204814
98 0.930357738807
99 0.931972569411
100 0.933641227702
101 0.935212996157
102 0.936730936925
103 0.938291939842
104 0.93964839755
105 0.941080214019
106 0.942210595442
107 0.943523991
108 0.944848152096
109 0.946000064593
110 0.94723810139
111 0.948529965873
112 0.949541926385
113 0.950295514001
114 0.95115675699
115 0.952028765516
116 0.952890008505
117 0.953837375793
118 0.954795508618
119 0.955570627308
120 0.956431870297
121 0.957196223449
122 0.95792827999
123 0.958714164218
124 0.959500048445
125 0.960318229284
126 0.961061051362
127 0.961696218067
128 0.962589757668
129 0.963311048671
130 0.963849325539
131 0.964452195631
132 0.965119658948
133 0.965690232428
134 0.966217743759
135 0.966766786164
136 0.967391187331
137 0.967961760811
138 0.968446209993
139 0.969124438846
140 0.969619653565
141 0.970179461508
142 0.970631614077
143 0.971212953095
144 0.971708167813
145 0.972246444681
146 0.972687831713
147 0.973204577506
148 0.973602902389
149 0.97392586851
150 0.974345724467
151 0.974722518274
152 0.975163905306
153 0.97543304374
154 0.975949789534
155 0.976272755655
156 0.976757204836
157 0.977037108807
158 0.977306247241
159 0.977618447825
160 0.977973710558
161 0.978361269903
162 0.978684236024
163 0.978899546771
164 0.979200981817
165 0.979545479013
166 0.979933038358
167 0.980256004478
168 0.980546673987
169 0.980912702258
170 0.981203371766
171 0.98151557235
172 0.981838538471
173 0.982096911367
174 0.982430643026
175 0.98265671931
176 0.982936623282
177 0.983162699566
178 0.983410306925
179 0.983700976434
180 0.983991645943
181 0.984271549914
182 0.984540688348
183 0.98477753017
184 0.985046668604
185 0.985272744889
186 0.985444993487
187 0.985703366384
188 0.98596173928
189 0.986220112177
190 0.986435422924
191 0.986607671522
192 0.986758389045
193 0.986887575493
194 0.98714594839
195 0.987275134838
196 0.987447383436
197 0.987641163109
198 0.987856473856
199 0.988017956916
200 0.988308626425
201 0.988437812873
202 0.988631592546
203 0.988803841144
204 0.98906221404
205 0.989191400489
206 0.989363649087
207 0.989492835535
208 0.989632787521
209 0.989751208432
210 0.989912691492
211 0.990020346866
212 0.990214126538
213 0.990375609599
214 0.990504796047
215 0.990687810182
216 0.990763168944
217 0.990913886467
218 0.991010776303
219 0.991161493826
220 0.991279914737
221 0.991366039036
222 0.991484459947
223 0.991624411933
224 0.991753598381
225 0.991904315904
226 0.991990440203
227 0.992098095576
228 0.992216516487
229 0.992399530623
230 0.992507185996
231 0.992625606907
232 0.992690200131
233 0.99281938658
234 0.992883979804
235 0.992970104103
236 0.993045462864
237 0.993206945925
238 0.993282304686
239 0.99334689791
240 0.993443787747
241 0.993529912046
242 0.993616036344
243 0.993691395106
244 0.99379905048
245 0.993852878166
246 0.993971299077
247 0.994025126764
248 0.994111251063
249 0.994175844287
250 0.994251203049
251 0.994358858422
252 0.994455748259
253 0.994563403632
254 0.994627996856
255 0.994671059006
256 0.994800245454
257 0.994811010992
258 0.994864838678
259 0.994929431903
260 0.99494019744
261 0.995004790664
262 0.995047852814
263 0.995080149426
264 0.995123211575
265 0.995209335874
266 0.995295460173
267 0.995338522322
268 0.995392350009
269 0.995456943233
270 0.995521536457
271 0.995543067532
272 0.995596895219
273 0.995683019518
274 0.995726081667
275 0.995769143817
276 0.995844502578
277 0.995887564728
278 0.995930626877
279 0.995962923489
280 0.995984454564
281 0.996027516713
282 0.996092109938
283 0.996135172087
284 0.996210530849
285 0.996221296386
286 0.996296655148
287 0.996339717297
288 0.996382779446
289 0.996415076059
290 0.996468903745
291 0.996501200357
292 0.99653349697
293 0.996565793582
294 0.996598090194
296 0.996641152343
297 0.99669498003
298 0.996748807717
299 0.996781104329
300 0.996813400941
301 0.996845697553
302 0.996867228628
303 0.996910290777
304 0.996942587389
305 0.996996415076
306 0.997017946151
307 0.997028711688
308 0.9970610083
309 0.997093304912
310 0.997147132599
311 0.997211725823
312 0.997222491361
313 0.997254787973
314 0.997287084585
315 0.997340912272
316 0.997394739958
317 0.997427036571
318 0.99747009872
319 0.997523926407
321 0.997577754094
322 0.997610050706
323 0.997620816243
324 0.997663878392
325 0.997685409467
327 0.997717706079
328 0.997750002691
329 0.997782299303
330 0.997793064841
331 0.997825361453
332 0.997868423602
333 0.99787918914
334 0.997911485752
335 0.997965313439
336 0.997986844513
337 0.997997610051
338 0.998019141125
339 0.998051437738
340 0.998072968812
342 0.99808373435
343 0.998126796499
344 0.998159093111
345 0.998180624186
346 0.998191389723
347 0.998212920798
348 0.998223686335
349 0.998255982947
350 0.998266748485
351 0.998288279559
352 0.998331341709
353 0.998374403858
354 0.99840670047
355 0.998438997083
356 0.998460528157
357 0.998492824769
358 0.998503590307
359 0.998525121381
360 0.998557417994
361 0.998589714606
362 0.99861124568
364 0.998632776755
365 0.998665073367
366 0.998675838904
367 0.998686604442
368 0.998697369979
369 0.998708135517
370 0.998718901054
371 0.998751197666
373 0.998761963203
374 0.998783494278
375 0.998794259815
376 0.998805025353
377 0.998826556428
380 0.998837321965
383 0.998848087502
384 0.998869618577
385 0.998891149652
386 0.998901915189
387 0.998912680726
388 0.998944977339
389 0.998955742876
390 0.998966508413
391 0.998977273951
393 0.999009570563
395 0.999031101637
396 0.999041867175
399 0.999052632712
401 0.99906339825
402 0.999074163787
403 0.999084929324
404 0.999095694862
405 0.999117225936
407 0.999127991474
410 0.999138757011
411 0.999160288086
412 0.999181819161
413 0.999192584698
414 0.999203350235
415 0.999246412385
416 0.999257177922
420 0.999278708997
421 0.999289474534
422 0.999300240071
423 0.999311005609
424 0.999321771146
428 0.999343302221
432 0.999364833296
433 0.99938636437
435 0.999407895445
436 0.99942942652
437 0.999450957595
439 0.999461723132
444 0.999472488669
445 0.999494019744
451 0.999515550819
455 0.999526316356
460 0.999537081893
462 0.999547847431
463 0.999558612968
464 0.999569378506
465 0.999580144043
467 0.99959090958
468 0.999601675118
469 0.999612440655
475 0.999623206192
481 0.99963397173
482 0.999655502804
491 0.999666268342
494 0.999677033879
498 0.999687799417
500 0.999698564954
508 0.999709330491
529 0.999730861566
532 0.999741627103
539 0.999752392641
552 0.999763158178
556 0.999784689253
565 0.99979545479
576 0.999806220327
577 0.999816985865
584 0.999827751402
600 0.99983851694
623 0.999849282477
628 0.999860048014
650 0.999870813552
662 0.999881579089
673 0.999892344626
675 0.999903110164
734 0.999913875701
746 0.999924641238
764 0.999935406776
792 0.999946172313
795 0.999956937851
809 0.999967703388
814 0.999978468925
911 0.999989234463
927 1.0
