0 0
1 0.00212493529844
2 0.0123954559076
3 0.0309205328684
4 0.0528237120985
5 0.0746996485684
6 0.093088511728
7 0.110142479636
8 0.125289454328
9 0.140681613861
10 0.157054512763
11 0.173781567548
12 0.187675375269
13 0.202468194077
14 0.215871632114
15 0.22922058463
16 0.242542294385
17 0.255618819299
18 0.26845015937
19 0.281799111886
20 0.295284278203
21 0.307325578228
22 0.319557577574
23 0.331190236195
24 0.341515242324
25 0.352221647097
26 0.363037022911
27 0.373716184924
28 0.383850491732
29 0.394202740622
30 0.40436429019
31 0.41357234315
32 0.422998338192
33 0.432206391152
34 0.441659628954
35 0.44934208734
36 0.458359440979
37 0.466831939412
38 0.476039992372
39 0.484076606642
40 0.492658076116
41 0.500776418667
42 0.509575830223
43 0.517694172774
44 0.525022475277
45 0.532378020541
46 0.539978750647
47 0.547688451794
48 0.554580870134
49 0.561391560193
50 0.568256735772
51 0.574658784428
52 0.581333260686
53 0.588470863868
54 0.594900155284
55 0.601165990138
56 0.607758738115
57 0.613098319122
58 0.619691067099
59 0.625030648105
60 0.630724384995
61 0.636527092925
62 0.641866673931
63 0.647287983218
64 0.652191680061
65 0.6566867355
66 0.661426975781
67 0.666793799548
68 0.671969923993
69 0.676955349116
70 0.681804560438
71 0.686735500041
72 0.691312283761
73 0.695970795761
74 0.700629307761
75 0.7051243632
76 0.709156291715
77 0.713460647833
78 0.717683275669
79 0.721824175225
80 0.725937832021
81 0.729942517776
82 0.73391996077
83 0.738169831367
84 0.741329991555
85 0.74538916283
86 0.749066935462
87 0.753153349497
88 0.757076306971
89 0.760645108562
90 0.763941482551
91 0.76729234206
92 0.771106328493
93 0.774130274879
94 0.777780804751
95 0.781431334623
96 0.78461873757
97 0.7880240826
98 0.790911815185
99 0.794289917454
100 0.79728662108
101 0.800147110905
102 0.802762415888
103 0.80535047811
104 0.808129239655
105 0.811589070205
106 0.814122646907
107 0.816601738088
108 0.819053586509
109 0.82147819217
110 0.82371209851
111 0.826654316615
112 0.828833737434
113 0.831367314136
114 0.833519492195
115 0.836107554417
116 0.838123518675
117 0.840684338137
118 0.843081701038
119 0.845070422535
120 0.847222600594
121 0.848993380009
122 0.850655188384
123 0.852889094723
124 0.855286457624
125 0.857384150162
126 0.85940011442
127 0.861334350396
128 0.863268586373
129 0.865584220993
130 0.86749121421
131 0.869479935707
132 0.871087258561
133 0.872803552456
134 0.874547089111
135 0.876399596807
136 0.878115890702
137 0.880104612199
138 0.881548478492
139 0.883373743428
140 0.884872095241
141 0.886533903615
142 0.888059498188
143 0.889721306563
144 0.891246901136
145 0.892745252949
146 0.89405290544
147 0.895442286212
148 0.896831666984
149 0.897866891873
150 0.899338000926
151 0.900781867219
152 0.902280219032
153 0.903478900482
154 0.904732067453
155 0.905794535102
156 0.907047702073
157 0.908110169722
158 0.909581278775
159 0.910861688506
160 0.911760699594
161 0.912768681723
162 0.913858392132
163 0.915111559103
164 0.916391968834
165 0.917454436484
166 0.918435175852
167 0.919415915221
168 0.92047838287
169 0.921268422917
170 0.922303647806
171 0.923475086496
172 0.924537554145
173 0.925545536274
174 0.926417304601
175 0.927261830169
176 0.927888413654
177 0.928705696461
178 0.929386765467
179 0.930067834473
180 0.930803388999
181 0.931620671806
182 0.932356226333
183 0.93317350914
184 0.934154248508
185 0.934917045795
186 0.93543465824
187 0.936061241725
188 0.936851281772
189 0.937668564579
190 0.938431361866
191 0.939112430871
192 0.939575557796
193 0.939956956439
194 0.940638025445
195 0.94121012341
196 0.941836706895
197 0.9423815621
198 0.942926417305
199 0.94358024355
200 0.944016127714
201 0.944642711199
202 0.945024109843
203 0.945759664369
204 0.946386247855
205 0.947149045141
206 0.947693900346
207 0.94821151279
208 0.948565668674
209 0.949110523878
210 0.949628136323
211 0.950172991528
212 0.950772332253
213 0.951180973656
214 0.951480644019
215 0.952079984744
216 0.952570354428
217 0.952951753072
218 0.953387637235
219 0.953986977961
220 0.954477347645
221 0.954722532487
222 0.955321873212
223 0.955921213937
224 0.956384340861
225 0.956874710546
226 0.95736508023
227 0.957828207154
228 0.958318576838
229 0.958917917563
230 0.959217587926
231 0.95962622933
232 0.959816928651
233 0.960389026616
234 0.960634211458
235 0.960961124581
236 0.961342523224
237 0.961669436347
238 0.962214291552
239 0.962677418476
240 0.96316778816
241 0.963385730242
242 0.963930585447
243 0.96423025581
244 0.964529926172
245 0.964965810336
246 0.965347208979
247 0.965728607623
248 0.965946549704
249 0.966327948348
250 0.96657313319
251 0.966872803552
252 0.967145231155
253 0.967390415997
254 0.967635600839
255 0.967880785681
256 0.968153213284
257 0.968534611927
258 0.96891601057
259 0.969106709892
260 0.969406380254
261 0.969760536138
262 0.97003296374
263 0.970223663062
264 0.970468847904
265 0.970686789986
266 0.970931974828
267 0.97117715967
268 0.971367858991
269 0.971585801073
270 0.971939956956
271 0.972130656278
272 0.97240308388
273 0.972457569401
274 0.972648268723
275 0.972947939085
276 0.973383823249
277 0.973574522571
278 0.973928678454
279 0.974310077097
280 0.97463699022
281 0.974909417822
282 0.975018388863
283 0.975427030267
284 0.975563244068
285 0.97580842891
286 0.975999128232
287 0.976135342033
288 0.976217070314
289 0.976435012395
290 0.976625711717
291 0.976898139319
292 0.977116081401
293 0.977334023483
294 0.977497480045
295 0.977579208325
296 0.977688179366
297 0.977987849729
298 0.978178549051
299 0.978342005612
300 0.978532704934
301 0.978723404255
302 0.978805132536
303 0.978995831858
304 0.979159288419
305 0.979404473261
306 0.979622415343
307 0.979758629144
308 0.979976571226
309 0.980140027788
310 0.980248998829
311 0.98038521263
312 0.980548669191
313 0.980739368513
314 0.980902825074
315 0.981066281636
316 0.981311466478
317 0.981365951998
318 0.98152940856
319 0.981665622361
320 0.981883564443
321 0.982074263764
322 0.982264963086
323 0.982401176887
324 0.982537390688
325 0.98270084725
326 0.982837061051
327 0.982946032092
328 0.983163974174
329 0.983327430735
330 0.983572615577
331 0.983736072139
332 0.983790557659
333 0.9838995287
334 0.984062985262
335 0.984171956303
336 0.984335412864
337 0.984444383905
338 0.984526112186
339 0.984689568747
340 0.984853025309
341 0.984907510829
342 0.98507096739
343 0.985179938431
344 0.985370637753
345 0.985534094314
346 0.985561337075
347 0.985615822595
348 0.985643065355
349 0.985779279157
350 0.985969978478
351 0.985997221238
352 0.98613343504
353 0.986324134361
354 0.986351377122
355 0.986514833683
356 0.986596561964
357 0.986651047484
358 0.986896232326
359 0.986923475086
360 0.987059688888
361 0.987141417168
362 0.98727763097
363 0.98733211649
364 0.987413844771
365 0.987468330291
366 0.987522815812
367 0.987577301332
368 0.987604544092
369 0.987631786853
370 0.987713515133
371 0.987795243414
372 0.987904214455
373 0.987958699975
374 0.988040428256
375 0.988122156537
376 0.988231127578
377 0.988367341379
378 0.98850355518
379 0.988558040701
380 0.988612526221
381 0.988694254502
382 0.988748740022
383 0.988830468303
384 0.988993924864
385 0.989048410385
386 0.989130138666
387 0.989293595227
388 0.989429809028
389 0.989566022829
390 0.989729479391
391 0.989756722151
392 0.989947421473
393 0.989974664233
394 0.990029149753
395 0.990165363555
396 0.990192606315
397 0.990247091835
398 0.990328820116
400 0.990410548397
403 0.990437791157
404 0.990601247718
405 0.99076470428
407 0.9908191898
408 0.990873675321
409 0.991009889122
410 0.991064374642
411 0.991118860163
412 0.991173345683
414 0.991227831204
415 0.991309559485
418 0.991418530526
420 0.991500258806
421 0.991609229847
422 0.991690958128
423 0.991772686409
424 0.99193614297
425 0.992099599531
426 0.992126842292
427 0.992208570572
428 0.992290298853
429 0.992372027134
430 0.992453755414
431 0.992508240935
432 0.992535483695
433 0.992617211976
434 0.992644454736
435 0.992671697496
436 0.992698940257
438 0.992753425777
439 0.992862396818
440 0.992944125099
442 0.992998610619
444 0.9930803389
445 0.99310758166
446 0.993162067181
447 0.993243795461
449 0.993271038222
450 0.993352766502
451 0.993407252023
452 0.993434494783
453 0.993516223064
454 0.993543465824
455 0.993597951344
456 0.993625194105
457 0.993652436865
458 0.993706922385
459 0.993734165146
460 0.993761407906
462 0.993788650666
463 0.993843136187
464 0.993897621707
465 0.993952107228
466 0.993979349988
468 0.994033835508
469 0.994061078268
472 0.994088321029
473 0.994115563789
474 0.994170049309
475 0.99419729207
476 0.99425177759
477 0.994333505871
479 0.994360748631
481 0.994387991391
482 0.994415234152
483 0.994469719672
484 0.994551447953
485 0.994605933473
486 0.994660418994
488 0.994687661754
489 0.994714904514
490 0.994742147274
492 0.994769390035
495 0.994878361076
497 0.994905603836
498 0.994960089356
499 0.994987332116
500 0.995014574877
501 0.995041817637
503 0.995096303157
506 0.995123545918
507 0.995150788678
508 0.995178031438
509 0.995205274198
510 0.995232516959
511 0.995259759719
512 0.995287002479
513 0.995314245239
514 0.99539597352
516 0.99542321628
517 0.995477701801
520 0.995504944561
521 0.995559430081
522 0.995613915602
523 0.995641158362
525 0.995722886643
528 0.995750129403
530 0.995777372163
531 0.995804614924
532 0.995831857684
533 0.995859100444
534 0.995886343204
535 0.995913585965
536 0.995940828725
537 0.995995314245
538 0.996049799766
541 0.996077042526
543 0.996104285286
544 0.996131528046
545 0.996213256327
546 0.996240499087
547 0.996267741848
548 0.996294984608
552 0.996376712889
554 0.996403955649
556 0.996431198409
559 0.996458441169
561 0.99651292669
563 0.99654016945
564 0.99659465497
565 0.996621897731
566 0.996649140491
568 0.996676383251
572 0.996703626011
573 0.996785354292
574 0.996812597052
575 0.996839839813
576 0.996867082573
577 0.996894325333
578 0.996921568093
580 0.996948810854
581 0.997003296374
582 0.997030539134
586 0.997057781894
587 0.997085024655
590 0.997112267415
596 0.997139510175
597 0.997166752935
598 0.997221238456
602 0.997248481216
604 0.997302966737
614 0.997357452257
615 0.997384695017
618 0.997411937778
620 0.997439180538
621 0.997493666058
623 0.997520908818
624 0.997575394339
626 0.997602637099
627 0.997629879859
628 0.99765712262
631 0.99768436538
639 0.99771160814
640 0.997793336421
642 0.997820579181
644 0.997847821941
647 0.997875064702
648 0.997902307462
649 0.997929550222
650 0.997984035743
651 0.998011278503
653 0.998038521263
656 0.998093006783
657 0.998120249544
658 0.998147492304
662 0.998174735064
663 0.998201977824
664 0.998229220585
665 0.998256463345
671 0.998283706105
674 0.998310948865
677 0.998338191626
681 0.998392677146
683 0.998419919906
688 0.998447162667
697 0.998474405427
698 0.998501648187
700 0.998528890947
708 0.998556133707
711 0.998583376468
716 0.998610619228
730 0.998637861988
735 0.998665104748
737 0.998692347509
738 0.998719590269
745 0.998746833029
750 0.99880131855
756 0.99885580407
762 0.99888304683
764 0.998910289591
778 0.998937532351
785 0.998964775111
788 0.998992017871
800 0.999046503392
808 0.999073746152
809 0.999100988912
814 0.999128231672
821 0.999155474433
825 0.999182717193
834 0.999209959953
841 0.999237202713
852 0.999264445474
853 0.999291688234
854 0.999318930994
858 0.999346173754
861 0.999373416515
871 0.999400659275
876 0.999427902035
880 0.999455144795
881 0.999509630316
885 0.999536873076
905 0.999564115836
908 0.999591358596
910 0.999618601357
947 0.999645844117
972 0.999673086877
991 0.999700329637
1064 0.999727572398
1082 0.999754815158
1083 0.999782057918
1096 0.999809300678
1184 0.999836543439
1297 0.999863786199
1342 0.999891028959
1382 0.999918271719
1418 0.99994551448
1625 0.99997275724
1779 1.0
