0 0
1 78
2 377
3 680
4 804
5 803
6 675
7 626
8 556
9 565
10 601
11 614
12 510
13 543
14 492
15 490
16 489
17 480
18 471
19 490
20 495
21 442
22 449
23 427
24 379
25 393
26 397
27 392
28 372
29 380
30 373
31 338
32 346
33 338
34 347
35 282
36 331
37 311
38 338
39 295
40 315
41 298
42 323
43 298
44 269
45 270
46 279
47 283
48 253
49 250
50 252
51 235
52 245
53 262
54 236
55 230
56 242
57 196
58 242
59 196
60 209
61 213
62 196
63 199
64 180
65 165
66 174
67 197
68 190
69 183
70 178
71 181
72 168
73 171
75 165
76 148
77 158
78 155
79 152
80 151
81 147
82 146
83 156
84 116
85 149
86 135
87 150
88 144
89 131
90 121
91 123
92 140
93 111
94 134
96 117
97 125
98 106
99 124
100 110
101 105
102 96
103 95
104 102
105 127
106 93
107 91
108 90
109 89
110 82
111 108
112 80
113 93
114 79
115 95
116 74
117 94
118 88
119 73
120 79
121 65
122 61
123 82
124 88
125 77
126 74
127 71
129 85
130 70
131 73
132 59
133 63
134 64
135 68
136 63
137 73
138 53
139 67
140 55
141 61
142 56
143 61
144 56
145 55
146 48
147 51
149 38
150 54
151 53
152 55
153 44
154 46
155 39
156 46
157 39
158 54
159 47
160 33
161 37
162 40
163 46
164 47
165 39
166 36
168 39
169 29
170 38
171 43
172 39
173 37
174 32
175 31
176 23
177 30
178 25
180 27
181 30
182 27
183 30
184 36
185 28
186 19
187 23
188 29
189 30
190 28
191 25
192 17
193 14
194 25
195 21
196 23
197 20
199 24
200 16
201 23
202 14
203 27
204 23
205 28
206 20
207 19
208 13
209 20
210 19
211 20
212 22
213 15
214 11
215 22
216 18
217 14
218 16
219 22
220 18
221 9
222 22
224 17
225 18
227 17
228 18
229 22
230 11
231 15
232 7
233 21
234 9
235 12
236 14
237 12
238 20
239 17
240 18
241 8
242 20
243 11
245 16
246 14
248 8
249 14
250 9
251 11
252 10
253 9
256 10
257 14
259 7
260 11
261 13
262 10
263 7
264 9
265 8
266 9
268 7
269 8
270 13
271 7
272 10
273 2
274 7
275 11
276 16
277 7
278 13
279 14
280 12
281 10
282 4
283 15
284 5
285 9
286 7
287 5
288 3
289 8
290 7
291 10
292 8
294 6
295 3
296 4
297 11
298 7
299 6
300 7
302 3
303 7
304 6
305 9
306 8
307 5
308 8
309 6
310 4
311 5
312 6
313 7
314 6
316 9
317 2
318 6
319 5
320 8
321 7
323 5
325 6
326 5
327 4
328 8
329 6
330 9
331 6
332 2
333 4
334 6
335 4
336 6
337 4
338 3
339 6
341 2
342 6
343 4
344 7
345 6
346 1
347 2
348 1
349 5
350 7
351 1
352 5
353 7
354 1
355 6
356 3
357 2
358 9
359 1
360 5
361 3
362 5
363 2
364 3
365 2
368 1
370 3
372 4
373 2
374 3
376 4
377 5
379 2
381 3
382 2
383 3
384 6
385 2
386 3
387 6
388 5
390 6
391 1
392 7
393 1
394 2
395 5
396 1
397 2
398 3
399 0
399 0
400 3
401 0
402 0
403 1
404 6
406 0
406 0
407 2
409 5
410 2
413 0
413 0
414 2
415 3
416 0
417 0
418 4
419 0
419 0
420 3
421 4
422 3
424 6
426 1
427 3
431 2
432 1
433 3
434 1
437 0
437 0
438 2
439 4
440 3
441 0
441 0
442 2
443 0
443 0
444 3
445 1
446 2
447 3
448 0
448 0
449 1
450 3
451 2
452 1
453 3
454 1
455 2
456 1
458 2
459 1
461 0
461 0
462 1
463 2
466 1
467 0
467 0
468 2
469 1
470 0
471 0
472 1
474 2
475 1
476 2
477 3
478 0
478 0
479 1
480 0
480 0
481 1
483 2
484 3
485 2
487 0
487 0
488 1
491 0
491 0
492 1
493 0
494 0
495 4
496 0
496 0
497 1
498 2
499 1
502 0
502 0
503 2
504 0
505 0
506 1
514 3
515 0
515 0
516 1
517 2
518 0
519 0
520 1
521 2
523 1
524 0
524 0
525 3
526 0
527 0
528 1
529 0
529 0
530 1
537 2
539 0
540 0
541 1
542 0
542 0
543 1
545 3
546 1
549 0
551 0
552 3
553 0
553 0
554 1
555 0
555 0
556 1
557 0
558 0
559 1
560 0
560 0
561 2
562 0
562 0
563 1
564 2
565 1
567 0
567 0
568 1
569 0
571 0
572 1
573 3
574 1
579 0
579 0
580 1
581 2
582 1
583 0
585 0
586 1
588 0
589 0
590 1
591 0
595 0
596 1
598 2
599 0
601 0
602 1
603 0
603 0
604 2
605 0
613 0
614 2
615 1
616 0
617 0
618 1
619 0
619 0
620 1
621 2
622 0
622 0
623 1
624 2
625 0
625 0
626 1
629 0
630 0
631 1
632 0
638 0
639 1
640 3
641 0
641 0
642 1
643 0
643 0
644 1
645 0
646 0
647 1
650 2
651 1
652 0
652 0
653 1
654 0
655 0
656 2
657 1
659 0
661 0
662 1
666 0
670 0
671 1
672 0
673 0
674 1
675 0
676 0
677 1
678 0
680 0
681 2
682 0
682 0
683 1
684 0
687 0
688 1
689 0
696 0
697 1
699 0
699 0
700 1
701 0
707 0
708 1
709 0
710 0
711 1
712 0
715 0
716 1
717 0
729 0
730 1
731 0
734 0
735 1
736 0
736 0
737 1
739 0
744 0
745 1
746 0
749 0
750 2
751 0
755 0
756 2
757 0
761 0
762 1
763 0
763 0
764 1
765 0
777 0
778 1
779 0
784 0
785 1
786 0
787 0
788 1
789 0
799 0
800 2
801 0
807 0
808 1
810 0
813 0
814 1
815 0
820 0
821 1
822 0
824 0
825 1
826 0
833 0
834 1
835 0
840 0
841 1
842 0
851 0
852 1
855 0
857 0
858 1
859 0
860 0
861 1
862 0
870 0
871 1
872 0
875 0
876 1
877 0
879 0
880 1
881 2
882 0
884 0
885 1
886 0
904 0
905 1
906 0
907 0
908 1
909 0
909 0
910 1
911 0
946 0
947 1
948 0
971 0
972 1
973 0
990 0
991 1
992 0
1063 0
1064 1
1065 0
1081 0
1082 1
1084 0
1095 0
1096 1
1097 0
1183 0
1184 1
1185 0
1296 0
1297 1
1298 0
1341 0
1342 1
1343 0
1381 0
1382 1
1383 0
1417 0
1418 1
1419 0
1624 0
1625 1
1626 0
1778 0
1779 1
