49 0
50 0.133544010679
51 0.192715285913
52 0.240063203204
53 0.282916065056
54 0.328929087095
55 0.375895605743
56 0.427248208789
57 0.481379573378
58 0.540142207208
59 0.603018497834
60 0.663143269676
61 0.720870678617
62 0.77075217261
63 0.81450404555
64 0.849783420056
65 0.878415561065
66 0.900645653418
67 0.91933418694
68 0.933745607105
69 0.946903860299
70 0.956384340861
71 0.96428474133
72 0.970387119623
73 0.975590486828
74 0.979349987741
75 0.982019778244
76 0.984280927344
77 0.98621516332
78 0.987468330291
79 0.989130138666
80 0.990574004958
81 0.992126842292
82 0.992998610619
83 0.994360748631
84 0.995341488
85 0.995913585965
86 0.996403955649
87 0.996867082573
88 0.997439180538
89 0.99768436538
90 0.997875064702
91 0.998229220585
92 0.998447162667
93 0.998719590269
94 0.999046503392
95 0.999237202713
96 0.999536873076
97 0.999700329637
98 0.999918271719
100 0.99997275724
102 1.0
