2 0.0756859035005
3 0.131504257332
4 0.175023651845
5 0.217596972564
6 0.259224219489
7 0.303689687796
8 0.338694418165
9 0.378429517502
10 0.406811731315
11 0.438032166509
12 0.457899716178
13 0.479659413434
14 0.505203405866
15 0.526017029328
16 0.542100283822
17 0.564806054872
18 0.582781456954
19 0.594134342479
20 0.616840113529
21 0.636707663198
22 0.651844843898
23 0.664143803217
24 0.677388836329
25 0.689687795648
26 0.702932828761
27 0.714285714286
28 0.723746452223
29 0.731315042573
30 0.739829706717
31 0.744560075686
32 0.754966887417
33 0.763481551561
34 0.771050141911
35 0.778618732261
36 0.785241248817
37 0.79091769158
38 0.799432355724
39 0.807947019868
40 0.811731315043
41 0.820245979186
42 0.823084200568
43 0.826868495743
44 0.83632923368
45 0.840113528855
46 0.842951750237
47 0.847682119205
48 0.852412488174
49 0.857142857143
50 0.860927152318
51 0.865657521287
52 0.868495742668
53 0.877010406812
54 0.886471144749
55 0.894039735099
56 0.899716177862
57 0.903500473037
58 0.904446546831
59 0.907284768212
60 0.908230842006
61 0.914853358562
62 0.917691579943
63 0.921475875118
64 0.923368022706
65 0.9243140965
66 0.928098391675
67 0.930936613056
68 0.933774834437
69 0.934720908231
70 0.935666982025
71 0.937559129612
72 0.938505203406
73 0.941343424787
74 0.942289498581
76 0.945127719962
77 0.948912015137
78 0.950804162725
79 0.951750236518
81 0.953642384106
82 0.955534531693
83 0.958372753075
84 0.959318826868
85 0.961210974456
86 0.96215704825
89 0.963103122044
90 0.965941343425
91 0.967833491012
92 0.968779564806
93 0.970671712394
94 0.972563859981
97 0.973509933775
98 0.974456007569
102 0.975402081362
104 0.976348155156
113 0.97729422895
119 0.978240302744
124 0.979186376537
129 0.980132450331
133 0.981078524125
136 0.982024597919
138 0.982970671712
142 0.983916745506
151 0.9848628193
167 0.985808893094
169 0.987701040681
181 0.988647114475
201 0.989593188269
203 0.990539262062
223 0.991485335856
235 0.99243140965
255 0.993377483444
348 0.994323557237
353 0.995269631031
362 0.996215704825
497 0.997161778619
527 0.998107852412
1167 1.0
