0 0
1 23
2 57
3 59
4 46
5 45
6 44
7 47
8 37
9 42
10 30
11 33
12 21
13 23
14 27
15 22
16 17
17 24
18 19
19 12
20 24
21 21
22 16
23 13
24 14
25 13
26 14
27 12
28 10
29 8
30 9
31 5
32 11
33 9
34 8
36 7
37 6
38 9
40 4
41 9
42 3
43 4
44 10
45 4
46 3
47 5
50 4
51 5
52 3
53 9
54 10
55 8
56 6
57 4
58 1
59 3
60 1
61 7
62 3
63 4
64 2
65 1
66 4
67 3
69 1
71 2
72 1
73 3
74 1
75 0
75 0
76 3
77 4
78 2
79 1
80 0
80 0
81 2
83 3
84 1
85 2
86 1
87 0
88 0
89 1
90 3
91 2
92 1
93 2
95 0
96 0
97 1
99 0
101 0
102 1
103 0
103 0
104 1
105 0
112 0
113 1
114 0
118 0
119 1
120 0
123 0
124 1
125 0
128 0
129 1
130 0
132 0
133 1
134 0
135 0
136 1
137 0
137 0
138 1
139 0
141 0
142 1
143 0
150 0
151 1
152 0
166 0
167 1
168 0
168 0
169 2
170 0
180 0
181 1
182 0
200 0
201 1
202 0
202 0
203 1
204 0
222 0
223 1
224 0
234 0
235 1
236 0
254 0
255 1
256 0
347 0
348 1
349 0
352 0
353 1
354 0
361 0
362 1
363 0
496 0
497 1
498 0
526 0
527 1
528 0
1166 0
1167 2
