6 0.000244992956453
7 0.000551234152018
8 0.000857475347584
9 0.00171495069517
10 0.0037361425859
11 0.00624732038954
12 0.0104734488883
13 0.0165370245605
14 0.0242543026888
15 0.0324003184908
16 0.0423837814663
17 0.0513260243768
18 0.0603295155264
19 0.0678630489373
20 0.0731916457402
21 0.0784589943039
22 0.0826238745636
23 0.085563790041
24 0.0876462301709
25 0.0894224291052
26 0.0911986280394
27 0.093097323452
28 0.0944447847124
29 0.0966497213205
30 0.0994671403197
31 0.10222331108
32 0.104366999449
33 0.107551907883
34 0.110246830404
35 0.11324799412
36 0.116249157837
37 0.119372818031
38 0.122802719422
39 0.124946407791
40 0.127886323268
41 0.130826238746
42 0.133337416549
43 0.137073559135
44 0.141054694678
45 0.144423347829
46 0.148098242176
47 0.152079377718
48 0.156856740369
49 0.162001592454
50 0.165798983279
51 0.169596374104
52 0.172842530777
53 0.176394928646
54 0.179334844123
55 0.182581000796
56 0.1850921786
57 0.187909597599
58 0.190237030685
59 0.193789428554
60 0.195871868684
61 0.198138053531
62 0.200649231335
63 0.202854167943
64 0.205181601029
65 0.208305261224
66 0.211367673179
67 0.214613829852
68 0.21755374533
69 0.221106143198
70 0.224658541067
71 0.228149690696
72 0.231763336804
73 0.234397011086
74 0.238133153672
75 0.241501806823
76 0.24450297054
77 0.247320389539
78 0.250566546212
79 0.252526489863
80 0.255098915906
81 0.257181356036
82 0.260243767992
83 0.262632449317
84 0.265021130642
85 0.267593556685
86 0.270472223924
87 0.273105898205
88 0.275800820726
89 0.279536963312
90 0.281986892877
91 0.284314325963
92 0.287009248484
93 0.28933668157
94 0.291909107613
95 0.29417529246
96 0.296502725547
97 0.29901390335
98 0.302076315306
99 0.305016230783
100 0.307956146261
101 0.311079806456
102 0.313223494825
103 0.315183438476
104 0.317633368041
105 0.319715808171
106 0.321981993018
107 0.324003184908
108 0.326514362712
109 0.328474306364
110 0.330862987689
111 0.33288417958
112 0.335211612666
113 0.337477797513
114 0.340417712991
115 0.342745146077
116 0.344766337968
117 0.347461260489
118 0.349482452379
119 0.351381147792
120 0.354198566791
121 0.355974765725
122 0.35909842592
123 0.361364610767
124 0.36326330618
125 0.365100753353
126 0.367611931157
127 0.369755619526
128 0.371838059656
129 0.373675506829
130 0.375880443437
131 0.378330373002
132 0.37980033074
133 0.381576529675
134 0.383658969805
135 0.385802658174
136 0.387578857108
137 0.389355056042
138 0.391376247933
139 0.393336191584
140 0.395908617627
141 0.398113554235
142 0.400440987322
143 0.402523427451
144 0.405034605255
145 0.40674955595
146 0.40883199608
147 0.410485698536
148 0.412200649231
149 0.413915599927
150 0.416365529491
151 0.418141728425
152 0.420714154468
153 0.422245360446
154 0.424572793532
155 0.426716481901
156 0.429227659705
157 0.430697617443
158 0.432412568139
159 0.434311263551
160 0.436577448398
161 0.438843633246
162 0.440742328658
163 0.442334782875
164 0.444539719483
165 0.446254670178
166 0.448030869113
167 0.449378330373
168 0.450419550438
169 0.452624487046
170 0.454461934219
171 0.455625650763
172 0.457279353219
173 0.459055552153
174 0.460892999326
175 0.461934219391
176 0.462914191217
177 0.464567893673
178 0.466466589086
179 0.468549029215
180 0.469896490476
181 0.471550192932
182 0.473020150671
183 0.474612604888
184 0.476082562626
185 0.477491272126
186 0.479328719299
187 0.480921173516
188 0.482391131255
189 0.483799840755
190 0.485269798493
191 0.486923500949
192 0.488822196362
193 0.490965884731
194 0.492558338948
195 0.493905800208
196 0.495253261469
197 0.496294481534
198 0.49794818399
199 0.499601886446
200 0.500398113554
201 0.501745574815
202 0.503521773749
203 0.505175476205
204 0.506461689226
205 0.507809150487
206 0.509769094139
207 0.51172903779
208 0.513321492007
209 0.514730201507
210 0.516261407485
211 0.517363875789
212 0.519140074723
213 0.520977521896
214 0.5220799902
215 0.5234886997
216 0.524897409199
217 0.526061125743
218 0.527959821155
219 0.529307282416
220 0.530960984872
221 0.532614687328
222 0.534084645066
223 0.53518711337
224 0.536657071109
225 0.538310773565
226 0.54002572426
227 0.541311937282
228 0.542414405586
229 0.544374349237
230 0.545354321063
231 0.546640534085
232 0.547743002389
233 0.549090463649
234 0.550927910823
235 0.552214123844
236 0.553255343909
237 0.55454155693
238 0.556256507625
239 0.557481472408
240 0.558461444233
241 0.559686409016
242 0.56078887732
243 0.561646352667
244 0.56287131745
245 0.564280026949
246 0.566056225884
247 0.567219942427
248 0.568996141361
249 0.569792368469
250 0.570956085013
251 0.572119801556
252 0.572977276903
253 0.574263489925
254 0.575427206468
255 0.576284681815
256 0.577509646598
257 0.57873461138
258 0.579775831445
259 0.580878299749
260 0.582348257488
261 0.583940711705
262 0.585226924726
263 0.586513137747
264 0.587064371899
265 0.588044343725
266 0.589453053225
267 0.59049427329
268 0.592147975746
269 0.593372940528
270 0.594536657071
271 0.595884118332
272 0.596986586636
273 0.598027806701
274 0.599069026765
275 0.600232743309
276 0.601212715134
277 0.60286641759
278 0.603723892938
279 0.605316347155
280 0.606480063698
281 0.607827524959
282 0.608929993263
283 0.610338702762
284 0.611379922827
285 0.611931156979
286 0.613462362957
287 0.614013597109
288 0.615238561891
289 0.616892264347
290 0.617627243217
291 0.618668463282
292 0.620015924542
293 0.621240889324
294 0.622098364672
295 0.623078336498
296 0.624487045997
297 0.625160776628
298 0.625895755497
299 0.627120720279
300 0.628529429779
301 0.629386905126
302 0.630428125191
303 0.630979359343
304 0.632143075887
305 0.633184295951
306 0.63398052306
307 0.635021743125
308 0.636307956146
309 0.637349176211
310 0.638635389233
311 0.640105346971
312 0.641024070558
313 0.641881545906
314 0.64292276597
315 0.643718993079
316 0.644760213144
317 0.64574018497
318 0.646475163839
319 0.647026397991
320 0.648190114534
321 0.649231334599
322 0.65057879586
323 0.651620015925
324 0.652477491272
325 0.653212470141
326 0.654192441967
327 0.655294910271
328 0.655968640902
329 0.65676486801
330 0.65743859864
331 0.658296073988
332 0.65884730814
333 0.659643535248
334 0.661113492987
335 0.662093464813
336 0.66295094016
337 0.663563422552
338 0.664604642617
339 0.665217125008
340 0.665890855638
341 0.666258345073
342 0.667238316898
343 0.668095792246
344 0.669382005267
345 0.669933239419
346 0.670790714767
347 0.671464445397
348 0.672505665462
349 0.673118147853
350 0.674343112636
351 0.674955595027
352 0.675935566852
353 0.676609297483
354 0.677589269309
355 0.678140503461
356 0.679365468243
357 0.680284191829
358 0.681080418938
359 0.681937894286
360 0.682550376677
361 0.683285355546
362 0.684449072089
363 0.685184050959
364 0.685612788632
365 0.686837753415
366 0.68781772524
367 0.688613952349
368 0.689777668892
369 0.691125130153
370 0.692411343174
371 0.693391315
372 0.693881300913
373 0.695106265695
374 0.695963741042
375 0.696637471673
376 0.697311202303
377 0.698168677651
378 0.698781160042
379 0.699454890672
380 0.700496110737
381 0.701353586084
382 0.702088564954
383 0.702884792062
384 0.703558522692
385 0.704354749801
386 0.705395969866
387 0.706069700496
388 0.707110920561
389 0.708152140626
390 0.709132112452
391 0.710050836038
392 0.710847063147
393 0.711765786734
394 0.71268451032
395 0.71341948919
396 0.714215716298
397 0.715073191646
398 0.715685674037
399 0.716359404667
400 0.716971887058
401 0.717768114167
402 0.718625589514
403 0.719360568384
404 0.720463036688
405 0.721136767318
406 0.721749249709
407 0.722239235622
408 0.72303546273
409 0.723647945122
410 0.724505420469
411 0.725485392295
412 0.726587860599
413 0.727384087707
414 0.727690328903
415 0.728915293685
416 0.729772769033
417 0.730875237337
418 0.73136522325
419 0.732100202119
420 0.733325166901
421 0.733815152814
422 0.734611379923
423 0.73553010351
424 0.736510075335
425 0.737061309487
426 0.737490047161
427 0.738163777791
428 0.738715011943
429 0.739327494335
430 0.739817480247
431 0.74104244503
432 0.741409934464
433 0.742206161573
434 0.743186133399
435 0.744043608746
436 0.74447234642
437 0.74514607705
438 0.74588105592
439 0.746493538311
440 0.746922275985
441 0.74722851718
442 0.747779751332
443 0.748269737245
444 0.748759723158
445 0.749739694984
446 0.750535922092
447 0.751270900962
448 0.752373369266
449 0.753108348135
450 0.754210816439
451 0.754762050591
452 0.755129540026
453 0.7555582777
454 0.756415753047
455 0.756783242482
456 0.757334476634
457 0.758130703742
458 0.758681937894
459 0.759233172046
460 0.759845654437
461 0.760641881546
462 0.761009370981
463 0.761989342806
464 0.76309181111
465 0.763581797023
466 0.763765541741
467 0.764316775893
468 0.764868010045
469 0.765357995958
470 0.76590923011
471 0.766521712501
472 0.767562932566
473 0.768236663196
474 0.768542904391
475 0.769094138544
476 0.769767869174
477 0.770441599804
478 0.771176578673
479 0.771850309304
480 0.772524039934
481 0.773075274086
482 0.773749004716
483 0.77417774239
484 0.774606480064
485 0.775035217737
486 0.775831444846
487 0.776382678998
488 0.776688920194
489 0.777240154346
490 0.777423899063
491 0.777730140258
492 0.77828137441
493 0.778587615606
494 0.779322594475
495 0.779873828627
496 0.78036381454
497 0.780915048692
498 0.781221289888
499 0.781833772279
500 0.782323758192
501 0.782752495866
502 0.783058737061
503 0.783793715931
504 0.784406198322
505 0.785079928952
506 0.785324921908
507 0.7859374043
508 0.786243645495
509 0.786978624365
510 0.787591106756
511 0.788264837386
512 0.788816071538
513 0.790102284559
514 0.790469773994
515 0.791021008146
516 0.791510994059
517 0.791817235254
518 0.79212347645
519 0.792490965885
520 0.793164696515
521 0.79353218595
522 0.794328413058
523 0.795124640167
524 0.795430881362
525 0.796104611992
526 0.79628835671
527 0.79696208734
528 0.79763581797
529 0.798064555644
530 0.798615789796
531 0.798983279231
532 0.799534513383
533 0.800146995774
534 0.800636981687
535 0.8011269676
536 0.801433208795
537 0.801984442947
538 0.802413180621
539 0.802719421817
540 0.803515648925
541 0.804495620751
542 0.804679365468
543 0.805108103142
544 0.805536840816
545 0.805904330251
546 0.806455564403
547 0.806761805598
548 0.807251791511
549 0.807680529185
550 0.808109266859
551 0.808599252771
552 0.808905493967
553 0.809456728119
554 0.809885465793
555 0.810191706988
556 0.810926685858
557 0.811355423532
558 0.811600416488
559 0.811967905923
560 0.812519140075
561 0.812947877749
562 0.813621608379
563 0.814417835487
564 0.814969069639
565 0.815704048509
566 0.815887793226
567 0.816377779139
568 0.816867765052
569 0.817112758008
570 0.817541495682
571 0.817908985117
572 0.818153978073
573 0.818276474551
574 0.81907270166
575 0.819440191095
576 0.819623935812
577 0.819930177007
578 0.820481411159
579 0.820910148833
580 0.821216390029
581 0.821706375942
582 0.821767624181
583 0.822135113615
584 0.822563851289
585 0.822686347768
586 0.823115085441
587 0.823482574876
588 0.824156305506
589 0.824462546702
590 0.824768787897
591 0.82525877381
592 0.825442518528
593 0.825871256201
594 0.826361242114
595 0.82666748331
596 0.826851228027
597 0.827218717462
598 0.827708703375
599 0.828259937527
600 0.828933668157
601 0.829362405831
602 0.829913639983
603 0.830219881178
604 0.830587370613
605 0.831138604765
606 0.831873583634
607 0.83217982483
608 0.832486066026
609 0.832731058982
610 0.833037300178
611 0.83358853433
612 0.83426226496
613 0.834507257916
614 0.834629754395
615 0.834874747351
616 0.835242236786
617 0.835732222699
618 0.835977215655
619 0.836467201568
620 0.836773442764
621 0.83701843572
622 0.837508421633
623 0.837814662828
624 0.837937159307
625 0.83842714522
626 0.838855882893
627 0.839529613524
628 0.840203344154
629 0.840632081828
630 0.840999571262
631 0.841305812458
632 0.841612053653
633 0.842102039566
634 0.842285784284
635 0.842347032523
636 0.842469529001
637 0.843020763153
638 0.843510749066
639 0.843816990262
640 0.844184479696
641 0.844735713848
642 0.845164451522
643 0.845348196239
644 0.845654437435
645 0.846205671587
646 0.846634409261
647 0.846879402217
648 0.847246891652
649 0.847798125804
650 0.848104366999
651 0.848533104673
652 0.848961842347
653 0.849513076499
654 0.850003062412
655 0.850431800086
656 0.851044282477
657 0.851411771912
658 0.851840509585
659 0.852085502542
660 0.852452991976
661 0.852820481411
662 0.853126722607
663 0.853555460281
664 0.853800453237
665 0.854045446193
666 0.854474183867
667 0.854780425063
668 0.855086666258
669 0.855576652171
670 0.855882893367
671 0.856005389845
672 0.856434127519
673 0.856740368714
674 0.857107858149
675 0.857475347584
676 0.857904085258
677 0.858271574692
678 0.858639064127
679 0.859006553562
680 0.859251546518
681 0.859680284192
682 0.85980278067
683 0.860047773627
684 0.860415263061
685 0.860599007779
686 0.860782752496
687 0.861150241931
688 0.861517731365
689 0.861701476083
690 0.862252710235
691 0.862497703191
692 0.862865192626
693 0.863355178539
694 0.863661419734
695 0.864090157408
696 0.864457646843
697 0.864763888038
698 0.864947632756
699 0.865376370429
700 0.865927604581
701 0.866111349299
702 0.866417590494
703 0.866601335212
704 0.867030072885
705 0.867581307037
706 0.867765051755
707 0.867948796472
708 0.868255037668
709 0.868561278863
710 0.868990016537
711 0.869112513015
712 0.869357505972
713 0.869602498928
714 0.869847491885
715 0.869969988363
716 0.870092484841
717 0.870521222515
718 0.87082746371
719 0.871072456667
720 0.871439946102
721 0.871623690819
722 0.871991180254
723 0.872052428493
724 0.872297421449
725 0.872481166166
726 0.872848655601
727 0.873032400318
728 0.873216145036
729 0.873399889753
730 0.873767379188
731 0.873828627427
732 0.874012372144
733 0.87431861334
734 0.874747351014
735 0.87499234397
736 0.875114840448
737 0.875421081644
738 0.8756660746
739 0.875727322839
740 0.876278556991
741 0.876523549948
742 0.876768542904
743 0.877136032339
744 0.877381025296
745 0.87774851473
746 0.878054755926
747 0.878238500643
748 0.8784834936
749 0.878728486556
750 0.878912231273
751 0.879340968947
753 0.879524713664
754 0.879708458382
755 0.880014699577
756 0.880627181969
757 0.880994671403
758 0.881178416121
759 0.881668402033
760 0.881790898512
761 0.882035891468
762 0.882097139707
763 0.882342132664
764 0.882403380903
765 0.88258712562
766 0.882832118577
767 0.883077111533
768 0.883383352729
769 0.883689593924
770 0.883934586881
772 0.884179579837
773 0.88466956575
774 0.88534329638
775 0.885465792858
776 0.885710785815
777 0.885955778771
778 0.88607827525
779 0.886445764684
780 0.886874502358
781 0.886935750597
782 0.887180743554
783 0.887241991793
784 0.887670729467
785 0.887976970662
786 0.88809946714
788 0.888221963619
789 0.888589453053
790 0.88883444601
791 0.889018190727
792 0.889201935444
793 0.889630673118
794 0.889875666075
795 0.889936914314
796 0.890243155509
797 0.890304403748
798 0.890610644944
799 0.890794389661
800 0.891039382618
801 0.891161879096
802 0.891223127335
803 0.891651865009
804 0.892080602683
805 0.892386843878
806 0.892815581552
807 0.893060574508
808 0.893428063943
809 0.893489312182
810 0.893550560421
811 0.893795553378
812 0.893979298095
813 0.894040546334
814 0.894224291052
815 0.894408035769
817 0.894530532247
818 0.894591780486
819 0.894653028725
820 0.894836773443
821 0.895143014638
822 0.89569424879
823 0.895877993508
824 0.896000489986
825 0.896061738225
826 0.896367979421
827 0.896796717094
828 0.896919213573
829 0.897164206529
830 0.897286703007
831 0.897654192442
832 0.89777668892
833 0.898144178355
834 0.898327923072
835 0.89851166779
836 0.898634164268
837 0.898817908985
838 0.898940405463
839 0.899124150181
840 0.899430391376
841 0.899552887854
842 0.899675384333
843 0.89985912905
844 0.900226618485
845 0.900410363202
846 0.900594107919
847 0.900777852637
848 0.901084093832
849 0.901512831506
851 0.901696576223
852 0.90194156918
853 0.902002817419
854 0.902309058615
856 0.902370306854
857 0.90261529981
858 0.902982789245
859 0.90328903044
860 0.903411526919
861 0.903717768114
862 0.903901512832
863 0.903962761071
864 0.904085257549
865 0.904330250505
866 0.904391498744
867 0.90469773994
868 0.904942732896
869 0.905187725853
871 0.905310222331
872 0.905493967048
873 0.905616463527
874 0.90610644944
875 0.906290194157
876 0.906351442396
877 0.906535187113
878 0.90678018007
879 0.906841428309
880 0.907270165983
881 0.907392662461
882 0.9074539107
883 0.907515158939
884 0.907821400135
886 0.90812764133
887 0.908250137809
888 0.908433882526
889 0.908556379004
890 0.908678875482
891 0.909107613156
892 0.909352606113
893 0.90953635083
894 0.909720095547
895 0.909842592025
896 0.910087584982
897 0.910455074417
898 0.910761315612
899 0.911006308569
900 0.911435046242
901 0.911741287438
902 0.911802535677
903 0.912108776873
904 0.912353769829
905 0.912537514546
906 0.912660011025
907 0.912782507503
908 0.912843755742
909 0.91296625222
910 0.913149996938
911 0.913517486372
912 0.913578734611
913 0.91363998285
914 0.913946224046
915 0.914007472285
916 0.914129968763
917 0.91437496172
919 0.914497458198
920 0.914619954676
921 0.914742451155
922 0.914987444111
923 0.915109940589
924 0.915232437067
925 0.915354933546
926 0.915538678263
927 0.915661174741
928 0.915844919459
929 0.915906167698
930 0.916151160654
931 0.916212408893
932 0.916334905371
933 0.91645740185
934 0.916824891284
935 0.916947387763
936 0.917253628958
937 0.917314877197
938 0.917621118393
940 0.917743614871
941 0.91780486311
942 0.917927359588
943 0.918049856067
944 0.918294849023
945 0.918417345501
947 0.91853984198
948 0.918662338458
950 0.918723586697
952 0.918846083175
953 0.919029827892
954 0.91921357261
955 0.919274820849
957 0.919458565566
958 0.919581062044
959 0.919703558523
960 0.919826055001
961 0.91988730324
962 0.919948551479
963 0.920254792675
965 0.920316040914
966 0.92056103387
967 0.920622282109
968 0.920806026827
969 0.921112268022
970 0.921173516261
971 0.92129601274
972 0.921357260979
973 0.921602253935
974 0.921724750413
975 0.921785998653
976 0.922092239848
977 0.922153488087
978 0.922275984565
979 0.922459729283
980 0.922704722239
981 0.922827218717
982 0.922888466957
983 0.922949715196
984 0.923133459913
985 0.923255956391
986 0.92331720463
987 0.923500949348
989 0.923623445826
990 0.923684694065
991 0.923745942304
992 0.923807190543
993 0.923990935261
994 0.924174679978
995 0.924235928217
996 0.924419672934
997 0.92472591413
998 0.924848410608
999 0.925032155326
1000 0.925154651804
1001 0.925277148282
1002 0.925460892999
1003 0.925522141238
1004 0.925583389478
1005 0.925705885956
1006 0.925828382434
1007 0.925950878912
1008 0.926012127151
1009 0.926257120108
1010 0.926440864825
1011 0.926563361303
1012 0.92680835426
1013 0.926930850738
1014 0.927114595455
1015 0.927298340173
1016 0.92748208489
1017 0.927543333129
1018 0.927604581368
1020 0.927727077847
1021 0.928033319042
1022 0.928094567281
1024 0.92815581552
1025 0.928339560238
1026 0.928523304955
1027 0.928584553194
1028 0.928768297911
1029 0.929013290868
1030 0.929258283824
1031 0.929442028542
1032 0.92956452502
1033 0.929809517976
1034 0.930054510933
1035 0.93023825565
1037 0.930422000367
1040 0.930605745085
1042 0.930850738041
1043 0.931034482759
1045 0.931218227476
1046 0.931279475715
1047 0.931524468672
1048 0.93164696515
1049 0.931708213389
1050 0.931769461628
1051 0.932014454584
1052 0.932075702824
1053 0.932259447541
1054 0.932381944019
1056 0.932443192258
1058 0.932504440497
1059 0.932688185215
1060 0.933055674649
1062 0.933423164084
1064 0.933606908801
1065 0.93366815704
1070 0.93372940528
1071 0.933851901758
1072 0.933974398236
1073 0.934158142953
1074 0.934464384149
1075 0.934709377105
1076 0.934831873584
1077 0.935015618301
1078 0.935138114779
1079 0.935260611257
1081 0.935505604214
1082 0.935628100692
1083 0.935689348931
1084 0.935811845409
1085 0.935873093649
1086 0.936118086605
1087 0.936179334844
1088 0.936363079561
1089 0.936546824279
1090 0.936608072518
1091 0.936669320757
1092 0.936791817235
1093 0.936853065474
1096 0.936914313713
1097 0.936975561953
1098 0.937036810192
1099 0.93715930667
1102 0.937220554909
1103 0.937281803148
1104 0.937404299626
1106 0.937710540822
1107 0.937771789061
1108 0.9378330373
1110 0.937955533778
1111 0.938016782018
1112 0.938139278496
1113 0.938261774974
1114 0.938445519691
1115 0.93850676793
1116 0.93856801617
1117 0.938690512648
1118 0.938813009126
1119 0.938996753843
1120 0.939119250322
1121 0.939180498561
1122 0.939364243278
1123 0.939425491517
1124 0.939486739756
1125 0.939547987995
1126 0.939670484474
1127 0.93991547743
1128 0.939976725669
1129 0.940099222147
1130 0.940160470386
1131 0.940221718626
1132 0.940344215104
1133 0.940405463343
1134 0.940466711582
1135 0.94058920806
1137 0.940711704538
1138 0.940772952778
1139 0.940834201017
1140 0.941017945734
1141 0.941201690451
1142 0.941262938691
1143 0.94132418693
1144 0.941691676364
1145 0.941875421082
1146 0.94199791756
1148 0.942120414038
1149 0.942242910516
1150 0.942365406995
1151 0.942426655234
1152 0.942487903473
1153 0.942549151712
1154 0.942794144668
1155 0.943039137625
1156 0.943284130581
1157 0.943406627059
1158 0.943590371777
1160 0.943651620016
1161 0.943835364733
1162 0.943957861211
1163 0.944019109451
1164 0.944141605929
1165 0.944202854168
1166 0.944264102407
1167 0.944386598885
1168 0.944447847124
1169 0.944509095364
1171 0.944570343603
1172 0.944815336559
1173 0.944937833037
1175 0.944999081276
1176 0.945121577755
1177 0.945244074233
1178 0.945366570711
1179 0.945489067189
1180 0.945550315428
1181 0.945611563668
1182 0.945672811907
1184 0.945795308385
1185 0.945856556624
1186 0.945917804863
1187 0.94610154958
1188 0.94616279782
1189 0.946224046059
1190 0.946285294298
1191 0.946346542537
1192 0.946469039015
1194 0.946530287254
1195 0.946591535493
1196 0.946652783732
1198 0.946714031972
1199 0.946775280211
1200 0.94683652845
1201 0.946959024928
1202 0.947020273167
1203 0.947142769645
1205 0.947204017884
1206 0.947265266124
1207 0.947387762602
1208 0.947449010841
1209 0.94751025908
1211 0.947571507319
1213 0.947632755558
1215 0.947755252037
1218 0.947877748515
1220 0.947938996754
1221 0.948061493232
1222 0.948122741471
1227 0.948245237949
1228 0.948306486189
1229 0.948428982667
1233 0.948490230906
1234 0.948551479145
1235 0.948612727384
1236 0.948735223862
1237 0.948796472101
1238 0.948857720341
1243 0.948980216819
1244 0.949041465058
1245 0.949163961536
1246 0.949286458014
1247 0.949347706253
1248 0.949470202732
1249 0.949531450971
1250 0.949715195688
1254 0.949776443927
1255 0.949898940405
1256 0.949960188645
1258 0.950082685123
1261 0.950143933362
1262 0.95026642984
1263 0.950327678079
1264 0.950388926318
1265 0.950450174557
1268 0.950511422797
1269 0.950633919275
1271 0.950695167514
1272 0.950756415753
1274 0.950878912231
1275 0.95094016047
1276 0.951001408709
1277 0.951062656949
1278 0.951123905188
1279 0.951185153427
1280 0.951246401666
1281 0.951368898144
1282 0.951491394622
1285 0.951552642862
1287 0.95167513934
1288 0.951797635818
1292 0.952103877014
1293 0.952226373492
1294 0.952410118209
1295 0.952593862926
1296 0.952655111166
1297 0.952716359405
1300 0.952900104122
1301 0.9530226006
1306 0.953145097078
1307 0.953267593557
1308 0.953390090035
1309 0.953451338274
1312 0.953512586513
1314 0.95369633123
1316 0.953818827709
1317 0.953941324187
1319 0.954002572426
1320 0.954063820665
1321 0.954125068904
1322 0.954308813622
1323 0.954370061861
1324 0.954492558339
1326 0.954676303056
1327 0.954798799535
1328 0.954860047774
1332 0.954921296013
1334 0.954982544252
1335 0.955166288969
1339 0.955227537208
1340 0.955288785447
1341 0.955350033687
1343 0.955595026643
1344 0.955656274882
1346 0.955717523121
1347 0.95577877136
1348 0.955840019599
1351 0.955901267839
1352 0.956023764317
1355 0.956085012556
1356 0.956146260795
1358 0.956330005512
1359 0.956391253751
1361 0.956452501991
1365 0.956574998469
1366 0.956636246708
1367 0.956697494947
1370 0.956758743186
1371 0.956819991425
1372 0.956942487903
1373 0.95718748086
1375 0.957309977338
1377 0.957371225577
1378 0.957432473816
1379 0.957554970295
1381 0.957616218534
1383 0.957799963251
1386 0.957922459729
1388 0.958106204447
1389 0.958167452686
1391 0.958228700925
1392 0.958289949164
1393 0.958351197403
1395 0.958473693881
1397 0.95859619036
1398 0.958779935077
1400 0.958841183316
1402 0.958963679794
1405 0.959024928033
1407 0.959086176272
1408 0.95926992099
1409 0.959331169229
1410 0.959392417468
1411 0.959514913946
1412 0.959576162185
1413 0.959637410424
1416 0.959698658664
1417 0.959759906903
1419 0.959821155142
1420 0.959882403381
1422 0.95994365162
1423 0.960004899859
1427 0.960066148098
1428 0.960127396337
1430 0.960188644576
1433 0.960311141055
1434 0.960372389294
1437 0.960556134011
1443 0.96061738225
1450 0.960739878728
1452 0.960862375207
1453 0.960984871685
1455 0.961046119924
1457 0.961107368163
1458 0.961168616402
1459 0.961291112881
1460 0.961413609359
1466 0.961536105837
1467 0.961597354076
1470 0.961658602315
1471 0.961719850554
1472 0.961781098793
1476 0.961842347033
1477 0.961964843511
1478 0.96202609175
1480 0.962148588228
1483 0.962209836467
1484 0.962332332945
1485 0.962454829424
1486 0.962516077663
1490 0.962577325902
1491 0.962638574141
1492 0.96269982238
1493 0.962761070619
1496 0.962822318858
1497 0.962883567097
1499 0.962944815337
1502 0.963128560054
1505 0.963189808293
1506 0.963251056532
1507 0.96337355301
1509 0.963557297728
1510 0.963618545967
1512 0.963679794206
1513 0.963741042445
1516 0.963802290684
1519 0.963924787162
1521 0.964047283641
1522 0.964169780119
1523 0.964231028358
1524 0.964292276597
1526 0.964476021314
1527 0.964537269554
1532 0.964598517793
1533 0.964659766032
1534 0.964721014271
1535 0.96478226251
1540 0.964843510749
1542 0.964966007227
1543 0.965027255466
1546 0.965088503706
1555 0.965211000184
1556 0.965272248423
1557 0.965333496662
1558 0.965394744901
1559 0.96545599314
1560 0.965517241379
1562 0.965578489618
1564 0.965639737858
1569 0.965762234336
1571 0.965945979053
1572 0.966007227292
1575 0.966068475531
1579 0.96612972377
1580 0.966313468488
1582 0.966374716727
1584 0.966497213205
1585 0.966619709683
1589 0.966680957922
1590 0.966742206162
1591 0.96686470264
1592 0.966925950879
1595 0.966987199118
1596 0.967048447357
1599 0.967109695596
1600 0.967232192074
1601 0.967293440314
1603 0.967477185031
1604 0.96753843327
1606 0.967599681509
1613 0.967722177987
1614 0.967905922705
1621 0.967967170944
1625 0.968028419183
1626 0.968150915661
1630 0.9682121639
1634 0.968334660379
1635 0.968395908618
1642 0.968457156857
1646 0.968579653335
1648 0.968640901574
1650 0.968702149813
1653 0.968763398052
1654 0.968824646291
1657 0.96894714277
1660 0.969008391009
1661 0.969069639248
1662 0.969130887487
1664 0.969192135726
1671 0.969253383965
1672 0.969314632204
1674 0.969375880443
1678 0.969498376922
1679 0.969559625161
1681 0.9696208734
1684 0.969682121639
1685 0.969743369878
1693 0.969804618117
1695 0.969865866356
1697 0.969988362835
1698 0.970049611074
1699 0.970110859313
1700 0.970172107552
1701 0.97029460403
1706 0.970355852269
1708 0.970478348747
1709 0.970539596987
1711 0.970600845226
1712 0.970662093465
1719 0.970723341704
1721 0.970784589943
1725 0.970845838182
1727 0.970907086421
1728 0.97096833466
1732 0.971029582899
1734 0.971090831139
1735 0.971152079378
1736 0.971274575856
1739 0.971335824095
1740 0.971397072334
1749 0.971458320573
1751 0.971519568812
1752 0.971580817052
1758 0.971642065291
1762 0.97170331353
1764 0.971825810008
1768 0.971887058247
1769 0.971948306486
1770 0.972070802964
1779 0.972193299443
1780 0.972254547682
1782 0.972315795921
1785 0.97237704416
1787 0.972438292399
1796 0.972499540638
1799 0.972622037116
1800 0.972683285356
1801 0.972805781834
1804 0.972867030073
1806 0.972928278312
1808 0.972989526551
1815 0.973112023029
1816 0.973173271268
1820 0.973234519508
1821 0.973295767747
1825 0.973357015986
1830 0.973418264225
1831 0.973479512464
1834 0.973540760703
1838 0.973602008942
1839 0.973663257181
1840 0.97372450542
1842 0.97378575366
1848 0.973847001899
1850 0.973908250138
1852 0.974030746616
1855 0.974091994855
1856 0.974153243094
1857 0.974214491333
1860 0.974336987812
1867 0.974398236051
1868 0.97445948429
1875 0.974520732529
1885 0.974643229007
1887 0.974765725485
1890 0.974826973725
1891 0.974888221964
1894 0.974949470203
1896 0.975010718442
1898 0.975071966681
1900 0.97513321492
1915 0.975194463159
1916 0.975255711398
1918 0.975316959637
1921 0.975378207877
1922 0.975439456116
1928 0.975500704355
1929 0.975561952594
1933 0.975623200833
1939 0.975684449072
1941 0.975745697311
1947 0.97580694555
1950 0.975868193789
1952 0.975929442029
1958 0.975990690268
1963 0.976051938507
1964 0.976113186746
1977 0.976174434985
1980 0.976235683224
1983 0.976296931463
1988 0.976358179702
1989 0.976419427941
1997 0.97654192442
1999 0.976664420898
2002 0.976725669137
2014 0.976786917376
2015 0.976848165615
2016 0.976909413854
2025 0.976970662093
2042 0.977031910333
2045 0.977093158572
2048 0.977154406811
2057 0.97721565505
2064 0.977276903289
2068 0.977338151528
2071 0.977399399767
2074 0.977460648006
2082 0.977521896245
2084 0.977583144485
2088 0.977644392724
2090 0.977766889202
2093 0.977828137441
2100 0.97788938568
2104 0.977950633919
2107 0.978011882158
2109 0.978073130398
2110 0.978134378637
2112 0.978256875115
2113 0.978318123354
2114 0.978379371593
2126 0.978440619832
2127 0.978501868071
2132 0.97856311631
2137 0.97862436455
2138 0.978685612789
2143 0.978746861028
2144 0.978869357506
2145 0.978930605745
2147 0.978991853984
2152 0.979053102223
2153 0.979114350462
2154 0.979175598702
2161 0.979236846941
2164 0.979359343419
2172 0.979420591658
2177 0.979481839897
2181 0.979543088136
2182 0.979604336375
2183 0.979665584614
2190 0.979726832854
2205 0.979788081093
2223 0.979849329332
2226 0.979910577571
2227 0.97997182581
2229 0.980033074049
2231 0.980094322288
2232 0.980216818766
2237 0.980278067006
2241 0.980339315245
2248 0.980400563484
2254 0.980461811723
2259 0.980584308201
2263 0.98064555644
2265 0.980706804679
2271 0.980829301158
2286 0.980890549397
2296 0.980951797636
2297 0.981013045875
2303 0.981074294114
2310 0.981135542353
2313 0.981196790592
2316 0.981258038831
2320 0.98131928707
2326 0.98138053531
2334 0.981441783549
2343 0.981503031788
2346 0.981564280027
2348 0.981625528266
2350 0.981686776505
2352 0.981748024744
2363 0.981809272983
2370 0.981870521223
2384 0.981931769462
2385 0.981993017701
2390 0.98205426594
2401 0.982176762418
2405 0.982238010657
2407 0.982299258896
2417 0.982360507135
2420 0.982421755375
2422 0.982483003614
2432 0.982544251853
2436 0.982605500092
2439 0.982666748331
2442 0.98272799657
2447 0.982789244809
2448 0.982850493048
2450 0.982911741287
2469 0.982972989527
2477 0.983034237766
2501 0.983095486005
2509 0.983156734244
2530 0.983217982483
2533 0.983279230722
2547 0.983340478961
2553 0.9834017272
2557 0.983462975439
2559 0.983524223679
2575 0.983585471918
2580 0.983646720157
2585 0.983707968396
2590 0.983769216635
2600 0.983830464874
2602 0.983891713113
2604 0.983952961352
2609 0.984014209591
2622 0.984075457831
2628 0.98413670607
2630 0.984259202548
2644 0.984320450787
2652 0.984381699026
2658 0.984442947265
2672 0.984504195504
2675 0.984565443743
2692 0.984626691983
2694 0.984687940222
2714 0.984749188461
2717 0.9848104367
2730 0.984871684939
2732 0.984932933178
2735 0.984994181417
2736 0.985055429656
2737 0.985116677896
2750 0.985177926135
2751 0.985239174374
2754 0.985300422613
2755 0.985361670852
2761 0.985422919091
2771 0.98548416733
2777 0.985545415569
2791 0.985606663808
2794 0.985729160287
2801 0.985790408526
2821 0.985851656765
2825 0.985912905004
2829 0.985974153243
2861 0.986035401482
2865 0.986096649721
2869 0.98615789796
2881 0.9862191462
2885 0.986280394439
2917 0.986341642678
2923 0.986402890917
2925 0.986464139156
2941 0.986525387395
2961 0.986586635634
2966 0.986647883873
2974 0.986709132112
2984 0.986770380352
2987 0.986831628591
2990 0.98689287683
2998 0.986954125069
3037 0.987015373308
3044 0.987076621547
3047 0.987137869786
3102 0.987199118025
3130 0.987260366264
3137 0.987321614504
3138 0.987382862743
3142 0.987444110982
3195 0.987505359221
3221 0.98756660746
3236 0.987627855699
3275 0.987689103938
3285 0.987750352177
3287 0.987811600416
3289 0.987872848656
3295 0.987934096895
3296 0.987995345134
3301 0.988056593373
3307 0.988117841612
3327 0.988179089851
3328 0.98824033809
3350 0.988301586329
3387 0.988362834569
3389 0.988424082808
3392 0.988485331047
3394 0.988546579286
3396 0.988607827525
3401 0.988669075764
3445 0.988730324003
3457 0.988791572242
3460 0.988852820481
3470 0.988914068721
3503 0.98897531696
3547 0.989036565199
3565 0.989097813438
3610 0.989159061677
3623 0.989220309916
3692 0.989281558155
3696 0.989342806394
3714 0.989404054633
3757 0.989465302873
3771 0.989526551112
3772 0.989587799351
3782 0.98964904759
3805 0.989710295829
3842 0.989771544068
3848 0.989832792307
3866 0.989955288785
3874 0.990016537025
3889 0.990077785264
3892 0.990139033503
3895 0.990200281742
3909 0.990261529981
3913 0.99032277822
3954 0.990384026459
3965 0.990445274698
3974 0.990506522937
3982 0.990567771177
3991 0.990629019416
4000 0.990690267655
4050 0.990751515894
4064 0.990812764133
4076 0.990874012372
4079 0.990935260611
4081 0.99099650885
4099 0.991057757089
4138 0.991119005329
4163 0.991180253568
4227 0.991241501807
4362 0.991302750046
4384 0.991363998285
4412 0.991425246524
4432 0.991486494763
4503 0.991547743002
4504 0.991608991242
4538 0.991670239481
4544 0.99173148772
4576 0.991792735959
4594 0.991853984198
4599 0.991915232437
4667 0.991976480676
4694 0.992037728915
4702 0.992098977154
4704 0.992160225394
4739 0.992221473633
4827 0.992282721872
4832 0.992343970111
4842 0.99240521835
4877 0.992466466589
4901 0.992527714828
4952 0.992588963067
4996 0.992650211306
5019 0.992711459546
5041 0.992772707785
5060 0.992833956024
5092 0.992895204263
5097 0.992956452502
5140 0.993017700741
5164 0.99307894898
5192 0.993140197219
5236 0.993201445458
5252 0.993262693698
5304 0.993323941937
5366 0.993385190176
5398 0.993446438415
5430 0.993507686654
5488 0.993568934893
5531 0.993630183132
5562 0.993691431371
5627 0.99375267961
5656 0.99381392785
5675 0.993875176089
5687 0.993936424328
5755 0.993997672567
5865 0.994058920806
5873 0.994120169045
5920 0.994181417284
6009 0.994242665523
6016 0.994303913762
6022 0.994365162002
6040 0.994426410241
6071 0.99448765848
6088 0.994548906719
6120 0.994610154958
6223 0.994671403197
6263 0.994732651436
6292 0.994793899675
6419 0.994855147914
6461 0.994916396154
6613 0.994977644393
6617 0.995038892632
6674 0.995100140871
6702 0.99516138911
6738 0.995222637349
6831 0.995283885588
7090 0.995345133827
7175 0.995406382067
7228 0.995467630306
7265 0.995528878545
7720 0.995590126784
7736 0.995651375023
7816 0.995712623262
7875 0.995773871501
8176 0.99583511974
8256 0.995896367979
8579 0.995957616219
8843 0.996018864458
9363 0.996080112697
9537 0.996141360936
10059 0.996202609175
10317 0.996263857414
10831 0.996325105653
11127 0.996386353892
11146 0.996447602131
11412 0.996508850371
12371 0.99657009861
12528 0.996631346849
12710 0.996692595088
13375 0.996753843327
13995 0.996815091566
14048 0.996876339805
14731 0.996937588044
14943 0.996998836283
15066 0.997060084523
15155 0.997121332762
15366 0.997182581001
17128 0.99724382924
17232 0.997305077479
17371 1.0
