5 0
6 4
7 5
9 14
10 33
11 41
12 69
13 99
14 126
15 133
16 163
17 146
18 147
19 123
20 87
21 86
22 68
23 48
24 34
25 29
27 31
28 22
29 36
30 46
31 45
32 35
33 52
34 44
35 49
37 51
38 56
39 35
40 48
42 41
43 61
44 65
45 55
46 60
47 65
48 78
49 84
50 62
52 53
53 58
54 48
55 53
56 41
57 46
58 38
59 58
60 34
61 37
62 41
63 36
64 38
65 51
66 50
67 53
68 48
69 58
71 57
72 59
73 43
74 61
75 55
76 49
77 46
78 53
79 32
80 42
81 34
82 50
83 39
85 42
86 47
87 43
88 44
89 61
90 40
91 38
92 44
93 38
94 42
95 37
96 38
97 41
98 50
99 48
101 51
102 35
103 32
104 40
105 34
106 37
107 33
108 41
109 32
110 39
111 33
112 38
113 37
114 48
115 38
116 33
117 44
118 33
119 31
120 46
121 29
122 51
123 37
124 31
125 30
126 41
127 35
128 34
129 30
130 36
131 40
132 24
133 29
134 34
135 35
136 29
138 33
139 32
140 42
141 36
142 38
143 34
144 41
145 28
146 34
147 27
148 28
150 40
151 29
152 42
153 25
154 38
155 35
156 41
157 24
158 28
159 31
160 37
162 31
163 26
164 36
165 28
166 29
167 22
168 17
169 36
170 30
171 19
172 27
173 29
174 30
175 17
176 16
177 27
178 31
179 34
180 22
181 27
182 24
183 26
184 24
185 23
186 30
187 26
188 24
189 23
190 24
191 27
192 31
193 35
194 26
195 22
197 17
198 27
200 13
201 22
202 29
203 27
204 21
205 22
206 32
208 26
209 23
210 25
211 18
212 29
213 30
214 18
215 23
217 19
218 31
219 22
220 27
222 24
223 18
224 24
225 27
226 28
227 21
228 18
229 32
230 16
231 21
232 18
233 22
234 30
235 21
236 17
237 21
238 28
239 20
240 16
241 20
242 18
243 14
244 20
245 23
246 29
247 19
248 29
249 13
250 19
252 14
253 21
254 19
255 14
256 20
258 17
259 18
260 24
261 26
262 21
264 9
265 16
266 23
267 17
268 27
269 20
270 19
271 22
272 18
273 17
275 19
276 16
277 27
278 14
279 26
280 19
281 22
282 18
283 23
284 17
285 9
286 25
287 9
288 20
289 27
290 12
291 17
292 22
293 20
294 14
295 16
296 23
297 11
298 12
299 20
300 23
301 14
302 17
303 9
304 19
305 17
306 13
307 17
308 21
309 17
310 21
311 24
312 15
313 14
314 17
315 13
316 17
317 16
318 12
319 9
320 19
321 17
322 22
323 17
324 14
325 12
326 16
327 18
328 11
329 13
330 11
331 14
332 9
333 13
334 24
335 16
336 14
337 10
338 17
339 10
340 11
341 6
342 16
343 14
344 21
345 9
346 14
347 11
348 17
349 10
350 20
351 10
352 16
353 11
354 16
355 9
356 20
357 15
358 13
359 14
360 10
361 12
362 19
363 12
364 7
365 20
366 16
367 13
368 19
369 22
370 21
371 16
372 8
373 20
374 14
375 11
377 14
378 10
379 11
380 17
381 14
382 12
383 13
384 11
385 13
386 17
387 11
388 17
390 16
391 15
392 13
393 15
395 12
396 13
397 14
398 10
399 11
400 10
401 13
402 14
403 12
404 18
405 11
406 10
407 8
408 13
409 10
410 14
411 16
412 18
413 13
414 5
415 20
416 14
417 18
418 8
419 12
420 20
421 8
422 13
423 15
424 16
425 9
426 7
427 11
428 9
429 10
430 8
431 20
432 6
433 13
434 16
435 14
436 7
437 11
438 12
439 10
440 7
441 5
442 9
443 8
445 16
446 13
447 12
448 18
449 12
450 18
451 9
452 6
453 7
454 14
455 6
456 9
457 13
458 9
460 10
461 13
462 6
463 16
464 18
465 8
466 3
467 9
469 8
470 9
471 10
472 17
473 11
474 5
475 9
476 11
478 12
479 11
481 9
482 11
483 7
486 13
487 9
488 5
489 9
490 3
491 5
492 9
493 5
494 12
495 9
496 8
497 9
498 5
499 10
500 8
501 7
502 5
503 12
504 10
505 11
506 4
507 10
508 5
509 12
510 10
511 11
512 9
513 21
514 6
515 9
516 8
517 5
519 6
520 11
521 6
522 13
524 5
525 11
526 3
527 11
529 7
530 9
531 6
532 9
533 10
534 8
536 5
537 9
538 7
539 5
540 13
541 16
542 3
543 7
545 6
546 9
547 5
548 8
549 7
551 8
552 5
553 9
554 7
555 5
556 12
557 7
558 4
559 6
560 9
561 7
562 11
563 13
564 9
565 12
566 3
567 8
569 4
570 7
571 6
572 4
573 2
574 13
575 6
576 3
577 5
578 9
579 7
580 5
581 8
582 1
583 6
584 7
585 2
586 7
587 6
588 11
589 5
591 8
592 3
593 7
594 8
595 5
596 3
597 6
598 8
599 9
600 11
601 7
602 9
603 5
604 6
605 9
606 12
607 5
609 4
610 5
611 9
612 11
613 4
614 2
615 4
616 6
617 8
618 4
619 8
620 5
621 4
622 8
623 5
624 2
625 8
626 7
627 11
629 7
630 6
631 5
633 8
634 3
635 1
636 2
637 9
638 8
639 5
640 6
641 9
642 7
643 3
644 5
645 9
646 7
647 4
648 6
649 9
650 5
651 7
653 9
654 8
655 7
656 10
657 6
658 7
659 4
660 6
662 5
663 7
664 4
666 7
667 5
669 8
670 5
671 2
672 7
673 5
674 6
676 7
677 6
680 4
681 7
682 2
683 4
684 6
685 3
687 6
689 3
690 9
691 4
692 6
693 8
694 5
695 7
696 6
697 5
698 3
699 7
700 9
701 3
702 5
703 3
704 7
705 9
706 3
708 5
710 7
711 2
712 4
715 2
717 7
718 5
719 4
720 6
721 3
722 6
723 1
724 4
725 3
726 6
727 3
730 6
731 1
732 3
733 5
734 7
735 4
736 2
737 5
738 4
739 1
740 9
741 4
743 6
744 4
745 6
746 5
747 3
748 4
750 3
751 7
752 0
752 0
753 3
755 5
756 10
757 6
758 3
759 8
760 2
761 4
762 1
763 4
764 1
765 3
766 4
768 5
770 4
771 0
771 0
772 4
773 8
774 11
775 2
776 4
778 2
779 6
780 7
781 1
782 4
783 1
784 7
785 5
786 2
787 0
787 0
788 2
789 6
790 4
791 3
793 7
794 4
795 1
796 5
797 1
798 5
799 3
800 4
801 2
802 1
803 7
805 5
806 7
807 4
808 6
809 1
811 4
812 3
813 1
814 3
816 0
816 0
817 2
818 1
820 3
821 5
822 9
823 3
824 2
825 1
826 5
827 7
828 2
829 4
830 2
831 6
832 2
833 6
834 3
836 2
837 3
838 2
839 3
840 5
841 2
843 3
844 6
845 3
848 5
849 7
850 0
850 0
851 3
852 4
853 1
854 5
855 0
855 0
856 1
857 4
858 6
859 5
860 2
861 5
862 3
863 1
864 2
865 4
866 1
867 5
868 4
870 0
870 0
871 2
872 3
873 2
874 8
875 3
876 1
877 3
878 4
879 1
880 7
881 2
882 1
884 5
885 0
885 0
886 5
887 2
888 3
889 2
891 7
892 4
893 3
895 2
896 4
897 6
898 5
899 4
900 7
901 5
902 1
903 5
904 4
905 3
906 2
908 1
909 2
910 3
911 6
912 1
914 5
915 1
916 2
917 4
918 0
918 0
919 2
922 4
923 2
926 3
927 2
928 3
929 1
930 4
931 1
932 2
934 6
935 2
936 5
937 1
938 5
939 0
939 0
940 2
941 1
942 2
944 4
945 2
946 0
946 0
947 2
949 0
949 0
950 1
951 0
951 0
952 2
953 3
955 1
956 0
956 0
957 3
958 2
961 1
963 5
964 0
964 0
965 1
966 4
967 1
968 3
969 5
970 1
971 2
972 1
973 4
974 2
975 1
976 5
977 1
978 2
979 3
980 4
981 2
982 1
984 3
985 2
986 1
987 3
988 0
988 0
989 2
990 1
993 3
995 1
996 3
997 5
998 2
999 3
1000 2
1002 3
1003 1
1005 2
1008 1
1009 4
1010 3
1011 2
1012 4
1013 2
1014 3
1017 1
1019 0
1019 0
1020 2
1021 5
1022 1
1023 0
1023 0
1024 1
1025 3
1027 1
1028 3
1029 4
1031 3
1032 2
1033 4
1035 3
1036 0
1036 0
1037 3
1038 0
1039 0
1040 3
1041 0
1041 0
1042 4
1043 3
1044 0
1044 0
1045 3
1046 1
1047 4
1048 2
1049 1
1051 4
1052 1
1053 3
1054 2
1055 0
1055 0
1056 1
1057 0
1057 0
1058 1
1059 3
1060 6
1061 0
1061 0
1062 6
1063 0
1063 0
1064 3
1065 1
1066 0
1069 0
1070 1
1071 2
1073 3
1074 5
1075 4
1076 2
1077 3
1078 2
1080 0
1080 0
1081 4
1082 2
1083 1
1084 2
1085 1
1086 4
1087 1
1088 3
1090 1
1092 2
1093 1
1094 0
1095 0
1096 1
1099 2
1100 0
1101 0
1102 1
1104 2
1105 0
1105 0
1106 5
1107 1
1109 0
1109 0
1110 2
1111 1
1112 2
1114 3
1115 1
1117 2
1119 3
1120 2
1121 1
1122 3
1123 1
1126 2
1127 4
1128 1
1129 2
1130 1
1132 2
1133 1
1135 2
1136 0
1136 0
1137 2
1138 1
1140 3
1142 1
1144 6
1145 3
1146 2
1147 0
1147 0
1148 2
1151 1
1154 4
1157 2
1158 3
1159 0
1159 0
1160 1
1161 3
1162 2
1163 1
1164 2
1165 1
1167 2
1168 1
1170 0
1170 0
1171 1
1172 4
1173 2
1174 0
1174 0
1175 1
1176 2
1180 1
1183 0
1183 0
1184 2
1185 1
1187 3
1188 1
1192 2
1193 0
1193 0
1194 1
1197 0
1197 0
1198 1
1201 2
1202 1
1203 2
1204 0
1204 0
1205 1
1207 2
1208 1
1210 0
1210 0
1211 1
1212 0
1212 0
1213 1
1214 0
1214 0
1215 2
1216 0
1217 0
1218 2
1219 0
1219 0
1220 1
1221 2
1222 1
1223 0
1226 0
1227 2
1228 1
1229 2
1230 0
1232 0
1233 1
1236 2
1237 1
1239 0
1242 0
1243 2
1244 1
1245 2
1247 1
1248 2
1249 1
1250 3
1251 0
1253 0
1254 1
1255 2
1256 1
1257 0
1257 0
1258 2
1259 0
1260 0
1261 1
1262 2
1263 1
1266 0
1267 0
1268 1
1269 2
1270 0
1270 0
1271 1
1273 0
1273 0
1274 2
1275 1
1281 2
1283 0
1284 0
1285 1
1286 0
1286 0
1287 2
1289 0
1291 0
1292 5
1293 2
1294 3
1296 1
1298 0
1299 0
1300 3
1301 2
1302 0
1305 0
1306 2
1309 1
1310 0
1311 0
1312 1
1313 0
1313 0
1314 3
1315 0
1315 0
1316 2
1318 0
1318 0
1319 1
1322 3
1323 1
1324 2
1325 0
1325 0
1326 3
1327 2
1328 1
1329 0
1331 0
1332 1
1333 0
1333 0
1334 1
1335 3
1336 0
1338 0
1339 1
1342 0
1342 0
1343 4
1344 1
1345 0
1345 0
1346 1
1349 0
1350 0
1351 1
1352 2
1353 0
1354 0
1355 1
1357 0
1357 0
1358 3
1359 1
1360 0
1360 0
1361 1
1362 0
1364 0
1365 2
1366 1
1368 0
1369 0
1370 1
1372 2
1373 4
1374 0
1374 0
1375 2
1376 0
1376 0
1377 1
1379 2
1380 0
1380 0
1381 1
1382 0
1382 0
1383 3
1384 0
1385 0
1386 2
1387 0
1387 0
1388 3
1389 1
1390 0
1390 0
1391 1
1394 0
1394 0
1395 2
1396 0
1396 0
1397 2
1398 3
1399 0
1399 0
1400 1
1401 0
1401 0
1402 2
1403 0
1404 0
1405 1
1406 0
1406 0
1407 1
1408 3
1409 1
1411 2
1412 1
1414 0
1415 0
1416 1
1418 0
1418 0
1419 1
1421 0
1421 0
1422 1
1424 0
1426 0
1427 1
1429 0
1429 0
1430 1
1431 0
1432 0
1433 2
1434 1
1435 0
1436 0
1437 3
1438 0
1442 0
1443 1
1444 0
1449 0
1450 2
1451 0
1451 0
1452 2
1454 0
1454 0
1455 1
1456 0
1456 0
1457 1
1459 2
1461 0
1465 0
1466 2
1467 1
1468 0
1469 0
1470 1
1473 0
1475 0
1476 1
1477 2
1478 1
1479 0
1479 0
1480 2
1481 0
1482 0
1483 1
1484 2
1486 1
1487 0
1489 0
1490 1
1494 0
1495 0
1496 1
1498 0
1498 0
1499 1
1500 0
1501 0
1502 3
1503 0
1504 0
1505 1
1507 2
1508 0
1508 0
1509 3
1510 1
1511 0
1511 0
1512 1
1514 0
1515 0
1516 1
1517 0
1518 0
1519 2
1520 0
1520 0
1521 2
1523 1
1525 0
1525 0
1526 3
1527 1
1528 0
1531 0
1532 1
1536 0
1539 0
1540 1
1541 0
1541 0
1542 2
1543 1
1544 0
1545 0
1546 1
1547 0
1554 0
1555 2
1556 1
1561 0
1561 0
1562 1
1563 0
1563 0
1564 1
1565 0
1568 0
1569 2
1570 0
1570 0
1571 3
1572 1
1573 0
1574 0
1575 1
1576 0
1578 0
1579 1
1580 3
1581 0
1581 0
1582 1
1583 0
1583 0
1584 2
1586 0
1588 0
1589 1
1591 2
1592 1
1593 0
1594 0
1595 1
1597 0
1598 0
1599 1
1600 2
1601 1
1602 0
1602 0
1603 3
1604 1
1605 0
1605 0
1606 1
1607 0
1612 0
1613 2
1614 3
1615 0
1620 0
1621 1
1622 0
1624 0
1625 1
1626 2
1627 0
1629 0
1630 1
1631 0
1633 0
1634 2
1635 1
1636 0
1641 0
1642 1
1643 0
1645 0
1646 2
1647 0
1647 0
1648 1
1649 0
1649 0
1650 1
1651 0
1652 0
1653 1
1655 0
1656 0
1657 2
1658 0
1659 0
1660 1
1663 0
1663 0
1664 1
1665 0
1670 0
1671 1
1673 0
1673 0
1674 1
1675 0
1677 0
1678 2
1679 1
1680 0
1680 0
1681 1
1682 0
1683 0
1684 1
1686 0
1692 0
1693 1
1694 0
1694 0
1695 1
1696 0
1696 0
1697 2
1698 1
1701 2
1702 0
1705 0
1706 1
1707 0
1707 0
1708 2
1709 1
1710 0
1710 0
1711 1
1713 0
1718 0
1719 1
1720 0
1720 0
1721 1
1722 0
1724 0
1725 1
1726 0
1726 0
1727 1
1729 0
1731 0
1732 1
1733 0
1733 0
1734 1
1736 2
1737 0
1738 0
1739 1
1741 0
1748 0
1749 1
1750 0
1750 0
1751 1
1753 0
1757 0
1758 1
1759 0
1761 0
1762 1
1763 0
1763 0
1764 2
1765 0
1767 0
1768 1
1770 2
1771 0
1778 0
1779 2
1780 1
1781 0
1781 0
1782 1
1783 0
1784 0
1785 1
1786 0
1786 0
1787 1
1788 0
1795 0
1796 1
1797 0
1798 0
1799 2
1800 1
1801 2
1802 0
1803 0
1804 1
1805 0
1805 0
1806 1
1807 0
1807 0
1808 1
1809 0
1814 0
1815 2
1816 1
1817 0
1819 0
1820 1
1822 0
1824 0
1825 1
1826 0
1829 0
1830 1
1832 0
1833 0
1834 1
1835 0
1837 0
1838 1
1841 0
1841 0
1842 1
1843 0
1847 0
1848 1
1849 0
1849 0
1850 1
1851 0
1851 0
1852 2
1853 0
1854 0
1855 1
1858 0
1859 0
1860 2
1861 0
1866 0
1867 1
1869 0
1874 0
1875 1
1876 0
1884 0
1885 2
1886 0
1886 0
1887 2
1888 0
1889 0
1890 1
1892 0
1893 0
1894 1
1895 0
1895 0
1896 1
1897 0
1897 0
1898 1
1899 0
1899 0
1900 1
1901 0
1914 0
1915 1
1917 0
1917 0
1918 1
1919 0
1920 0
1921 1
1923 0
1927 0
1928 1
1930 0
1932 0
1933 1
1934 0
1938 0
1939 1
1940 0
1940 0
1941 1
1942 0
1946 0
1947 1
1948 0
1949 0
1950 1
1951 0
1951 0
1952 1
1953 0
1957 0
1958 1
1959 0
1962 0
1963 1
1965 0
1976 0
1977 1
1978 0
1979 0
1980 1
1981 0
1982 0
1983 1
1984 0
1987 0
1988 1
1990 0
1996 0
1997 2
1998 0
1998 0
1999 2
2000 0
2001 0
2002 1
2003 0
2013 0
2014 1
2017 0
2024 0
2025 1
2026 0
2041 0
2042 1
2043 0
2044 0
2045 1
2046 0
2047 0
2048 1
2049 0
2056 0
2057 1
2058 0
2063 0
2064 1
2065 0
2067 0
2068 1
2069 0
2070 0
2071 1
2072 0
2073 0
2074 1
2075 0
2081 0
2082 1
2083 0
2083 0
2084 1
2085 0
2087 0
2088 1
2089 0
2089 0
2090 2
2091 0
2092 0
2093 1
2094 0
2099 0
2100 1
2101 0
2103 0
2104 1
2105 0
2106 0
2107 1
2108 0
2108 0
2109 1
2111 0
2111 0
2112 2
2113 1
2115 0
2125 0
2126 1
2128 0
2131 0
2132 1
2133 0
2136 0
2137 1
2139 0
2142 0
2143 1
2144 2
2145 1
2146 0
2146 0
2147 1
2148 0
2151 0
2152 1
2155 0
2160 0
2161 1
2162 0
2163 0
2164 2
2165 0
2171 0
2172 1
2173 0
2176 0
2177 1
2178 0
2180 0
2181 1
2184 0
2189 0
2190 1
2191 0
2204 0
2205 1
2206 0
2222 0
2223 1
2224 0
2225 0
2226 1
2228 0
2228 0
2229 1
2230 0
2230 0
2231 1
2232 2
2233 0
2236 0
2237 1
2238 0
2240 0
2241 1
2242 0
2247 0
2248 1
2249 0
2253 0
2254 1
2255 0
2258 0
2259 2
2260 0
2262 0
2263 1
2264 0
2264 0
2265 1
2266 0
2270 0
2271 2
2272 0
2285 0
2286 1
2287 0
2295 0
2296 1
2298 0
2302 0
2303 1
2304 0
2309 0
2310 1
2311 0
2312 0
2313 1
2314 0
2315 0
2316 1
2317 0
2319 0
2320 1
2321 0
2325 0
2326 1
2327 0
2333 0
2334 1
2335 0
2342 0
2343 1
2344 0
2345 0
2346 1
2347 0
2347 0
2348 1
2349 0
2349 0
2350 1
2351 0
2351 0
2352 1
2353 0
2362 0
2363 1
2364 0
2369 0
2370 1
2371 0
2383 0
2384 1
2386 0
2389 0
2390 1
2391 0
2400 0
2401 2
2402 0
2404 0
2405 1
2406 0
2406 0
2407 1
2408 0
2416 0
2417 1
2418 0
2419 0
2420 1
2421 0
2421 0
2422 1
2423 0
2431 0
2432 1
2433 0
2435 0
2436 1
2437 0
2438 0
2439 1
2440 0
2441 0
2442 1
2443 0
2446 0
2447 1
2449 0
2449 0
2450 1
2451 0
2468 0
2469 1
2470 0
2476 0
2477 1
2478 0
2500 0
2501 1
2502 0
2508 0
2509 1
2510 0
2529 0
2530 1
2531 0
2532 0
2533 1
2534 0
2546 0
2547 1
2548 0
2552 0
2553 1
2554 0
2556 0
2557 1
2558 0
2558 0
2559 1
2560 0
2574 0
2575 1
2576 0
2579 0
2580 1
2581 0
2584 0
2585 1
2586 0
2589 0
2590 1
2591 0
2599 0
2600 1
2601 0
2601 0
2602 1
2603 0
2603 0
2604 1
2605 0
2608 0
2609 1
2610 0
2621 0
2622 1
2623 0
2627 0
2628 1
2629 0
2629 0
2630 2
2631 0
2643 0
2644 1
2645 0
2651 0
2652 1
2653 0
2657 0
2658 1
2659 0
2671 0
2672 1
2673 0
2674 0
2675 1
2676 0
2691 0
2692 1
2693 0
2693 0
2694 1
2695 0
2713 0
2714 1
2715 0
2716 0
2717 1
2718 0
2729 0
2730 1
2731 0
2731 0
2732 1
2733 0
2734 0
2735 1
2738 0
2749 0
2750 1
2752 0
2753 0
2754 1
2756 0
2760 0
2761 1
2762 0
2770 0
2771 1
2772 0
2776 0
2777 1
2778 0
2790 0
2791 1
2792 0
2793 0
2794 2
2795 0
2800 0
2801 1
2802 0
2820 0
2821 1
2822 0
2824 0
2825 1
2826 0
2828 0
2829 1
2830 0
2860 0
2861 1
2862 0
2864 0
2865 1
2866 0
2868 0
2869 1
2870 0
2880 0
2881 1
2882 0
2884 0
2885 1
2886 0
2916 0
2917 1
2918 0
2922 0
2923 1
2924 0
2924 0
2925 1
2926 0
2940 0
2941 1
2942 0
2960 0
2961 1
2962 0
2965 0
2966 1
2967 0
2973 0
2974 1
2975 0
2983 0
2984 1
2985 0
2986 0
2987 1
2988 0
2989 0
2990 1
2991 0
2997 0
2998 1
2999 0
3036 0
3037 1
3038 0
3043 0
3044 1
3045 0
3046 0
3047 1
3048 0
3101 0
3102 1
3103 0
3129 0
3130 1
3131 0
3136 0
3137 1
3139 0
3141 0
3142 1
3143 0
3194 0
3195 1
3196 0
3220 0
3221 1
3222 0
3235 0
3236 1
3237 0
3274 0
3275 1
3276 0
3284 0
3285 1
3286 0
3286 0
3287 1
3288 0
3288 0
3289 1
3290 0
3294 0
3295 1
3297 0
3300 0
3301 1
3302 0
3306 0
3307 1
3308 0
3326 0
3327 1
3329 0
3349 0
3350 1
3351 0
3386 0
3387 1
3388 0
3388 0
3389 1
3390 0
3391 0
3392 1
3393 0
3393 0
3394 1
3395 0
3395 0
3396 1
3397 0
3400 0
3401 1
3402 0
3444 0
3445 1
3446 0
3456 0
3457 1
3458 0
3459 0
3460 1
3461 0
3469 0
3470 1
3471 0
3502 0
3503 1
3504 0
3546 0
3547 1
3548 0
3564 0
3565 1
3566 0
3609 0
3610 1
3611 0
3622 0
3623 1
3624 0
3691 0
3692 1
3693 0
3695 0
3696 1
3697 0
3713 0
3714 1
3715 0
3756 0
3757 1
3758 0
3770 0
3771 1
3773 0
3781 0
3782 1
3783 0
3804 0
3805 1
3806 0
3841 0
3842 1
3843 0
3847 0
3848 1
3849 0
3865 0
3866 2
3867 0
3873 0
3874 1
3875 0
3888 0
3889 1
3890 0
3891 0
3892 1
3893 0
3894 0
3895 1
3896 0
3908 0
3909 1
3910 0
3912 0
3913 1
3914 0
3953 0
3954 1
3955 0
3964 0
3965 1
3966 0
3973 0
3974 1
3975 0
3981 0
3982 1
3983 0
3990 0
3991 1
3992 0
3999 0
4000 1
4001 0
4049 0
4050 1
4051 0
4063 0
4064 1
4065 0
4075 0
4076 1
4077 0
4078 0
4079 1
4080 0
4080 0
4081 1
4082 0
4098 0
4099 1
4100 0
4137 0
4138 1
4139 0
4162 0
4163 1
4164 0
4226 0
4227 1
4228 0
4361 0
4362 1
4363 0
4383 0
4384 1
4385 0
4411 0
4412 1
4413 0
4431 0
4432 1
4433 0
4502 0
4503 1
4505 0
4537 0
4538 1
4539 0
4543 0
4544 1
4545 0
4575 0
4576 1
4577 0
4593 0
4594 1
4595 0
4598 0
4599 1
4600 0
4666 0
4667 1
4668 0
4693 0
4694 1
4695 0
4701 0
4702 1
4703 0
4703 0
4704 1
4705 0
4738 0
4739 1
4740 0
4826 0
4827 1
4828 0
4831 0
4832 1
4833 0
4841 0
4842 1
4843 0
4876 0
4877 1
4878 0
4900 0
4901 1
4902 0
4951 0
4952 1
4953 0
4995 0
4996 1
4997 0
5018 0
5019 1
5020 0
5040 0
5041 1
5042 0
5059 0
5060 1
5061 0
5091 0
5092 1
5093 0
5096 0
5097 1
5098 0
5139 0
5140 1
5141 0
5163 0
5164 1
5165 0
5191 0
5192 1
5193 0
5235 0
5236 1
5237 0
5251 0
5252 1
5253 0
5303 0
5304 1
5305 0
5365 0
5366 1
5367 0
5397 0
5398 1
5399 0
5429 0
5430 1
5431 0
5487 0
5488 1
5489 0
5530 0
5531 1
5532 0
5561 0
5562 1
5563 0
5626 0
5627 1
5628 0
5655 0
5656 1
5657 0
5674 0
5675 1
5676 0
5686 0
5687 1
5688 0
5754 0
5755 1
5756 0
5864 0
5865 1
5866 0
5872 0
5873 1
5874 0
5919 0
5920 1
5921 0
6008 0
6009 1
6010 0
6015 0
6016 1
6017 0
6021 0
6022 1
6023 0
6039 0
6040 1
6041 0
6070 0
6071 1
6072 0
6087 0
6088 1
6089 0
6119 0
6120 1
6121 0
6222 0
6223 1
6224 0
6262 0
6263 1
6264 0
6291 0
6292 1
6293 0
6418 0
6419 1
6420 0
6460 0
6461 1
6462 0
6612 0
6613 1
6614 0
6616 0
6617 1
6618 0
6673 0
6674 1
6675 0
6701 0
6702 1
6703 0
6737 0
6738 1
6739 0
6830 0
6831 1
6832 0
7089 0
7090 1
7091 0
7174 0
7175 1
7176 0
7227 0
7228 1
7229 0
7264 0
7265 1
7266 0
7719 0
7720 1
7721 0
7735 0
7736 1
7737 0
7815 0
7816 1
7817 0
7874 0
7875 1
7876 0
8175 0
8176 1
8177 0
8255 0
8256 1
8257 0
8578 0
8579 1
8580 0
8842 0
8843 1
8844 0
9362 0
9363 1
9364 0
9536 0
9537 1
9538 0
10058 0
10059 1
10060 0
10316 0
10317 1
10318 0
10830 0
10831 1
10832 0
11126 0
11127 1
11128 0
11145 0
11146 1
11147 0
11411 0
11412 1
11413 0
12370 0
12371 1
12372 0
12527 0
12528 1
12529 0
12709 0
12710 1
12711 0
13374 0
13375 1
13376 0
13994 0
13995 1
13996 0
14047 0
14048 1
14049 0
14730 0
14731 1
14732 0
14942 0
14943 1
14944 0
15065 0
15066 1
15067 0
15154 0
15155 1
15156 0
15365 0
15366 1
15367 0
17127 0
17128 1
17129 0
17231 0
17232 1
17233 0
17370 0
17371 44
