0 0
1 0.26444502568
2 0.464796937417
3 0.606750523112
4 0.706997812441
5 0.780554498764
6 0.834898706487
7 0.874571999239
8 0.90366416207
9 0.925432756325
10 0.941506562678
11 0.953454917253
12 0.962966045273
13 0.970265836028
14 0.97594873502
15 0.980335742819
16 0.983617081986
17 0.986458531482
18 0.988550979646
19 0.99044131634
20 0.992141430474
21 0.993306543656
22 0.994138767358
23 0.99498287997
24 0.995755659121
25 0.996326326802
26 0.996801883203
27 0.997289328514
28 0.997634106905
29 0.997859996196
30 0.998038329846
31 0.998335552597
32 0.998525775157
33 0.998727886627
34 0.998858664638
35 0.999025109378
36 0.999132109568
37 0.999239109758
38 0.999310443219
39 0.999417443409
40 0.999453110139
41 0.999524443599
42 0.999595777059
43 0.999643332699
44 0.999714666159
45 0.999726555069
46 0.999738443979
47 0.9997622218
49 0.99977411071
50 0.99980977744
51 0.99982166635
52 0.99985733308
53 0.9998811109
54 0.99989299981
55 0.99990488872
58 0.99991677763
60 0.99992866654
62 0.99994055545
65 0.99995244436
66 0.99997622218
68 0.99998811109
74 1.0
