2 0.0140845070423
8 0.12676056338
12 0.197183098592
20 0.239436619718
21 0.30985915493
24 0.366197183099
25 0.408450704225
26 0.422535211268
27 0.450704225352
28 0.464788732394
30 0.478873239437
31 0.492957746479
34 0.521126760563
35 0.56338028169
36 0.591549295775
41 0.605633802817
43 0.647887323944
47 0.661971830986
49 0.676056338028
50 0.69014084507
53 0.704225352113
54 0.718309859155
55 0.760563380282
59 0.774647887324
60 0.830985915493
61 0.845070422535
62 0.859154929577
63 0.87323943662
64 0.901408450704
65 0.929577464789
66 0.943661971831
67 0.957746478873
68 0.985915492958
69 1.0
