0 0
1 0.315525876461
2 0.535707660916
3 0.673344462994
4 0.771285475793
5 0.836393989983
6 0.88666295678
7 0.915600074198
8 0.937302912261
9 0.950843999258
10 0.965498052309
11 0.971990354294
12 0.978853644964
13 0.981821554443
14 0.986458913003
15 0.990354294194
16 0.992209237618
17 0.993693192358
18 0.995177147097
19 0.996104618809
20 0.996846596179
21 0.997403079206
22 0.997588573549
23 0.997774067891
24 0.998145056576
25 0.998330550918
26 0.998516045261
27 0.999072528288
28 0.999629011315
34 0.999814505658
52 1.0
