17 0.003125
29 0.09375
41 0.1
55 0.178125
70 0.18125
72 0.190625
73 0.20625
74 0.228125
75 0.24375
76 0.253125
77 0.25625
79 0.259375
93 0.2625
94 0.26875
95 0.278125
96 0.303125
97 0.31875
100 0.321875
105 0.325
108 0.328125
109 0.33125
110 0.340625
111 0.359375
112 0.365625
113 0.36875
115 0.371875
125 0.375
126 0.378125
127 0.38125
129 0.3875
130 0.4
131 0.403125
132 0.409375
133 0.4125
134 0.415625
144 0.425
147 0.428125
149 0.43125
150 0.4375
151 0.453125
152 0.45625
153 0.4625
155 0.465625
161 0.46875
162 0.471875
166 0.475
168 0.4875
169 0.49375
170 0.5
172 0.50625
173 0.5125
176 0.515625
178 0.521875
179 0.534375
180 0.540625
181 0.54375
183 0.55
184 0.559375
185 0.5625
186 0.56875
190 0.571875
193 0.575
194 0.58125
197 0.596875
198 0.603125
199 0.60625
200 0.6125
203 0.615625
205 0.625
206 0.63125
207 0.634375
208 0.640625
209 0.64375
210 0.646875
211 0.65
212 0.653125
214 0.65625
217 0.665625
218 0.66875
219 0.684375
221 0.69375
223 0.696875
224 0.7
225 0.703125
227 0.70625
229 0.7125
230 0.715625
231 0.71875
232 0.721875
234 0.73125
235 0.7375
236 0.74375
240 0.746875
242 0.75
244 0.759375
245 0.765625
248 0.76875
250 0.771875
254 0.78125
257 0.784375
259 0.7875
262 0.790625
263 0.79375
264 0.796875
265 0.8
266 0.803125
268 0.809375
276 0.8125
277 0.81875
278 0.821875
279 0.825
280 0.828125
281 0.83125
282 0.834375
283 0.8375
284 0.84375
286 0.846875
287 0.85
288 0.853125
291 0.859375
293 0.86875
295 0.871875
300 0.875
302 0.88125
303 0.8875
306 0.89375
307 0.9
309 0.90625
310 0.9125
311 0.915625
313 0.928125
314 0.93125
315 0.9375
317 0.940625
319 0.946875
320 0.953125
321 0.959375
322 0.9625
323 0.96875
325 0.975
326 0.98125
327 0.9875
332 0.990625
333 0.99375
335 0.996875
337 1.0
