16 0
17 1
18 0
28 0
29 29
30 0
40 0
41 2
42 0
54 0
55 25
56 0
69 0
70 1
71 0
71 0
72 3
73 5
74 7
75 5
76 3
77 1
78 0
78 0
79 1
80 0
92 0
93 1
94 2
95 3
96 8
97 5
98 0
99 0
100 1
101 0
104 0
105 1
106 0
107 0
108 1
110 3
111 6
112 2
113 1
114 0
114 0
115 1
116 0
124 0
125 1
128 0
128 0
129 2
130 4
131 1
132 2
133 1
135 0
143 0
144 3
145 0
146 0
147 1
148 0
148 0
149 1
150 2
151 5
152 1
153 2
154 0
154 0
155 1
156 0
160 0
161 1
163 0
165 0
166 1
167 0
167 0
168 4
169 2
171 0
171 0
172 2
174 0
175 0
176 1
177 0
177 0
178 2
179 4
180 2
181 1
182 0
182 0
183 2
184 3
185 1
186 2
187 0
189 0
190 1
191 0
192 0
193 1
194 2
195 0
196 0
197 5
198 2
199 1
200 2
201 0
202 0
203 1
204 0
204 0
205 3
206 2
207 1
208 2
209 1
213 0
213 0
214 1
215 0
216 0
217 3
218 1
219 5
220 0
220 0
221 3
222 0
222 0
223 1
226 0
226 0
227 1
228 0
228 0
229 2
230 1
233 0
233 0
234 3
235 2
237 0
239 0
240 1
241 0
241 0
242 1
243 0
243 0
244 3
245 2
246 0
247 0
248 1
249 0
249 0
250 1
251 0
253 0
254 3
255 0
256 0
257 1
258 0
258 0
259 1
260 0
261 0
262 1
267 0
267 0
268 2
269 0
275 0
276 1
277 2
278 1
284 2
285 0
285 0
286 1
289 0
290 0
291 2
292 0
292 0
293 3
294 0
294 0
295 1
296 0
299 0
300 1
301 0
301 0
302 2
304 0
305 0
306 2
308 0
308 0
309 2
311 1
312 0
312 0
313 4
314 1
315 2
316 0
316 0
317 1
318 0
318 0
319 2
322 1
323 2
324 0
324 0
325 2
328 0
331 0
332 1
334 0
334 0
335 1
336 0
336 0
337 1
