# Statistics for m=4, N=500, S=2000, all M
# k-definiteness count
17 1
29 29
41 2
55 25
70 1
72 3
73 5
74 7
75 5
76 3
77 1
79 1
93 1
94 2
95 3
96 8
97 5
100 1
105 1
108 1
109 1
110 3
111 6
112 2
113 1
115 1
125 1
126 1
127 1
129 2
130 4
131 1
132 2
133 1
134 1
144 3
147 1
149 1
150 2
151 5
152 1
153 2
155 1
161 1
162 1
166 1
168 4
169 2
170 2
172 2
173 2
176 1
178 2
179 4
180 2
181 1
183 2
184 3
185 1
186 2
190 1
193 1
194 2
197 5
198 2
199 1
200 2
203 1
205 3
206 2
207 1
208 2
209 1
210 1
211 1
212 1
214 1
217 3
218 1
219 5
221 3
223 1
224 1
225 1
227 1
229 2
230 1
231 1
232 1
234 3
235 2
236 2
240 1
242 1
244 3
245 2
248 1
250 1
254 3
257 1
259 1
262 1
263 1
264 1
265 1
266 1
268 2
276 1
277 2
278 1
279 1
280 1
281 1
282 1
283 1
284 2
286 1
287 1
288 1
291 2
293 3
295 1
300 1
302 2
303 2
306 2
307 2
309 2
310 2
311 1
313 4
314 1
315 2
317 1
319 2
320 2
321 2
322 1
323 2
325 2
326 2
327 2
332 1
333 1
335 1
337 1
