0 0
1 138
2 227
3 234
4 211
5 178
6 201
7 157
8 185
9 163
10 142
11 132
12 148
13 128
14 108
15 126
16 90
17 102
18 93
19 103
20 98
21 59
22 77
23 72
24 75
25 95
26 74
27 76
28 74
29 56
30 69
31 52
32 50
34 46
35 53
36 38
37 39
38 40
39 38
40 42
41 28
42 35
43 33
44 28
45 40
46 38
47 28
48 36
49 33
50 32
51 27
52 37
53 34
54 24
55 35
56 22
57 14
58 19
59 27
60 24
61 20
62 17
63 18
64 20
65 16
66 13
67 21
68 23
69 16
70 18
71 17
72 5
73 15
75 6
76 11
77 9
78 12
79 6
81 13
82 15
83 11
84 12
85 11
86 10
87 5
88 6
90 7
91 11
93 4
94 5
95 6
96 2
97 4
99 6
100 5
103 1
105 3
106 4
107 6
108 3
109 4
110 0
110 0
111 4
112 5
113 4
114 1
115 4
116 3
118 4
119 7
120 3
123 2
124 1
125 5
126 3
127 0
127 0
128 2
129 4
131 0
131 0
132 4
133 3
136 2
137 3
138 2
139 3
141 1
143 2
145 0
147 0
148 1
150 2
152 0
152 0
153 1
154 0
154 0
155 6
156 1
157 0
158 0
159 3
160 1
163 4
164 1
165 0
165 0
166 4
167 1
168 0
168 0
169 1
170 2
171 1
172 0
174 0
175 1
178 0
178 0
179 1
181 2
182 1
183 0
186 0
187 1
188 0
194 0
195 1
197 0
197 0
198 2
199 0
201 0
202 1
205 0
205 0
206 1
207 2
208 1
209 2
211 0
212 0
213 1
216 2
217 1
218 2
219 0
221 0
222 1
223 0
223 0
224 1
225 0
225 0
226 1
227 0
232 0
233 1
234 0
234 0
235 1
236 0
246 0
247 1
248 0
250 0
251 1
252 0
254 0
255 1
256 0
269 0
270 1
271 0
271 0
272 1
273 0
289 0
290 1
291 0
311 0
312 1
313 0
313 0
314 1
315 0
319 0
320 1
321 0
321 0
322 1
323 0
342 0
343 1
344 0
346 0
347 1
348 0
358 0
359 1
360 0
368 0
369 1
370 0
371 0
372 1
373 0
381 0
382 1
383 0
404 0
405 1
406 0
436 0
437 1
438 0
694 0
695 1
696 0
907 0
908 1
