2 0.0677054349842
3 0.111111111111
4 0.150250417362
5 0.183268410313
6 0.22055277314
7 0.249675384901
8 0.283991838249
9 0.314227416064
10 0.340567612688
11 0.365052865888
12 0.392506028566
13 0.416249304396
14 0.436282693378
15 0.459654980523
16 0.476349471341
17 0.495269894268
18 0.512520868114
19 0.531626785383
20 0.54980523094
21 0.560749397143
22 0.57503246151
23 0.588388054164
24 0.602300129846
25 0.619922092376
26 0.633648673715
27 0.64774624374
28 0.661472825079
29 0.671860508254
30 0.684659617882
31 0.694305323688
32 0.703580040809
33 0.71285475793
34 0.721387497681
35 0.73121869783
36 0.738267482842
37 0.745501762196
38 0.752921535893
39 0.759970320905
40 0.767761083287
41 0.772954924875
42 0.77944722686
43 0.78556854016
44 0.790762381747
45 0.798182155444
46 0.805230940456
47 0.810424782044
48 0.817102578371
49 0.823223891671
50 0.829159710629
51 0.834168057874
52 0.841031348544
53 0.847338156186
54 0.851790020404
55 0.858282322389
56 0.862363197922
57 0.864960118716
58 0.868484511222
59 0.873492858468
60 0.877944722686
61 0.881654609534
62 0.884808013356
63 0.888146911519
64 0.891856798368
65 0.894824707846
66 0.897236134298
67 0.901131515489
68 0.905397885364
69 0.908365794843
70 0.911704693007
71 0.914858096828
72 0.91578556854
73 0.918567983676
74 0.921350398813
75 0.922463364867
76 0.924503802634
77 0.926173251716
78 0.928399183825
79 0.929512149879
80 0.930625115934
81 0.933036542385
82 0.935818957522
83 0.937859395288
84 0.940085327398
85 0.942125765164
86 0.943980708588
87 0.944908180301
88 0.946021146355
89 0.94713411241
90 0.948432572807
91 0.950473010573
92 0.95251344834
93 0.95325542571
94 0.954182897422
95 0.955295863476
96 0.955666852161
97 0.956408829531
98 0.9571508069
99 0.958263772955
100 0.959191244667
101 0.960118716379
102 0.961046188091
103 0.961231682434
104 0.961417176776
105 0.961973659803
106 0.962715637173
107 0.963828603228
108 0.964385086255
109 0.965127063625
111 0.965869040994
112 0.966796512706
113 0.967538490076
114 0.967723984418
115 0.968465961788
116 0.969022444815
117 0.969578927843
118 0.970320905212
119 0.971619365609
120 0.972175848637
121 0.972732331664
122 0.973288814691
123 0.973659803376
124 0.973845297718
125 0.974772769431
126 0.975329252458
128 0.975700241143
129 0.976442218512
130 0.977184195882
132 0.977926173252
133 0.978482656279
134 0.979039139306
135 0.979595622334
136 0.979966611018
137 0.980523094046
138 0.98089408273
139 0.981450565758
140 0.982007048785
141 0.982192543127
142 0.98237803747
143 0.982749026155
144 0.98312001484
148 0.983305509182
149 0.983491003524
150 0.983861992209
151 0.984232980894
153 0.984418475237
155 0.985531441291
156 0.985716935633
159 0.986273418661
160 0.986458913003
161 0.986644407346
162 0.986829901688
163 0.987571879058
164 0.9877573734
166 0.98849935077
167 0.988684845112
169 0.988870339455
170 0.989241328139
171 0.989426822482
175 0.989612316824
176 0.989797811167
177 0.989983305509
179 0.990168799852
180 0.990354294194
181 0.990725282879
182 0.990910777221
187 0.991096271564
195 0.991281765906
196 0.991467260249
198 0.991838248933
202 0.992023743276
203 0.992209237618
204 0.992394731961
206 0.992580226303
207 0.992951214988
208 0.99313670933
209 0.993507698015
210 0.9938786867
213 0.994064181042
214 0.994249675385
215 0.994435169727
216 0.994806158412
217 0.994991652755
218 0.995362641439
222 0.995548135782
224 0.995733630124
226 0.995919124467
233 0.996104618809
235 0.996290113152
247 0.996475607494
251 0.996661101836
255 0.996846596179
270 0.997032090521
272 0.997217584864
290 0.997403079206
312 0.997588573549
314 0.997774067891
320 0.997959562233
322 0.998145056576
343 0.998330550918
347 0.998516045261
359 0.998701539603
369 0.998887033945
372 0.999072528288
382 0.99925802263
405 0.999443516973
437 0.999629011315
695 0.999814505658
908 1.0
