7 0.008
10 0.088
16 0.136
22 0.144
24 0.176
25 0.2
29 0.216
30 0.232
31 0.248
32 0.272
34 0.288
35 0.304
37 0.312
38 0.328
39 0.344
41 0.352
42 0.392
44 0.4
45 0.424
50 0.432
51 0.456
52 0.464
55 0.472
56 0.488
57 0.504
58 0.544
59 0.552
60 0.568
62 0.576
63 0.584
65 0.592
71 0.6
72 0.616
73 0.624
74 0.64
78 0.648
79 0.656
80 0.664
82 0.68
83 0.688
84 0.712
85 0.76
86 0.768
87 0.8
88 0.816
91 0.832
92 0.872
93 0.896
94 0.904
96 0.912
97 0.928
98 0.936
99 0.944
100 0.96
104 0.968
106 0.976
107 0.984
109 1.0
