0 0
1 0.00111296605454
2 0.00593581895752
3 0.0244852531998
4 0.0595436839176
5 0.122240771656
6 0.199962901132
7 0.297532925246
8 0.404563160824
9 0.51604526062
10 0.620849564088
11 0.721943980709
12 0.799295121499
13 0.857725839362
14 0.89890558338
15 0.933222036728
16 0.95251344834
17 0.967538490076
18 0.977740678909
19 0.982749026155
20 0.986829901688
21 0.989055833797
22 0.989983305509
23 0.991467260249
24 0.992023743276
25 0.993322203673
26 0.993507698015
27 0.994064181042
28 0.994435169727
30 0.994991652755
31 0.995177147097
32 0.995548135782
33 0.995919124467
36 0.996104618809
37 0.996290113152
38 0.996475607494
40 0.996846596179
41 0.997217584864
42 0.997403079206
43 0.997588573549
44 0.997774067891
46 0.998145056576
49 0.998330550918
50 0.998516045261
51 0.998887033945
52 0.99925802263
57 0.999443516973
60 0.999629011315
62 0.999814505658
67 1.0
