# Statistics for m=1, N=500, S=200000, M=20
# k-definiteness count
1 0
2 0
3 0
4 0
5 0
6 0
7 0
8 0
9 0
10 0
11 0
12 0
13 0
14 0
15 0
16 0
17 0
18 0
19 0
20 0
21 0
22 0
23 0
24 0
25 0
26 0
27 0
28 0
29 0
30 0
31 0
32 0
33 0
34 0
35 0
36 0
37 0
38 0
39 0
40 0
41 0
42 0
43 0
44 0
45 0
46 0
47 0
48 0
49 0
50 0
51 0
52 0
53 0
54 0
55 0
56 0
57 0
58 0
59 0
60 0
61 0
62 0
63 0
64 0
65 0
66 0
67 0
68 0
69 0
70 0
71 0
72 0
73 0
74 0
75 0
76 0
77 0
78 0
79 0
80 0
81 0
82 0
83 0
84 0
85 0
86 0
87 0
88 0
89 0
90 0
91 0
92 0
93 0
94 0
95 0
96 0
97 0
98 0
99 0
100 0
101 0
102 0
103 0
104 0
105 0
106 0
107 0
108 0
109 0
110 0
111 0
112 0
113 0
114 0
115 0
116 0
117 0
118 0
119 0
120 0
121 0
122 0
123 0
124 0
125 0
126 0
127 0
128 0
129 0
130 0
131 0
132 0
133 0
134 0
135 0
136 0
137 0
138 0
139 0
140 0
141 0
142 0
143 0
144 0
145 0
146 0
147 0
148 0
149 0
150 0
151 0
152 0
153 0
154 0
155 0
156 0
157 0
158 0
159 0
160 0
161 0
162 0
163 0
164 0
165 0
166 0
167 0
168 0
169 0
170 0
171 0
172 0
173 0
174 0
175 0
176 0
177 0
178 0
179 0
180 0
181 0
182 0
183 0
184 0
185 0
186 0
187 0
188 0
189 0
190 0
191 0
192 0
193 0
194 0
195 0
196 0
197 0
198 0
199 0
200 0
201 0
202 0
203 0
204 0
205 0
206 0
207 0
208 0
209 0
210 0
211 0
212 0
213 0
214 0
215 0
216 0
217 0
218 0
219 0
220 0
221 0
222 0
223 0
224 0
225 0
226 0
227 0
228 0
229 0
230 0
231 0
232 0
233 0
234 0
235 0
236 0
237 0
238 0
239 0
240 0
241 0
242 0
243 0
244 0
245 0
246 0
247 0
248 0
249 0
250 0
251 0
252 0
253 0
254 0
255 0
256 0
257 0
258 0
259 0
260 0
261 0
262 0
263 0
264 0
265 0
266 0
267 0
268 0
269 0
270 0
271 0
272 0
273 0
274 0
275 0
276 0
277 0
278 0
279 0
280 0
281 0
282 0
283 0
284 0
285 0
286 0
287 0
288 0
289 0
290 0
291 0
292 0
293 0
294 0
295 0
296 0
297 0
298 0
299 0
300 0
301 0
302 0
303 0
304 0
305 0
306 0
307 0
308 0
309 0
310 0
311 0
312 0
313 0
314 0
315 0
316 0
317 0
318 0
319 0
320 0
321 0
322 0
323 0
324 0
325 0
326 0
327 0
328 0
329 0
330 0
331 0
332 0
333 0
334 0
335 0
336 0
337 0
338 0
339 0
340 0
341 0
342 0
343 0
344 0
345 0
346 0
347 1
348 0
349 0
350 0
351 0
352 0
353 1
354 1
355 1
356 2
357 2
358 2
359 3
360 0
361 2
362 1
363 0
364 0
365 1
366 0
367 3
368 2
369 4
370 3
371 4
372 1
373 2
374 3
375 2
376 3
377 3
378 3
379 3
380 3
381 4
382 2
383 4
384 1
385 6
386 4
387 2
388 8
389 0
390 2
391 3
392 6
393 3
394 5
395 8
396 5
397 3
398 2
399 8
400 11
401 4
402 3
403 3
404 9
405 6
406 3
407 4
408 8
409 2
410 2
411 7
412 5
413 4
414 5
415 4
416 3
417 0
418 5
419 3
420 3
421 1
422 7
423 3
424 4
425 2
426 2
427 2
428 2
429 1
430 1
431 2
432 2
433 1
434 3
435 0
436 0
437 0
438 0
439 0
440 1
441 1
442 0
443 0
444 0
445 3
446 1
447 1
448 0
449 0
450 0
451 0
452 0
453 1
454 1
455 1
456 0
457 0
458 0
459 1
460 0
461 0
462 0
463 0
464 0
465 0
466 0
467 0
468 0
469 0
470 0
471 0
472 0
473 0
474 0
475 0
476 0
477 0
478 0
479 0
480 0
481 0
482 0
483 0
484 0
485 0
486 0
487 0
488 1
489 0
490 0
491 0
492 0
493 1
494 0
495 0
496 0
497 0
498 0
499 0
500 0
501 0
502 0
503 0
504 0
505 0
506 0
507 0
508 0
509 2
510 0
511 0
512 0
513 0
514 0
515 0
516 0
517 0
518 0
519 0
520 0
521 1
522 1
523 2
524 1
525 1
526 1
527 4
528 2
529 1
530 1
531 2
532 3
533 3
534 0
535 4
536 0
537 2
538 1
539 1
540 2
541 3
542 4
543 3
544 3
545 4
546 4
547 6
548 6
549 3
550 3
551 4
552 5
553 9
554 2
555 9
556 3
557 8
558 9
559 12
560 10
561 5
562 8
563 13
564 8
565 9
566 4
567 3
568 6
569 7
570 10
571 12
572 12
573 11
574 14
575 8
576 17
577 9
578 5
579 12
580 15
581 7
582 12
583 7
584 10
585 10
586 6
587 11
588 10
589 11
590 13
591 10
592 16
593 8
594 8
595 15
596 10
597 15
598 10
599 9
600 13
601 12
602 9
603 18
604 11
605 11
606 16
607 10
608 12
609 11
610 9
611 10
612 18
613 17
614 9
615 12
616 15
617 13
618 13
619 6
620 9
621 13
622 10
623 9
624 8
625 7
626 7
627 7
628 11
629 10
630 8
631 6
632 12
633 10
634 9
635 13
636 6
637 7
638 3
639 7
640 2
641 7
642 11
643 7
644 9
645 10
646 4
647 4
648 7
649 4
650 8
651 5
652 7
653 5
654 11
655 3
656 6
657 5
658 4
659 3
660 3
661 2
662 5
663 3
664 3
665 6
666 8
667 6
668 4
669 5
670 2
671 3
672 2
673 0
674 4
675 0
676 5
677 7
678 2
679 1
680 2
681 4
682 5
683 4
684 3
685 3
686 4
687 1
688 0
689 1
690 2
691 3
692 1
693 4
694 1
695 3
696 0
697 3
698 3
699 0
700 0
701 1
702 2
703 2
704 0
705 0
706 1
707 4
708 0
709 1
710 0
711 1
712 0
713 0
714 0
715 4
716 1
717 0
718 0
719 1
720 0
721 0
722 1
723 1
724 0
725 0
726 0
727 3
728 2
729 1
730 0
731 0
732 0
733 0
734 0
735 0
736 0
737 0
738 0
739 0
740 1
741 0
742 0
743 0
744 0
745 0
746 1
747 0
748 0
749 0
750 0
751 0
752 0
753 0
754 0
755 1
