# Statistics for m=1, N=500, S=200000, M=22
# k-definiteness count
1 0
2 0
3 0
4 0
5 0
6 0
7 0
8 0
9 0
10 0
11 0
12 0
13 0
14 0
15 0
16 0
17 0
18 0
19 0
20 0
21 0
22 0
23 0
24 0
25 0
26 0
27 0
28 0
29 0
30 0
31 0
32 0
33 0
34 0
35 0
36 0
37 0
38 0
39 0
40 0
41 0
42 0
43 0
44 0
45 0
46 0
47 0
48 0
49 0
50 0
51 0
52 0
53 0
54 0
55 0
56 0
57 0
58 0
59 0
60 0
61 0
62 0
63 0
64 0
65 0
66 0
67 0
68 0
69 0
70 0
71 0
72 0
73 0
74 0
75 0
76 0
77 0
78 0
79 0
80 0
81 0
82 0
83 0
84 0
85 0
86 0
87 0
88 0
89 0
90 0
91 0
92 0
93 0
94 0
95 0
96 0
97 0
98 0
99 0
100 0
101 0
102 0
103 0
104 0
105 0
106 0
107 0
108 0
109 0
110 0
111 0
112 0
113 0
114 0
115 0
116 0
117 0
118 0
119 0
120 0
121 0
122 0
123 0
124 0
125 0
126 0
127 0
128 0
129 0
130 0
131 0
132 0
133 0
134 0
135 0
136 0
137 0
138 0
139 0
140 0
141 0
142 0
143 0
144 0
145 0
146 0
147 0
148 0
149 0
150 0
151 0
152 0
153 0
154 0
155 0
156 0
157 0
158 0
159 0
160 0
161 0
162 0
163 0
164 0
165 0
166 0
167 0
168 0
169 0
170 0
171 0
172 0
173 0
174 0
175 0
176 0
177 0
178 0
179 0
180 0
181 0
182 0
183 0
184 0
185 0
186 0
187 0
188 0
189 0
190 0
191 0
192 0
193 0
194 0
195 0
196 0
197 0
198 0
199 0
200 0
201 0
202 0
203 0
204 0
205 0
206 0
207 0
208 0
209 0
210 0
211 0
212 0
213 0
214 0
215 0
216 0
217 0
218 0
219 0
220 0
221 0
222 0
223 0
224 0
225 0
226 0
227 0
228 0
229 0
230 0
231 0
232 0
233 0
234 0
235 0
236 0
237 0
238 0
239 0
240 0
241 0
242 0
243 0
244 0
245 0
246 0
247 0
248 0
249 0
250 0
251 0
252 0
253 0
254 0
255 0
256 0
257 0
258 0
259 0
260 0
261 0
262 0
263 0
264 0
265 0
266 0
267 0
268 0
269 0
270 0
271 0
272 0
273 0
274 0
275 0
276 0
277 0
278 0
279 0
280 0
281 0
282 0
283 0
284 0
285 0
286 0
287 0
288 0
289 0
290 0
291 0
292 0
293 0
294 0
295 0
296 0
297 0
298 0
299 0
300 0
301 0
302 0
303 0
304 0
305 0
306 0
307 0
308 0
309 0
310 0
311 0
312 0
313 0
314 0
315 0
316 0
317 0
318 0
319 0
320 0
321 0
322 0
323 0
324 0
325 0
326 0
327 0
328 0
329 0
330 0
331 0
332 0
333 0
334 0
335 0
336 0
337 0
338 0
339 0
340 0
341 0
342 0
343 0
344 0
345 0
346 0
347 0
348 0
349 0
350 0
351 0
352 0
353 0
354 0
355 0
356 0
357 0
358 0
359 0
360 0
361 0
362 0
363 0
364 0
365 0
366 0
367 0
368 0
369 0
370 0
371 0
372 0
373 0
374 1
375 0
376 0
377 0
378 0
379 0
380 0
381 0
382 1
383 0
384 0
385 0
386 0
387 0
388 1
389 1
390 0
391 0
392 0
393 0
394 1
395 1
396 0
397 1
398 0
399 0
400 2
401 1
402 0
403 3
404 3
405 1
406 3
407 4
408 0
409 2
410 0
411 4
412 4
413 2
414 3
415 2
416 0
417 0
418 1
419 3
420 3
421 3
422 5
423 0
424 3
425 2
426 3
427 4
428 6
429 3
430 6
431 2
432 4
433 3
434 3
435 2
436 3
437 7
438 4
439 3
440 5
441 5
442 5
443 2
444 4
445 3
446 2
447 5
448 1
449 4
450 3
451 4
452 1
453 1
454 2
455 4
456 5
457 2
458 2
459 1
460 1
461 3
462 0
463 3
464 2
465 5
466 4
467 4
468 0
469 2
470 1
471 1
472 3
473 1
474 1
475 2
476 2
477 2
478 1
479 0
480 1
481 0
482 3
483 2
484 0
485 0
486 1
487 1
488 0
489 3
490 0
491 0
492 0
493 1
494 2
495 0
496 0
497 1
498 0
499 1
500 1
501 1
502 1
503 0
504 0
505 0
506 0
507 1
508 0
509 0
510 0
511 0
512 0
513 0
514 0
515 0
516 0
517 0
518 0
519 0
520 0
521 0
522 0
523 1
524 0
525 0
526 0
527 0
528 0
529 0
530 0
531 0
532 0
533 0
534 0
535 0
536 0
537 0
538 0
539 1
540 0
541 0
542 0
543 0
544 0
545 0
546 0
547 0
548 0
549 0
550 0
551 0
552 0
553 0
554 0
555 0
556 0
557 0
558 0
559 0
560 0
561 0
562 3
563 0
564 0
565 0
566 0
567 0
568 0
569 0
570 1
571 0
572 0
573 2
574 1
575 0
576 1
577 0
578 2
579 3
580 1
581 0
582 0
583 2
584 0
585 1
586 1
587 2
588 1
589 1
590 4
591 2
592 1
593 6
594 3
595 3
596 0
597 2
598 4
599 1
600 3
601 5
602 6
603 4
604 4
605 1
606 2
607 2
608 4
609 5
610 4
611 4
612 4
613 11
614 6
615 4
616 6
617 7
618 4
619 7
620 4
621 8
622 8
623 8
624 5
625 6
626 8
627 5
628 10
629 6
630 8
631 6
632 10
633 4
634 14
635 11
636 7
637 6
638 8
639 6
640 4
641 5
642 5
643 4
644 6
645 8
646 12
647 7
648 10
649 8
650 7
651 7
652 11
653 12
654 8
655 9
656 8
657 12
658 7
659 8
660 10
661 9
662 8
663 13
664 8
665 14
666 6
667 11
668 9
669 5
670 9
671 5
672 5
673 6
674 8
675 11
676 7
677 11
678 7
679 4
680 16
681 11
682 5
683 5
684 2
685 10
686 9
687 6
688 7
689 8
690 9
691 11
692 9
693 5
694 6
695 5
696 10
697 2
698 4
699 10
700 6
701 5
702 7
703 2
704 5
705 6
706 7
707 7
708 5
709 4
710 4
711 3
712 9
713 4
714 10
715 1
716 6
717 2
718 3
719 2
720 9
721 8
722 4
723 7
724 4
725 2
726 2
727 7
728 9
729 3
730 6
731 5
732 3
733 7
734 1
735 3
736 3
737 3
738 1
739 4
740 1
741 3
742 2
743 1
744 2
745 1
746 4
747 3
748 3
749 2
750 2
751 4
752 4
753 1
754 1
755 5
756 2
757 1
758 2
759 0
760 4
761 1
762 2
763 1
764 0
765 3
766 0
767 0
768 6
769 0
770 3
771 2
772 1
773 1
774 0
775 3
776 0
777 2
778 1
779 1
780 1
781 0
782 0
783 1
784 0
785 1
786 1
787 0
788 0
789 0
790 0
791 0
792 0
793 0
794 0
795 0
796 0
797 0
798 0
799 0
800 0
801 0
802 0
803 1
804 0
805 0
806 0
807 1
808 1
809 0
810 0
811 0
812 0
813 0
814 2
815 0
816 0
817 0
818 0
819 0
820 0
821 0
822 0
823 0
824 0
825 0
826 2
827 0
828 0
829 0
830 0
831 0
832 0
833 0
834 0
835 0
836 0
837 0
838 0
839 0
840 0
841 0
842 0
843 0
844 0
845 0
846 0
847 0
848 0
849 0
850 0
851 1
