4 0
5 1.18889100247e-05
6 2.37778200495e-05
7 5.94445501236e-05
8 9.51112801978e-05
9 0.000261556020544
10 0.00067766787141
11 0.00150989157314
12 0.00290089404603
13 0.00511223131063
14 0.00867890431805
15 0.012994578657
16 0.0194740346205
17 0.0266668251855
18 0.0343827277915
19 0.0423720753281
20 0.0502306448545
21 0.0587549933422
22 0.0653295605859
23 0.0719754612897
24 0.0766002472893
25 0.0807375879779
26 0.0843755944455
27 0.0866225984402
28 0.0882870458436
29 0.0897256039566
30 0.090878828229
31 0.0926027201826
32 0.0938986113753
33 0.0956106144189
34 0.0972631729123
35 0.0992486208864
36 0.101400513601
37 0.103885295796
38 0.106393855811
39 0.108997527107
40 0.111731976412
41 0.114406981168
42 0.116998763553
43 0.119590545939
44 0.122182328324
45 0.124595777059
46 0.127199448355
47 0.12966045273
48 0.132442457675
49 0.135307684991
50 0.138184801217
51 0.141192695454
52 0.144521590261
53 0.147933707438
54 0.151274491155
55 0.155043275632
56 0.15865750428
57 0.162319288568
58 0.165838405935
59 0.169381301122
60 0.17301930759
61 0.176419535857
62 0.179011318242
63 0.181757656458
64 0.184325661023
65 0.186750998668
66 0.188902891383
67 0.191138006468
68 0.193396899372
69 0.195322902796
70 0.19717757276
71 0.199270020924
72 0.201362469089
73 0.203657028724
74 0.206058588549
75 0.208127258893
76 0.210707152368
77 0.213310823664
78 0.215617272208
79 0.218387388244
80 0.22110994864
81 0.224070287236
82 0.227327848583
83 0.230074186799
84 0.232868080654
85 0.235935419441
86 0.238741202207
87 0.241368651322
88 0.243960433707
89 0.246682994103
90 0.249048887198
91 0.251533669393
92 0.253994673768
93 0.255968232832
94 0.258025014267
95 0.260236351531
96 0.262388244246
97 0.26445691459
98 0.266608807305
99 0.268927144759
100 0.270639147803
101 0.272779151607
102 0.274764599582
103 0.277106714856
104 0.279246718661
105 0.281529389386
106 0.28388339357
107 0.286118508655
108 0.288044512079
109 0.290315293894
110 0.292609853529
111 0.295082746814
112 0.297496195549
113 0.299707532813
114 0.301752425338
115 0.303928095872
116 0.306139433137
117 0.308457770592
118 0.310621552216
119 0.312832889481
120 0.314628114894
121 0.316803785429
122 0.318563344113
123 0.320786570287
124 0.322581795701
125 0.324781244056
126 0.32679046985
127 0.328859140194
128 0.330832699258
129 0.332556591212
130 0.334637150466
131 0.33664637626
132 0.338477268404
133 0.340474605288
134 0.342269830702
135 0.344374167776
136 0.34621694883
137 0.348214285714
138 0.350449400799
139 0.352553737873
140 0.354396518927
141 0.356453300361
142 0.358379303785
143 0.36044797413
144 0.362409644284
145 0.364549648088
146 0.366404318052
147 0.368318432566
148 0.37032765836
149 0.372372550885
150 0.374203443028
151 0.376343446833
152 0.378103005516
153 0.37985067529
154 0.381848012174
155 0.383643237588
156 0.385295796081
157 0.387340688606
158 0.389112136199
159 0.390776583603
160 0.392405364276
161 0.39415303405
162 0.395983926194
163 0.397767262697
164 0.399824044132
165 0.401476602625
166 0.403236161309
167 0.404936275442
168 0.406541278296
169 0.408336503709
170 0.410214951493
171 0.412022065817
172 0.413852957961
173 0.415588738824
174 0.417288852958
175 0.419107856192
176 0.420724747955
177 0.422603195739
178 0.424101198402
179 0.425836979266
180 0.427501426669
181 0.429094540613
182 0.430663876736
183 0.432328324139
184 0.434028438273
185 0.435621552216
186 0.437167110519
187 0.438831557923
188 0.440496005326
189 0.441970230169
190 0.443658455393
191 0.445180235876
192 0.446820905459
193 0.448461575043
194 0.450066577896
195 0.451647802929
196 0.453122027772
197 0.454572474796
198 0.456189366559
199 0.457782480502
200 0.458995149325
201 0.460635818908
202 0.461979265741
203 0.463465379494
204 0.465058493437
205 0.466627829561
206 0.468327943694
207 0.470135058018
208 0.471526060491
209 0.473107285524
210 0.474688510557
211 0.47619840213
212 0.477601293513
213 0.478980407076
214 0.480514076469
215 0.481881301122
216 0.483212859045
217 0.484722750618
218 0.486185086551
219 0.487409644284
220 0.489026536047
221 0.49052453871
222 0.492070097014
223 0.493591877497
224 0.49522065817
225 0.496480882633
226 0.497883774016
227 0.499322332129
228 0.501081890812
229 0.502579893475
230 0.503923340308
231 0.505290564961
232 0.506883678904
233 0.508369792657
234 0.50961812821
235 0.511294464523
236 0.512709244816
237 0.51421913639
238 0.515657694503
239 0.517191363896
240 0.518725033289
241 0.520056591212
242 0.521364371314
243 0.522636484687
244 0.52403937607
245 0.525513600913
246 0.526797603196
247 0.528152938939
248 0.529603385962
249 0.531065721895
250 0.532587502378
251 0.534085505041
252 0.535405174054
253 0.536831843257
254 0.53829417919
255 0.539744626213
256 0.541099961955
257 0.542324519688
258 0.543549077421
259 0.544904413163
260 0.546307304546
261 0.547686418109
262 0.548827753472
263 0.550087977934
264 0.551348202397
265 0.552644093589
266 0.554130207343
267 0.555330987255
268 0.556603100628
269 0.55764932471
270 0.558659882062
271 0.559813106334
272 0.560894997147
273 0.562143332699
274 0.563320334792
275 0.564568670344
276 0.565828894807
277 0.56710100818
278 0.568313677002
279 0.569395567814
280 0.570525014267
281 0.571844683279
282 0.573140574472
283 0.574591021495
284 0.575720467947
285 0.57688558113
286 0.578169583413
287 0.579287140955
288 0.580583032148
289 0.58184325661
290 0.582889480692
291 0.583864371314
292 0.585077040137
293 0.586087597489
294 0.587383488682
295 0.588596157504
296 0.589737492867
297 0.590652938939
298 0.591687274111
299 0.592971276393
300 0.594112611756
301 0.595289613848
302 0.59635961575
303 0.597512840023
304 0.598594730835
305 0.599629066007
306 0.600687178999
307 0.601685847442
308 0.602672626974
309 0.603706962146
310 0.604705630588
311 0.60557352102
312 0.606619745102
313 0.607844302834
314 0.609009416017
315 0.610329085029
316 0.611339642382
317 0.612623644664
318 0.613741202207
319 0.614846870839
320 0.615869317101
321 0.617165208294
322 0.618413543846
323 0.619614323759
324 0.620660547841
325 0.621766216473
326 0.623121552216
327 0.624239109758
328 0.6252377782
329 0.626248335553
330 0.627330226365
331 0.628352672627
332 0.629398896709
333 0.630373787331
334 0.631408122503
335 0.632454346586
336 0.633488681758
337 0.63438035001
338 0.635402796272
339 0.636520353814
340 0.637626022446
341 0.638529579608
342 0.63949258132
343 0.640538805402
344 0.641585029484
345 0.642417253186
346 0.643344588168
347 0.64405792277
348 0.645139813582
349 0.646031481834
350 0.647089594826
351 0.648052596538
352 0.64889670915
353 0.649788377402
354 0.650751379114
355 0.651726269736
356 0.652713049268
357 0.653592828609
358 0.654591497052
359 0.655471276393
360 0.656529389386
361 0.657682613658
362 0.65853861518
363 0.659477839072
364 0.660393285144
365 0.661284953395
366 0.662283621838
367 0.66328229028
368 0.664316625452
369 0.665148849154
370 0.666076184135
371 0.667110519308
372 0.667859520639
373 0.668584744151
374 0.669630968233
375 0.670486969755
376 0.671449971467
377 0.672139528248
378 0.67300741868
379 0.673815864562
380 0.674529199163
381 0.675563534335
382 0.676526536047
383 0.677430093209
384 0.678238539091
385 0.679142096253
386 0.679962431044
387 0.680758988016
388 0.681710100818
389 0.6825185467
390 0.683422103862
391 0.684194883013
392 0.685074662355
393 0.685966330607
394 0.686893665589
395 0.687773444931
396 0.688629446452
397 0.689437892334
398 0.690198782576
399 0.690995339547
400 0.691839452159
401 0.692671675861
402 0.693599010843
403 0.694348012174
404 0.695275347156
405 0.696095681948
406 0.69690412783
407 0.697629351341
408 0.698556686323
409 0.699460243485
410 0.700256800457
411 0.701065246338
412 0.70188558113
413 0.702622693551
414 0.703419250523
415 0.704156362945
416 0.704845919726
417 0.705594921058
418 0.706272588929
419 0.707176146091
420 0.707960814153
421 0.708911926955
422 0.709886817577
423 0.710588263268
424 0.71137293133
425 0.712026821381
426 0.712787711623
427 0.713631824234
428 0.714416492296
429 0.715284382728
430 0.715962050599
431 0.716627829561
432 0.717281719612
433 0.718244721324
434 0.719005611566
435 0.719742723987
436 0.720444169679
437 0.72119317101
438 0.722001616892
439 0.722738729313
440 0.723535286285
441 0.724165398516
442 0.724950066578
443 0.72577040137
444 0.726638291801
445 0.727339737493
446 0.728207627925
447 0.728849629066
448 0.729455963477
449 0.730193075899
450 0.73100152178
451 0.731750523112
452 0.732380635343
453 0.733093969945
454 0.733795415636
455 0.734401750048
456 0.735067529009
457 0.7357689747
458 0.736434753662
459 0.737290755184
460 0.737956534145
461 0.738681757656
462 0.739383203348
463 0.7401559825
464 0.740821761461
465 0.741392429142
466 0.742034430283
467 0.742700209245
468 0.743389766026
469 0.743936655887
470 0.744626212669
471 0.74517310253
472 0.745922103862
473 0.746659216283
474 0.747408217615
475 0.748026440936
476 0.748668442077
477 0.749369887769
478 0.75
479 0.750594445501
480 0.751177002092
481 0.751771447594
482 0.752389670915
483 0.752948449686
484 0.753495339547
485 0.754137340689
486 0.75489823093
487 0.755468898611
488 0.756075233023
489 0.756824234354
490 0.757406790945
491 0.757894236256
492 0.758464903938
493 0.759083127259
494 0.75971323949
495 0.760331462811
496 0.760985352863
497 0.761793798745
498 0.762447688796
499 0.763125356667
500 0.763743579989
501 0.7644688035
502 0.765027582271
503 0.765705250143
504 0.766406695834
505 0.767001141335
506 0.767643142477
507 0.768285143618
508 0.768760700019
509 0.7693313677
510 0.769818813011
511 0.770401369602
512 0.770995815104
513 0.771721038615
514 0.772351150846
515 0.772945596348
516 0.773516264029
517 0.77422959863
518 0.774871599772
519 0.775501712003
520 0.776001046224
521 0.776583602815
522 0.777130492676
523 0.777820049458
524 0.778497717329
525 0.77906838501
526 0.779662830512
527 0.780269164923
528 0.780768499144
529 0.781458055925
530 0.782040612517
531 0.782587502378
532 0.783051169869
533 0.78359805973
534 0.784180616321
535 0.784668061632
536 0.784929617653
537 0.785464618604
538 0.786070953015
539 0.786546509416
540 0.787188510557
541 0.787616511318
542 0.788092067719
543 0.78856762412
544 0.789043180521
545 0.789697070573
546 0.790255849344
547 0.790897850485
548 0.791337740156
549 0.791789518737
550 0.792158074948
551 0.792657409169
552 0.79310918775
553 0.793751188891
554 0.794262412022
555 0.794880635343
556 0.795272969374
557 0.795796081415
558 0.796307304546
559 0.797008750238
560 0.797603195739
561 0.79804308541
562 0.798613753091
563 0.799327087693
564 0.799790755184
565 0.800183089214
566 0.800611089975
567 0.801015312916
568 0.801550313867
569 0.802002092448
570 0.802608426859
571 0.803143427811
572 0.803642762032
573 0.804082651702
574 0.804748430664
575 0.805176431425
576 0.805842210386
577 0.806317766787
578 0.806745767548
579 0.807352101959
580 0.80783954727
581 0.808338881491
582 0.809052216093
583 0.809515883584
584 0.809872550885
585 0.810324329465
586 0.810704774586
587 0.811144664257
588 0.811703443028
589 0.812131443789
590 0.81266644474
591 0.813142001141
592 0.813677002092
593 0.814033669393
594 0.814497336884
595 0.815020448925
596 0.815603005516
597 0.816197451018
598 0.816673007419
599 0.81707723036
600 0.8174814533
601 0.817933231881
602 0.818396899372
603 0.818955678143
604 0.819371789994
605 0.819883013125
606 0.820358569526
607 0.820810348107
608 0.821238348868
609 0.821618793989
610 0.82202301693
611 0.822462906601
612 0.822950351912
613 0.823509130683
614 0.824020353814
615 0.824531576945
616 0.825209244816
617 0.825661023397
618 0.826112801978
619 0.826493247099
620 0.8269688035
621 0.827468137721
622 0.827896138482
623 0.828324139243
624 0.828728362184
625 0.829168251855
626 0.829548696975
627 0.830048031196
628 0.830594921058
629 0.831082366369
630 0.831486589309
631 0.83186703443
632 0.832402035381
633 0.832770591592
634 0.833269925813
635 0.833816815674
636 0.834304260985
637 0.834553928096
638 0.834910595397
639 0.835255373787
640 0.835540707628
641 0.835921152749
642 0.83638482024
643 0.83667015408
644 0.836991154651
645 0.837359710862
646 0.837728267072
647 0.838168156743
648 0.838655602054
649 0.839095491725
650 0.839452159026
651 0.839856381967
652 0.840355716188
653 0.840831272589
654 0.84122360662
655 0.841675385201
656 0.842067719232
657 0.842471942172
658 0.842816720563
659 0.843197165684
660 0.843506277344
661 0.843839166825
662 0.844279056496
663 0.844671390527
664 0.845028057828
665 0.845432280768
666 0.845812725889
667 0.84633583793
668 0.846692505231
669 0.847025394712
670 0.847524728933
671 0.847845729504
672 0.848154841164
673 0.848475841735
674 0.848808731216
675 0.849189176336
676 0.849545843637
677 0.849973844398
678 0.850342400609
679 0.850699067909
680 0.85118651322
681 0.851566958341
682 0.851911736732
683 0.852232737303
684 0.852625071333
685 0.853029294274
686 0.853433517215
687 0.853778295606
688 0.854087407267
689 0.854432185657
690 0.854788852958
691 0.855276298269
692 0.85564485448
693 0.85600152178
694 0.856405744721
695 0.856738634202
696 0.857142857143
697 0.857511413354
698 0.857868080654
699 0.858343637055
700 0.858700304356
701 0.858938082557
702 0.859247194217
703 0.859508750238
704 0.859865417539
705 0.860150751379
706 0.86047175195
707 0.860852197071
708 0.861137530911
709 0.861506087122
710 0.861815198783
711 0.862088643713
712 0.862469088834
713 0.862730644854
714 0.863158645615
715 0.863455868366
716 0.863860091307
717 0.864133536237
718 0.864395092258
719 0.864751759559
720 0.86517976032
721 0.8655126498
722 0.865786094731
723 0.866130873122
724 0.866546984972
725 0.866856096633
726 0.867224652844
727 0.867783431615
728 0.868223321286
729 0.868508655126
730 0.868948544797
731 0.869269545368
732 0.869649990489
733 0.87004232452
734 0.870446547461
735 0.870743770211
736 0.871088548602
737 0.871350104622
738 0.871599771733
739 0.871932661214
740 0.872336884154
741 0.872610329085
742 0.872955107476
743 0.873240441316
744 0.873478219517
745 0.873763553357
746 0.874025109378
747 0.874286665399
748 0.874607665969
749 0.87490488872
750 0.875261556021
751 0.875630112231
752 0.875903557162
753 0.876295891193
754 0.876557447213
755 0.876949781244
756 0.877270781815
757 0.877568004565
758 0.877853338406
759 0.878091116606
760 0.878495339547
761 0.878804451208
762 0.879196785239
763 0.879541563629
764 0.87982689747
765 0.880171675861
766 0.880421342971
767 0.880647232262
768 0.880944455012
769 0.881289233403
770 0.881669678524
771 0.882014456915
772 0.882276012935
773 0.882561346776
774 0.882775347156
775 0.883013125357
776 0.883346014837
777 0.883714571048
778 0.883904793609
779 0.884142571809
780 0.88447546129
781 0.88467757276
782 0.884927239871
783 0.885212573711
784 0.885390907362
785 0.885581129922
786 0.885842685943
787 0.886104241963
788 0.886389575804
789 0.886651131824
790 0.886924576755
791 0.887174243865
792 0.887423910976
793 0.887721133726
794 0.887970800837
795 0.888256134678
796 0.888505801788
797 0.888767357809
798 0.889159691839
799 0.88938558113
800 0.8895876926
801 0.889730359521
802 0.890003804451
803 0.890301027202
804 0.890622027772
805 0.890919250523
806 0.891157028724
807 0.891323473464
808 0.891489918204
809 0.891727696405
810 0.891941696785
811 0.892155697166
812 0.892286475176
813 0.892571809017
814 0.892845253947
815 0.893011698687
816 0.893190032338
817 0.893522921819
818 0.893843922389
819 0.89406981168
820 0.8943313677
821 0.894616701541
822 0.894866368651
823 0.895199258132
824 0.895460814153
825 0.895698592353
826 0.895960148374
827 0.896186037664
828 0.896411926955
829 0.896637816245
830 0.896863705535
831 0.897077705916
832 0.897327373026
833 0.897553262317
834 0.897802929427
835 0.898064485448
836 0.898278485828
837 0.898456819479
838 0.898706486589
839 0.89890859806
840 0.89918204299
841 0.899348487731
842 0.899562488111
843 0.899728932851
844 0.899871599772
845 0.900073711242
846 0.900287711623
847 0.900549267643
848 0.900715712383
849 0.901001046224
850 0.901203157695
851 0.901464713715
852 0.901726269736
853 0.901952159026
854 0.902142381586
855 0.902368270877
856 0.902510937797
857 0.902879494008
858 0.903081605478
859 0.903236161309
860 0.903378828229
861 0.903533384059
862 0.90371171771
863 0.90390194027
864 0.904187274111
865 0.904389385581
866 0.904603385962
867 0.904817386342
868 0.905019497812
869 0.905197831463
870 0.905364276203
871 0.905566387674
872 0.905816054784
873 0.905970610614
874 0.906208388815
875 0.906362944645
876 0.906529389386
877 0.906826612136
878 0.907088168157
879 0.907314057447
880 0.907575613468
881 0.907789613848
882 0.908051169869
883 0.908300836979
884 0.90843161499
885 0.90866939319
886 0.90887150466
887 0.909002282671
888 0.909251949781
889 0.909489727982
890 0.909775061822
891 0.909941506563
892 0.910131729123
893 0.910369507324
894 0.910607285524
895 0.910892619365
896 0.911094730835
897 0.911225508845
898 0.911391953586
899 0.911558398326
900 0.911736731976
901 0.911998287997
902 0.912152843827
903 0.912414399848
904 0.912568955678
905 0.912771067149
906 0.912985067529
907 0.913139623359
908 0.91327040137
909 0.91356762412
910 0.913722179951
911 0.913983735971
912 0.914221514172
913 0.914399847822
914 0.914542514742
915 0.914792181853
916 0.914911070953
917 0.915136960243
918 0.915350960624
919 0.915517405364
920 0.915648183375
921 0.915897850485
922 0.916123739776
923 0.916385295796
924 0.916587407267
925 0.916753852007
926 0.916920296747
927 0.917074852578
928 0.917324519688
929 0.917550408979
930 0.917681186989
931 0.917895187369
932 0.918014076469
933 0.91815674339
934 0.91832318813
935 0.91846585505
936 0.918644188701
937 0.918846300171
938 0.919012744912
939 0.919238634202
940 0.919428856762
941 0.919559634773
942 0.919702301693
943 0.919916302073
944 0.920047080084
945 0.920237302644
946 0.920415636294
947 0.920510747575
948 0.920665303405
949 0.920843637055
950 0.921010081796
951 0.921188415446
952 0.921331082366
953 0.921473749287
954 0.921675860757
955 0.921854194407
956 0.922020639148
957 0.922139528248
958 0.922294084078
959 0.922377306449
960 0.922555640099
961 0.922698307019
962 0.92287664067
963 0.92305497432
964 0.92319764124
965 0.92331653034
966 0.923506752901
967 0.923637530911
968 0.923720753281
969 0.923958531482
970 0.924160642952
971 0.924338976603
972 0.924457865703
973 0.924541088073
974 0.924778866274
975 0.924909644284
976 0.925052311204
977 0.925266311585
978 0.925420867415
979 0.925694312345
980 0.925836979266
981 0.925979646186
982 0.926181757656
983 0.926371980217
984 0.926502758227
985 0.926681091877
986 0.926847536618
987 0.927037759178
988 0.927251759559
989 0.927370648659
990 0.927525204489
991 0.92767976032
992 0.92782242724
993 0.92796509416
994 0.928131538901
995 0.928369317101
996 0.928547650751
997 0.928702206582
998 0.928856762412
999 0.928987540422
1000 0.929142096253
1001 0.929379874453
1002 0.929570097014
1003 0.929712763934
1004 0.929855430854
1005 0.929902986494
1006 0.930033764504
1007 0.930176431425
1008 0.930378542895
1009 0.930485543085
1010 0.930568765456
1011 0.930663876736
1012 0.930901654936
1013 0.931008655126
1014 0.931103766407
1015 0.931282100057
1016 0.931436655887
1017 0.931579322808
1018 0.931710100818
1019 0.931852767738
1020 0.931935990108
1021 0.932126212669
1022 0.932256990679
1023 0.932411546509
1024 0.93260176907
1025 0.93267310253
1026 0.93281576945
1027 0.933005992011
1028 0.933101103291
1029 0.933208103481
1030 0.933362659311
1031 0.933469659502
1032 0.933659882062
1033 0.933778771162
1034 0.933909549173
1035 0.934040327183
1036 0.934099771733
1037 0.934230549743
1038 0.934301883203
1039 0.934444550124
1040 0.934622883774
1041 0.934789328514
1042 0.934920106525
1043 0.935038995625
1044 0.935181662545
1045 0.935300551645
1046 0.935407551836
1047 0.935514552026
1048 0.935740441316
1049 0.935859330417
1050 0.936013886247
1051 0.936073330797
1052 0.936132775347
1053 0.936287331177
1054 0.936429998098
1055 0.936536998288
1056 0.936679665208
1057 0.936846109949
1058 0.936929332319
1059 0.937036332509
1060 0.937178999429
1061 0.93732166635
1062 0.93746433327
1063 0.93765455583
1064 0.937773444931
1065 0.937868556211
1066 0.938011223131
1067 0.938082556591
1068 0.938213334601
1069 0.938427334982
1070 0.938534335172
1071 0.938677002092
1072 0.938748335553
1073 0.938807780103
1074 0.938974224843
1075 0.939069336123
1076 0.939188225224
1077 0.939295225414
1078 0.939366558874
1079 0.939449781244
1080 0.939580559254
1081 0.939711337265
1082 0.939806448545
1083 0.939925337645
1084 0.940151226936
1085 0.940246338216
1086 0.940353338406
1087 0.940567338786
1088 0.940698116797
1089 0.940781339167
1090 0.940864561537
1091 0.941007228457
1092 0.941114228648
1093 0.941233117748
1094 0.941304451208
1095 0.941482784858
1096 0.941554118318
1097 0.941649229599
1098 0.941756229789
1099 0.941815674339
1100 0.941898896709
1101 0.942017785809
1102 0.94219611946
1103 0.94227934183
1104 0.94244578657
1105 0.94254089785
1106 0.942600342401
1107 0.942707342591
1108 0.942814342781
1109 0.942992676431
1110 0.943087787712
1111 0.943182898992
1112 0.943301788092
1113 0.943385010462
1114 0.943456343922
1115 0.943539566293
1116 0.943634677573
1117 0.943753566673
1118 0.943955678143
1119 0.944098345064
1120 0.944169678524
1121 0.944324234354
1122 0.944455012364
1123 0.944538234735
1124 0.944657123835
1125 0.944740346205
1126 0.944811679665
1127 0.944978124406
1128 0.945061346776
1129 0.945215902606
1130 0.945334791706
1131 0.945453680807
1132 0.945560680997
1133 0.945620125547
1134 0.945691459007
1135 0.945786570287
1136 0.945893570477
1137 0.945988681758
1138 0.946060015218
1139 0.946131348678
1140 0.946226459958
1141 0.946416682519
1142 0.946440460339
1143 0.946535571619
1144 0.946666349629
1145 0.946809016549
1146 0.94696357238
1147 0.94704679475
1148 0.94713001712
1149 0.94723701731
1150 0.94732023968
1151 0.947415350961
1152 0.947486684421
1153 0.947605573521
1154 0.947748240441
1155 0.947831462811
1156 0.947950351912
1157 0.948069241012
1158 0.948176241202
1159 0.948307019212
1160 0.948402130493
1161 0.948461575043
1162 0.948521019593
1163 0.948592353053
1164 0.948687464333
1165 0.948746908883
1166 0.948853909074
1167 0.948949020354
1168 0.949020353814
1169 0.949091687274
1170 0.949186798554
1171 0.949353243295
1172 0.949460243485
1173 0.949591021495
1174 0.949745577325
1175 0.949828799696
1176 0.949923910976
1177 0.950019022256
1178 0.950102244626
1179 0.950173578086
1180 0.950209244816
1181 0.950292467187
1182 0.950351911737
1183 0.950506467567
1184 0.950649134487
1185 0.950768023588
1186 0.950898801598
1187 0.951005801788
1188 0.951100913068
1189 0.951124690888
1190 0.951207913259
1191 0.951303024539
1192 0.951421913639
1193 0.951517024919
1194 0.951612136199
1195 0.95168346966
1196 0.95177858094
1197 0.95187369222
1198 0.95193313677
1199 0.95205202587
1200 0.95211147042
1201 0.952182803881
1202 0.952242248431
1203 0.952313581891
1204 0.952444359901
1205 0.952527582271
1206 0.952610804641
1207 0.952741582652
1208 0.952836693932
1209 0.952919916302
1210 0.952967471942
1211 0.953086361042
1212 0.953133916683
1213 0.953229027963
1214 0.953383583793
1215 0.953443028343
1216 0.953526250713
1217 0.953573806353
1218 0.953633250904
1219 0.953740251094
1220 0.953835362374
1221 0.953894806924
1222 0.953930473654
1223 0.954037473844
1224 0.954085029484
1225 0.954120696215
1226 0.954203918585
1227 0.954299029865
1228 0.954358474415
1229 0.954513030245
1230 0.954631919346
1231 0.954679474986
1232 0.954762697356
1233 0.954810252996
1234 0.954964808826
1235 0.954988586646
1236 0.955095586837
1237 0.955131253567
1238 0.955250142667
1239 0.955297698307
1240 0.955452254137
1241 0.955535476508
1242 0.955618698878
1243 0.955654365608
1244 0.955701921248
1245 0.955773254708
1246 0.955868365988
1247 0.955915921628
1248 0.956011032909
1249 0.956070477459
1250 0.956129922009
1251 0.956225033289
1252 0.956308255659
1253 0.956355811299
1254 0.956403366939
1255 0.956439033669
1256 0.956486589309
1257 0.95655792277
1258 0.95664114514
1259 0.95667681187
1260 0.95677192315
1261 0.95680758988
1262 0.95690270116
1263 0.9569502568
1264 0.957045368081
1265 0.957081034811
1266 0.957188035001
1267 0.957283146281
1268 0.957366368651
1269 0.957402035381
1270 0.957449591021
1271 0.957544702302
1272 0.957616035762
1273 0.957711147042
1274 0.957770591592
1275 0.957913258512
1276 0.958044036523
1277 0.958162925623
1278 0.958222370173
1279 0.958234259083
1280 0.958353148183
1281 0.958448259464
1282 0.958495815104
1283 0.958590926384
1284 0.958674148754
1285 0.958816815674
1286 0.958923815865
1287 0.959030816055
1288 0.959102149515
1289 0.959221038615
1290 0.959304260985
1291 0.959375594446
1292 0.959399372266
1293 0.959435038996
1294 0.959518261366
1295 0.959565817006
1296 0.959613372646
1297 0.959660928286
1298 0.959696595016
1299 0.959732261746
1300 0.959839261936
1301 0.959886817577
1302 0.959970039947
1303 0.960136484687
1304 0.960255373787
1305 0.960291040517
1306 0.960338596158
1307 0.960433707438
1308 0.960528818718
1309 0.960576374358
1310 0.960635818908
1311 0.960695263458
1312 0.960754708008
1313 0.960849819289
1314 0.960921152749
1315 0.960944930569
1316 0.960992486209
1317 0.961075708579
1318 0.961111375309
1319 0.961147042039
1320 0.961206486589
1321 0.96130159787
1322 0.96136104242
1323 0.96139670915
1324 0.96144426479
1325 0.96149182043
1326 0.96164637626
1327 0.96168204299
1328 0.96174148754
1329 0.961789043181
1330 0.961848487731
1331 0.961884154461
1332 0.961931710101
1333 0.961979265741
1334 0.962026821381
1335 0.962121932661
1336 0.962193266121
1337 0.962240821761
1338 0.962312155222
1339 0.962347821952
1340 0.962383488682
1341 0.962431044322
1342 0.962502377782
1343 0.962609377972
1344 0.962656933612
1345 0.962728267072
1346 0.962763933803
1347 0.962799600533
1348 0.962847156173
1349 0.962894711813
1350 0.962954156363
1351 0.963013600913
1352 0.963084934373
1353 0.963144378923
1354 0.963227601294
1355 0.963287045844
1356 0.963358379304
1357 0.963441601674
1358 0.963536712954
1359 0.963572379684
1360 0.963643713144
1361 0.963774491155
1362 0.963857713525
1363 0.963929046985
1364 0.964000380445
1365 0.964036047175
1366 0.964107380635
1367 0.964202491916
1368 0.964238158646
1369 0.964250047556
1370 0.964261936466
1371 0.964357047746
1372 0.964440270116
1373 0.964499714666
1374 0.964559159216
1375 0.964630492676
1376 0.964725603957
1377 0.964785048507
1378 0.964844493057
1379 0.964880159787
1380 0.964927715427
1381 0.964987159977
1382 0.965010937797
1383 0.965082271257
1384 0.965129826897
1385 0.965165493628
1386 0.965224938178
1387 0.965308160548
1388 0.965403271828
1389 0.965450827468
1390 0.965522160928
1391 0.965593494388
1392 0.965652938939
1393 0.965688605669
1394 0.965736161309
1395 0.965807494769
1396 0.965831272589
1397 0.965878828229
1398 0.965926383869
1399 0.965973939509
1400 0.966009606239
1401 0.966045272969
1402 0.96615227316
1403 0.96617605098
1404 0.96623549553
1405 0.96630682899
1406 0.96635438463
1407 0.96639005136
1408 0.96644949591
1409 0.96650894046
1410 0.9665564961
1411 0.966627829561
1412 0.966711051931
1413 0.966770496481
1414 0.966818052121
1415 0.966877496671
1416 0.966948830131
1417 0.966984496861
1418 0.967020163591
1419 0.967079608142
1420 0.967150941602
1421 0.967210386152
1422 0.967246052882
1423 0.967305497432
1424 0.967341164162
1425 0.967388719802
1426 0.967436275442
1427 0.967483831082
1428 0.967507608902
1429 0.967531386722
1430 0.967578942363
1431 0.967614609093
1432 0.967626498003
1433 0.967662164733
1434 0.967745387103
1435 0.967769164923
1436 0.967840498383
1437 0.967899942933
1438 0.967935609663
1439 0.968030720944
1440 0.968078276584
1441 0.968185276774
1442 0.968232832414
1443 0.968280388054
1444 0.968316054784
1445 0.968399277154
1446 0.968494388434
1447 0.968565721895
1448 0.968637055355
1449 0.968660833175
1451 0.968720277725
1452 0.968767833365
1453 0.968791611185
1454 0.968862944645
1455 0.968898611375
1456 0.968958055925
1457 0.969005611566
1458 0.969053167206
1459 0.969100722846
1460 0.969124500666
1461 0.969160167396
1462 0.969255278676
1463 0.969290945406
1464 0.969350389956
1465 0.969386056686
1466 0.969445501236
1467 0.969469279056
1468 0.969552501427
1469 0.969588168157
1470 0.969623834887
1471 0.969718946167
1473 0.969754612897
1474 0.969790279627
1475 0.969885390907
1476 0.969897279817
1477 0.969956724368
1478 0.970016168918
1479 0.970063724558
1480 0.970099391288
1481 0.970146946928
1482 0.970194502568
1483 0.970218280388
1484 0.970277724938
1485 0.970301502758
1486 0.970360947308
1487 0.970396614038
1488 0.970420391858
1489 0.970479836409
1490 0.970515503139
1491 0.970539280959
1492 0.970598725509
1493 0.970622503329
1494 0.970658170059
1495 0.970705725699
1496 0.970717614609
1497 0.970777059159
1498 0.970824614799
1499 0.970884059349
1500 0.97091972608
1501 0.97097917063
1502 0.97102672627
1503 0.97109805973
1504 0.97110994864
1505 0.97119317101
1506 0.97125261556
1507 0.97127639338
1508 0.9713001712
1509 0.97134772684
1510 0.97137150466
1511 0.97138339357
1512 0.971454727031
1513 0.971478504851
1514 0.971537949401
1515 0.971549838311
1516 0.971561727221
1517 0.971585505041
1518 0.971633060681
1519 0.971656838501
1520 0.971692505231
1521 0.971716283051
1522 0.971763838691
1523 0.971835172151
1524 0.971882727792
1525 0.971918394522
1526 0.971930283432
1527 0.971977839072
1528 0.972013505802
1529 0.972037283622
1530 0.972049172532
1531 0.972084839262
1532 0.972108617082
1533 0.972191839452
1534 0.972251284002
1535 0.972310728552
1536 0.972346395282
1537 0.972370173103
1538 0.972393950923
1539 0.972453395473
1540 0.972477173293
1541 0.972512840023
1542 0.972548506753
1543 0.972584173483
1544 0.972596062393
1545 0.972607951303
1546 0.972619840213
1547 0.972631729123
1548 0.972667395853
1549 0.972738729313
1550 0.972798173863
1551 0.972845729504
1552 0.972881396234
1554 0.972976507514
1555 0.973000285334
1556 0.973047840974
1557 0.973095396614
1558 0.973131063344
1559 0.973154841164
1561 0.973238063534
1563 0.973249952444
1564 0.973273730264
1565 0.973321285905
1566 0.973356952635
1567 0.973404508275
1568 0.973475841735
1569 0.973487730645
1570 0.973535286285
1571 0.973570953015
1572 0.973594730835
1573 0.973606619745
1574 0.973666064295
1575 0.973677953205
1576 0.973701731025
1577 0.973773064485
1578 0.973820620126
1579 0.973868175766
1580 0.973891953586
1581 0.973915731406
1582 0.973939509226
1584 0.973975175956
1585 0.973998953776
1586 0.974022731596
1587 0.974034620506
1588 0.974094065056
1589 0.974129731786
1590 0.974153509606
1591 0.974248620886
1592 0.974272398706
1593 0.974343732167
1594 0.974391287807
1595 0.974403176717
1596 0.974450732357
1597 0.974510176907
1598 0.974581510367
1599 0.974605288187
1601 0.974640954917
1602 0.974664732737
1604 0.974688510557
1605 0.974747955107
1606 0.974771732928
1608 0.974854955298
1609 0.974890622028
1610 0.974902510938
1611 0.974961955488
1612 0.974985733308
1613 0.974997622218
1614 0.975009511128
1615 0.975057066768
1616 0.975092733498
1617 0.975128400228
1618 0.975199733688
1619 0.975211622598
1620 0.975259178239
1621 0.975294844969
1622 0.975318622789
1624 0.975366178429
1625 0.975378067339
1626 0.975413734069
1627 0.975437511889
1628 0.975461289709
1629 0.975508845349
1630 0.975544512079
1631 0.975556400989
1632 0.975580178809
1633 0.975603956629
1634 0.975627734449
1635 0.975675290089
1637 0.975699067909
1638 0.97574662355
1639 0.97577040137
1640 0.9758060681
1641 0.97582984592
1642 0.97584173483
1643 0.97585362374
1644 0.9759249572
1645 0.97598440175
1646 0.97599629066
1647 0.97602006848
1648 0.9760438463
1649 0.97605573521
1650 0.97609140194
1651 0.97610329085
1652 0.97612706867
1653 0.97615084649
1654 0.976222179951
1655 0.976245957771
1656 0.976281624501
1657 0.976317291231
1658 0.976352957961
1659 0.976376735781
1660 0.976424291421
1661 0.976471847061
1662 0.976495624881
1663 0.976543180521
1664 0.976602625071
1665 0.976626402891
1666 0.976638291801
1667 0.976650180711
1668 0.976685847442
1669 0.976745291992
1670 0.976769069812
1671 0.976816625452
1672 0.976840403272
1673 0.976852292182
1674 0.976887958912
1676 0.976899847822
1677 0.976959292372
1678 0.977018736922
1679 0.977090070382
1680 0.977125737112
1681 0.977161403842
1682 0.977208959483
1683 0.977244626213
1684 0.977292181853
1685 0.977327848583
1686 0.977351626403
1687 0.977387293133
1688 0.977458626593
1689 0.977482404413
1690 0.977518071143
1691 0.977541848963
1692 0.977565626783
1693 0.977577515693
1694 0.977613182423
1695 0.977648849154
1696 0.977696404794
1698 0.977708293704
1699 0.977720182614
1700 0.977755849344
1701 0.977779627164
1702 0.977815293894
1703 0.977886627354
1704 0.977922294084
1705 0.977969849724
1706 0.977993627544
1707 0.978029294274
1708 0.978041183184
1709 0.978064961004
1710 0.978076849914
1711 0.978088738824
1712 0.978124405554
1713 0.978160072285
1714 0.978171961195
1715 0.978219516835
1716 0.978255183565
1717 0.978278961385
1718 0.978314628115
1719 0.978350294845
1720 0.978397850485
1722 0.978421628305
1723 0.978433517215
1724 0.978457295035
1725 0.978504850675
1726 0.978564295225
1727 0.978576184135
1728 0.978623739776
1729 0.978671295416
1730 0.978742628876
1731 0.978766406696
1732 0.978813962336
1733 0.978837740156
1735 0.978873406886
1736 0.978897184706
1737 0.978909073616
1738 0.978956629256
1739 0.978968518166
1740 0.978980407076
1741 0.978992295986
1742 0.979004184896
1743 0.979039851626
1744 0.979087407267
1745 0.979111185087
1746 0.979146851817
1747 0.979158740727
1748 0.979218185277
1749 0.979265740917
1750 0.979289518737
1751 0.979348963287
1752 0.979420296747
1753 0.979432185657
1754 0.979479741297
1755 0.979503519117
1756 0.979527296937
1757 0.979598630398
1758 0.979646186038
1759 0.979658074948
1761 0.979669963858
1762 0.979717519498
1763 0.979741297318
1765 0.979824519688
1766 0.979848297508
1767 0.979872075328
1769 0.979907742058
1770 0.979919630968
1771 0.979967186608
1772 0.979979075518
1773 0.979990964428
1774 0.980026631158
1775 0.980086075709
1776 0.980097964619
1777 0.980121742439
1778 0.980157409169
1779 0.980193075899
1780 0.980228742629
1781 0.980240631539
1782 0.980264409359
1784 0.980276298269
1785 0.980300076089
1786 0.980311964999
1787 0.980383298459
1789 0.980418965189
1790 0.980442743009
1791 0.980466520829
1792 0.980478409739
1793 0.98053785429
1794 0.98056163211
1795 0.98058540993
1796 0.98059729884
1797 0.98062107666
1798 0.98064485448
1799 0.98065674339
1800 0.98071618794
1802 0.98073996576
1803 0.98079941031
1804 0.98084696595
1805 0.98085885486
1807 0.98091829941
1808 0.98093018832
1809 0.98097774396
1810 0.98100152178
1811 0.981025299601
1812 0.981049077421
1813 0.981060966331
1814 0.981072855241
1815 0.981084744151
1818 0.981108521971
1819 0.981156077611
1820 0.981191744341
1821 0.981203633251
1822 0.981227411071
1823 0.981263077801
1824 0.981286855621
1826 0.981310633441
1827 0.981322522351
1828 0.981334411261
1829 0.981381966901
1830 0.981405744721
1831 0.981417633631
1832 0.981441411451
1834 0.981477078181
1835 0.981488967091
1836 0.981512744912
1837 0.981560300552
1838 0.981572189462
1839 0.981595967282
1841 0.981643522922
1842 0.981679189652
1843 0.981702967472
1844 0.981750523112
1845 0.981798078752
1846 0.981809967662
1847 0.981857523302
1848 0.981881301122
1850 0.981916967852
1851 0.981940745672
1852 0.981952634582
1853 0.982000190223
1854 0.982023968043
1855 0.982059634773
1857 0.982071523683
1858 0.982095301503
1859 0.982119079323
1860 0.982130968233
1862 0.982166634963
1863 0.982190412783
1864 0.982202301693
1865 0.982237968423
1866 0.982309301883
1867 0.982368746433
1869 0.982404413163
1870 0.982416302073
1871 0.982428190983
1873 0.982463857714
1874 0.982511413354
1875 0.982535191174
1876 0.982547080084
1877 0.982594635724
1878 0.982606524634
1879 0.982618413544
1880 0.982654080274
1883 0.982677858094
1884 0.982701635914
1885 0.982725413734
1887 0.982749191554
1888 0.982784858284
1889 0.982820525014
1890 0.982856191744
1891 0.982903747384
1893 0.982951303025
1894 0.982986969755
1895 0.983058303215
1896 0.983070192125
1898 0.983093969945
1899 0.983105858855
1901 0.983117747765
1902 0.983153414495
1903 0.983165303405
1904 0.983177192315
1905 0.983260414685
1906 0.983319859235
1907 0.983331748145
1908 0.983379303785
1909 0.983403081605
1910 0.983426859426
1911 0.983474415066
1912 0.983486303976
1913 0.983498192886
1914 0.983510081796
1915 0.983521970706
1916 0.983557637436
1917 0.983581415256
1919 0.983640859806
1920 0.983676526536
1921 0.983688415446
1923 0.983712193266
1924 0.983735971086
1925 0.983759748906
1926 0.983783526726
1928 0.983819193456
1930 0.983842971276
1931 0.983866749096
1932 0.983890526916
1933 0.983914304737
1934 0.983926193647
1935 0.983949971467
1936 0.983973749287
1937 0.984021304927
1940 0.984056971657
1941 0.984080749477
1942 0.984092638387
1943 0.984104527297
1944 0.984116416207
1945 0.984140194027
1946 0.984163971847
1947 0.984175860757
1948 0.984211527487
1949 0.984223416397
1950 0.984235305307
1951 0.984259083127
1952 0.984270972037
1953 0.984282860947
1957 0.984342305497
1958 0.984389861138
1959 0.984401750048
1960 0.984425527868
1961 0.984449305688
1962 0.984461194598
1963 0.984484972418
1964 0.984508750238
1965 0.984544416968
1966 0.984580083698
1967 0.984615750428
1968 0.984639528248
1970 0.984663306068
1971 0.984722750618
1973 0.984746528438
1974 0.984782195168
1975 0.984805972988
1976 0.984817861898
1978 0.984865417539
1980 0.984877306449
1981 0.984924862089
1983 0.984936750999
1984 0.984960528819
1986 0.984972417729
1987 0.984984306639
1988 0.984996195549
1990 0.985008084459
1991 0.985031862279
1992 0.985043751189
1993 0.985055640099
1994 0.985079417919
1995 0.985103195739
1996 0.985115084649
1997 0.985138862469
1998 0.985150751379
1999 0.985162640289
2001 0.985198307019
2002 0.985210195929
2003 0.985233973749
2004 0.985281529389
2005 0.985317196119
2007 0.98534097394
2008 0.98536475176
2009 0.98538852958
2010 0.9854123074
2011 0.98542419631
2013 0.98544797413
2014 0.98545986304
2015 0.98549552977
2017 0.98550741868
2018 0.98551930759
2019 0.98555497432
2020 0.98557875214
2022 0.98560252996
2023 0.98561441887
2025 0.98563819669
2026 0.98566197451
2027 0.98568575233
2028 0.98572141906
2029 0.98574519688
2030 0.98578086361
2031 0.98579275252
2032 0.98581653034
2033 0.985852197071
2034 0.985875974891
2038 0.985911641621
2039 0.985947308351
2040 0.985959197261
2041 0.985971086171
2042 0.985994863991
2044 0.986018641811
2045 0.986030530721
2046 0.986042419631
2047 0.986066197451
2048 0.986101864181
2049 0.986125642001
2050 0.986149419821
2051 0.986196975461
2052 0.986220753281
2054 0.986232642191
2055 0.986268308921
2058 0.986280197831
2059 0.986303975652
2060 0.986315864562
2061 0.986327753472
2063 0.986363420202
2064 0.986399086932
2066 0.986422864752
2069 0.986446642572
2070 0.986494198212
2072 0.986517976032
2073 0.986541753852
2077 0.986553642762
2082 0.986589309492
2083 0.986601198402
2084 0.986636865132
2085 0.986648754042
2086 0.986660642952
2087 0.986672531862
2088 0.986684420772
2090 0.986720087502
2091 0.986755754232
2092 0.986779532053
2093 0.986815198783
2094 0.986827087693
2096 0.986850865513
2097 0.986862754423
2098 0.986898421153
2099 0.986934087883
2100 0.986945976793
2101 0.986957865703
2102 0.987005421343
2104 0.987017310253
2105 0.987029199163
2107 0.987041088073
2108 0.987052976983
2109 0.987064865893
2110 0.987088643713
2111 0.987100532623
2112 0.987124310443
2113 0.987171866083
2115 0.987195643903
2116 0.987219421723
2117 0.987231310633
2120 0.987243199543
2124 0.987255088453
2125 0.987266977364
2127 0.987302644094
2128 0.987314533004
2129 0.987350199734
2131 0.987362088644
2133 0.987373977554
2134 0.987385866464
2135 0.987409644284
2136 0.987445311014
2137 0.987457199924
2138 0.987469088834
2139 0.987504755564
2140 0.987516644474
2141 0.987540422294
2144 0.987564200114
2145 0.987576089024
2147 0.987587977934
2149 0.987599866844
2152 0.987611755754
2153 0.987623644664
2154 0.987647422484
2155 0.987659311394
2157 0.987683089214
2159 0.987718755944
2160 0.987730644854
2161 0.987754422675
2162 0.987778200495
2164 0.987801978315
2165 0.987837645045
2167 0.987873311775
2170 0.987897089595
2171 0.987908978505
2172 0.987920867415
2173 0.987932756325
2174 0.987956534145
2175 0.987980311965
2176 0.988004089785
2177 0.988015978695
2178 0.988039756515
2180 0.988051645425
2181 0.988063534335
2182 0.988087312155
2183 0.988099201065
2185 0.988111089975
2190 0.988122978885
2191 0.988146756705
2192 0.988158645615
2193 0.988182423435
2194 0.988218090165
2195 0.988229979076
2196 0.988253756896
2197 0.988277534716
2198 0.988301312536
2199 0.988325090356
2200 0.988348868176
2201 0.988360757086
2202 0.988372645996
2203 0.988384534906
2204 0.988396423816
2205 0.988420201636
2206 0.988432090546
2207 0.988479646186
2208 0.988503424006
2209 0.988539090736
2210 0.988550979646
2211 0.988562868556
2214 0.988598535286
2216 0.988610424196
2217 0.988646090926
2218 0.988693646566
2219 0.988705535477
2220 0.988753091117
2221 0.988776868937
2222 0.988824424577
2224 0.988860091307
2225 0.988871980217
2227 0.988883869127
2229 0.988895758037
2231 0.988907646947
2232 0.988919535857
2233 0.988931424767
2234 0.988943313677
2237 0.988955202587
2238 0.988978980407
2240 0.989002758227
2241 0.989038424957
2242 0.989062202777
2244 0.989085980597
2246 0.989097869507
2249 0.989121647327
2250 0.989133536237
2251 0.989157314057
2253 0.989192980788
2254 0.989216758608
2257 0.989228647518
2259 0.989240536428
2260 0.989264314248
2261 0.989299980978
2263 0.989323758798
2264 0.989347536618
2265 0.989359425528
2267 0.989371314438
2269 0.989383203348
2270 0.989406981168
2271 0.989418870078
2272 0.989430758988
2273 0.989454536808
2274 0.989478314628
2275 0.989525870268
2278 0.989537759178
2279 0.989573425908
2280 0.989609092638
2282 0.989620981548
2284 0.989632870458
2286 0.989644759368
2288 0.989656648278
2291 0.989692315009
2292 0.989716092829
2293 0.989727981739
2294 0.989739870649
2296 0.989751759559
2299 0.989763648469
2300 0.989775537379
2302 0.989799315199
2306 0.989811204109
2307 0.989823093019
2308 0.989846870839
2309 0.989858759749
2311 0.989882537569
2314 0.989894426479
2315 0.989918204299
2317 0.989930093209
2318 0.989953871029
2322 0.989965759939
2323 0.989977648849
2326 0.989989537759
2327 0.990001426669
2329 0.990025204489
2332 0.990037093399
2333 0.990060871219
2334 0.990072760129
2335 0.990084649039
2336 0.990108426859
2337 0.990132204679
2338 0.990144093589
2339 0.9901559825
2340 0.99016787141
2341 0.99020353814
2342 0.99021542705
2346 0.99023920487
2347 0.99025109378
2349 0.99026298269
2350 0.99032242724
2353 0.99034620506
2354 0.99035809397
2355 0.99036998288
2356 0.99038187179
2357 0.9903937607
2358 0.99040564961
2359 0.99041753852
2362 0.99044131634
2363 0.99047698307
2365 0.9905126498
2373 0.99054831653
2375 0.99058398326
2381 0.99059587217
2382 0.990631538901
2385 0.990643427811
2387 0.990655316721
2390 0.990679094541
2391 0.990690983451
2394 0.990702872361
2395 0.990714761271
2396 0.990726650181
2397 0.990738539091
2398 0.990750428001
2400 0.990762316911
2402 0.990786094731
2404 0.990797983641
2405 0.990809872551
2406 0.990857428191
2407 0.990869317101
2408 0.990881206011
2409 0.990893094921
2412 0.990904983831
2413 0.990916872741
2419 0.990940650561
2421 0.990952539471
2422 0.990988206201
2425 0.991011984021
2427 0.991035761841
2429 0.991047650751
2430 0.991059539661
2434 0.991071428571
2435 0.991083317481
2438 0.991095206391
2440 0.991107095302
2443 0.991118984212
2444 0.991130873122
2448 0.991142762032
2449 0.991166539852
2451 0.991178428762
2452 0.991214095492
2453 0.991237873312
2458 0.991249762222
2463 0.991285428952
2464 0.991297317862
2466 0.991321095682
2470 0.991332984592
2471 0.991344873502
2473 0.991356762412
2474 0.991380540232
2476 0.991392429142
2478 0.991416206962
2480 0.991439984782
2481 0.991451873692
2482 0.991463762602
2485 0.991487540422
2487 0.991523207152
2488 0.991558873882
2489 0.991582651702
2492 0.991594540613
2495 0.991606429523
2496 0.991653985163
2498 0.991677762983
2499 0.991689651893
2500 0.991701540803
2501 0.991725318623
2502 0.991737207533
2503 0.991749096443
2505 0.991760985353
2506 0.991772874263
2509 0.991784763173
2510 0.991808540993
2511 0.991820429903
2512 0.991832318813
2514 0.991844207723
2515 0.991867985543
2517 0.991879874453
2519 0.991891763363
2520 0.991903652273
2523 0.991915541183
2525 0.991939319003
2527 0.991963096823
2528 0.991998763553
2530 0.992010652463
2532 0.992022541373
2533 0.992046319193
2534 0.992058208103
2536 0.992081985924
2537 0.992093874834
2538 0.992129541564
2539 0.992141430474
2540 0.992153319384
2542 0.992177097204
2543 0.992200875024
2547 0.992224652844
2548 0.992236541754
2550 0.992260319574
2551 0.992284097394
2552 0.992295986304
2555 0.992319764124
2556 0.992331653034
2558 0.992355430854
2559 0.992367319764
2561 0.992379208674
2564 0.992391097584
2565 0.992414875404
2566 0.992426764314
2570 0.992474319954
2571 0.992486208864
2574 0.992498097774
2576 0.992509986684
2577 0.992521875594
2579 0.992545653414
2581 0.992557542325
2582 0.992581320145
2585 0.992605097965
2586 0.992616986875
2590 0.992640764695
2593 0.992652653605
2595 0.992664542515
2596 0.992688320335
2597 0.992700209245
2600 0.992712098155
2601 0.992747764885
2602 0.992759653795
2603 0.992771542705
2607 0.992795320525
2609 0.992807209435
2612 0.992854765075
2616 0.992866653985
2618 0.992890431805
2620 0.992914209625
2622 0.992926098535
2625 0.992949876355
2626 0.992961765265
2627 0.992973654175
2628 0.992985543085
2636 0.992997431995
2639 0.993009320905
2641 0.993021209815
2643 0.993056876546
2644 0.993068765456
2650 0.993080654366
2651 0.993104432186
2652 0.993116321096
2653 0.993128210006
2655 0.993151987826
2658 0.993163876736
2662 0.993175765646
2666 0.993187654556
2668 0.993199543466
2680 0.993211432376
2683 0.993223321286
2684 0.993235210196
2685 0.993247099106
2686 0.993270876926
2688 0.993282765836
2689 0.993294654746
2690 0.993330321476
2692 0.993354099296
2693 0.993377877116
2696 0.993389766026
2697 0.993401654936
2700 0.993413543846
2701 0.993425432756
2702 0.993449210576
2704 0.993461099486
2705 0.993472988396
2708 0.993484877306
2709 0.993496766216
2710 0.993532432947
2714 0.993544321857
2718 0.993568099677
2719 0.993579988587
2720 0.993591877497
2722 0.993615655317
2724 0.993627544227
2725 0.993639433137
2726 0.993651322047
2727 0.993663210957
2728 0.993686988777
2730 0.993710766597
2733 0.993722655507
2736 0.993734544417
2742 0.993746433327
2746 0.993758322237
2749 0.993770211147
2753 0.993782100057
2754 0.993793988967
2756 0.993805877877
2759 0.993829655697
2761 0.993853433517
2762 0.993865322427
2763 0.993877211337
2765 0.993889100247
2769 0.993912878067
2771 0.993924766977
2773 0.993936655887
2777 0.993948544797
2778 0.993972322617
2782 0.993996100438
2784 0.994007989348
2785 0.994019878258
2786 0.994031767168
2787 0.994043656078
2788 0.994055544988
2790 0.994079322808
2791 0.994103100628
2793 0.994126878448
2795 0.994138767358
2804 0.994150656268
2809 0.994162545178
2810 0.994174434088
2811 0.994198211908
2812 0.994210100818
2813 0.994221989728
2815 0.994245767548
2816 0.994269545368
2823 0.994281434278
2824 0.994293323188
2826 0.994305212098
2830 0.994317101008
2841 0.994328989918
2842 0.994340878828
2846 0.994364656648
2847 0.994376545558
2848 0.994388434468
2850 0.994400323378
2852 0.994424101198
2854 0.994435990108
2855 0.994447879018
2857 0.994471656839
2859 0.994495434659
2860 0.994507323569
2864 0.994531101389
2870 0.994566768119
2871 0.994578657029
2872 0.994590545939
2874 0.994602434849
2876 0.994626212669
2880 0.994649990489
2881 0.994661879399
2882 0.994673768309
2883 0.994685657219
2885 0.994721323949
2887 0.994733212859
2888 0.994745101769
2891 0.994756990679
2892 0.994768879589
2894 0.994780768499
2900 0.994792657409
2901 0.994804546319
2902 0.994816435229
2911 0.994828324139
2919 0.994840213049
2921 0.994852101959
2925 0.994863990869
2934 0.994875879779
2936 0.994887768689
2938 0.994911546509
2940 0.994923435419
2944 0.994935324329
2947 0.994947213239
2948 0.99497099106
2950 0.99498287997
2953 0.99499476888
2959 0.99500665779
2960 0.9950185467
2962 0.99503043561
2965 0.99504232452
2972 0.99505421343
2973 0.99507799125
2975 0.99510176907
2984 0.99511365798
2987 0.99512554689
2990 0.9951374358
2991 0.99514932471
2996 0.99516121362
2998 0.99517310253
3005 0.99518499144
3006 0.99519688035
3014 0.99520876926
3016 0.99522065817
3022 0.99523254708
3035 0.99524443599
3040 0.9952563249
3045 0.99526821381
3046 0.99528010272
3050 0.99529199163
3051 0.99530388054
3055 0.99531576945
3058 0.99532765836
3060 0.99535143618
3061 0.99536332509
3069 0.99538710291
3072 0.99539899182
3076 0.99541088073
3077 0.995434658551
3082 0.995446547461
3088 0.995458436371
3091 0.995470325281
3104 0.995482214191
3105 0.995494103101
3111 0.995505992011
3119 0.995517880921
3121 0.995529769831
3122 0.995541658741
3126 0.995553547651
3128 0.995565436561
3134 0.995577325471
3140 0.995589214381
3143 0.995601103291
3144 0.995612992201
3156 0.995624881111
3157 0.995636770021
3158 0.995648658931
3164 0.995672436751
3166 0.995684325661
3167 0.995696214571
3170 0.995708103481
3173 0.995719992391
3177 0.995731881301
3179 0.995743770211
3181 0.995755659121
3183 0.995767548031
3184 0.995791325851
3185 0.995815103671
3190 0.995838881491
3194 0.995850770401
3198 0.995862659311
3200 0.995874548221
3207 0.995886437131
3209 0.995898326041
3211 0.995910214951
3214 0.995922103862
3218 0.995933992772
3224 0.995945881682
3226 0.995969659502
3229 0.995981548412
3237 0.995993437322
3244 0.996005326232
3245 0.996017215142
3249 0.996029104052
3251 0.996040992962
3252 0.996052881872
3281 0.996064770782
3284 0.996076659692
3285 0.996088548602
3292 0.996112326422
3297 0.996124215332
3299 0.996136104242
3303 0.996147993152
3304 0.996159882062
3307 0.996183659882
3309 0.996195548792
3313 0.996207437702
3319 0.996219326612
3331 0.996231215522
3334 0.996243104432
3337 0.996254993342
3345 0.996266882252
3347 0.996278771162
3354 0.996290660072
3359 0.996302548982
3360 0.996314437892
3361 0.996326326802
3368 0.996338215712
3369 0.996350104622
3370 0.996361993532
3371 0.996373882442
3372 0.996385771352
3374 0.996397660263
3375 0.996409549173
3382 0.996421438083
3383 0.996433326993
3387 0.996445215903
3393 0.996457104813
3403 0.996468993723
3404 0.996480882633
3410 0.996492771543
3411 0.996504660453
3416 0.996516549363
3420 0.996528438273
3421 0.996540327183
3424 0.996552216093
3429 0.996564105003
3433 0.996575993913
3437 0.996599771733
3441 0.996611660643
3443 0.996623549553
3445 0.996635438463
3449 0.996647327373
3450 0.996659216283
3455 0.996671105193
3459 0.996682994103
3460 0.996694883013
3462 0.996706771923
3466 0.996718660833
3468 0.996730549743
3472 0.996742438653
3475 0.996754327563
3486 0.996766216473
3487 0.996778105383
3492 0.996789994293
3494 0.996801883203
3500 0.996813772113
3501 0.996825661023
3504 0.996837549933
3512 0.996849438843
3517 0.996861327753
3519 0.996873216663
3526 0.996885105574
3527 0.996896994484
3533 0.996908883394
3536 0.996920772304
3538 0.996932661214
3542 0.996944550124
3547 0.996956439034
3558 0.996968327944
3574 0.996980216854
3576 0.996992105764
3580 0.997003994674
3582 0.997015883584
3589 0.997027772494
3590 0.997039661404
3592 0.997063439224
3593 0.997075328134
3597 0.997087217044
3601 0.997099105954
3603 0.997110994864
3604 0.997122883774
3605 0.997134772684
3606 0.997158550504
3620 0.997170439414
3624 0.997182328324
3628 0.997194217234
3635 0.997217995054
3637 0.997229883964
3641 0.997241772874
3649 0.997253661784
3657 0.997265550694
3665 0.997277439604
3666 0.997289328514
3667 0.997301217424
3672 0.997313106334
3673 0.997336884154
3686 0.997348773064
3688 0.997360661975
3703 0.997372550885
3705 0.997384439795
3708 0.997396328705
3711 0.997408217615
3718 0.997420106525
3723 0.997431995435
3727 0.997443884345
3733 0.997455773255
3745 0.997467662165
3751 0.997479551075
3752 0.997491439985
3754 0.997503328895
3767 0.997515217805
3768 0.997527106715
3772 0.997538995625
3775 0.997550884535
3781 0.997562773445
3790 0.997574662355
3802 0.997586551265
3809 0.997598440175
3820 0.997610329085
3827 0.997622217995
3830 0.997634106905
3833 0.997645995815
3835 0.997657884725
3836 0.997669773635
3843 0.997693551455
3847 0.997705440365
3853 0.997717329275
3860 0.997729218185
3870 0.997741107095
3895 0.997752996005
3900 0.997764884915
3907 0.997776773825
3922 0.997788662735
3941 0.997800551645
3942 0.997812440555
3944 0.997824329465
3951 0.997836218375
3953 0.997848107286
3961 0.997859996196
3966 0.997871885106
3978 0.997883774016
3990 0.997919440746
3992 0.997931329656
3993 0.997943218566
3995 0.997955107476
3997 0.997966996386
3999 0.997978885296
4006 0.997990774206
4009 0.998002663116
4012 0.998038329846
4016 0.998050218756
4018 0.998062107666
4019 0.998073996576
4037 0.998097774396
4044 0.998109663306
4056 0.998121552216
4059 0.998133441126
4061 0.998145330036
4066 0.998157218946
4067 0.998169107856
4089 0.998180996766
4090 0.998192885676
4096 0.998204774586
4097 0.998216663496
4100 0.998228552406
4105 0.998240441316
4127 0.998252330226
4144 0.998264219136
4145 0.998276108046
4149 0.998287996956
4200 0.998299885866
4207 0.998311774776
4214 0.998323663687
4221 0.998335552597
4227 0.998347441507
4229 0.998359330417
4232 0.998371219327
4236 0.998383108237
4243 0.998394997147
4246 0.998406886057
4266 0.998418774967
4273 0.998430663877
4284 0.998442552787
4307 0.998454441697
4317 0.998466330607
4327 0.998478219517
4336 0.998490108427
4339 0.998501997337
4340 0.998513886247
4348 0.998525775157
4368 0.998537664067
4380 0.998549552977
4388 0.998561441887
4401 0.998573330797
4409 0.998585219707
4463 0.998608997527
4500 0.998620886437
4511 0.998632775347
4518 0.998644664257
4522 0.998656553167
4523 0.998668442077
4524 0.998680330987
4526 0.998692219897
4535 0.998704108807
4543 0.998715997717
4552 0.998727886627
4558 0.998739775537
4567 0.998751664447
4576 0.998763553357
4581 0.998775442267
4598 0.998799220088
4625 0.998811108998
4632 0.998822997908
4635 0.998834886818
4652 0.998846775728
4655 0.998858664638
4672 0.998870553548
4690 0.998882442458
4744 0.998894331368
4764 0.998906220278
4793 0.998918109188
4826 0.998929998098
4847 0.998941887008
4851 0.998953775918
4859 0.998965664828
4864 0.998977553738
4871 0.998989442648
4876 0.999001331558
4905 0.999013220468
4910 0.999025109378
4911 0.999036998288
4912 0.999048887198
4918 0.999060776108
4940 0.999072665018
4956 0.999084553928
4987 0.999096442838
4992 0.999108331748
5019 0.999120220658
5028 0.999132109568
5039 0.999143998478
5046 0.999155887388
5095 0.999167776298
5096 0.999179665208
5116 0.999191554118
5121 0.999203443028
5123 0.999215331938
5140 0.999227220848
5141 0.999239109758
5163 0.999250998668
5189 0.999262887578
5192 0.999274776488
5250 0.999286665399
5303 0.999298554309
5339 0.999310443219
5346 0.999322332129
5366 0.999334221039
5372 0.999346109949
5379 0.999357998859
5388 0.999369887769
5442 0.999381776679
5445 0.999393665589
5446 0.999405554499
5458 0.999417443409
5463 0.999429332319
5506 0.999441221229
5515 0.999453110139
5530 0.999464999049
5544 0.999476887959
5546 0.999488776869
5576 0.999500665779
5605 0.999512554689
5679 0.999524443599
5707 0.999536332509
5750 0.999548221419
5779 0.999560110329
5789 0.999571999239
5792 0.999583888149
5901 0.999595777059
5939 0.999607665969
5973 0.999619554879
5976 0.999631443789
5983 0.999643332699
6063 0.999655221609
6171 0.999667110519
6302 0.999678999429
6342 0.999690888339
6347 0.999702777249
6379 0.999714666159
6539 0.999726555069
6554 0.999738443979
6755 0.999750332889
7137 0.9997622218
7560 0.99977411071
7683 0.99978599962
7802 0.99979788853
7875 0.99980977744
8006 0.99982166635
8285 0.99983355526
8357 0.99984544417
8783 0.99985733308
8845 0.99986922199
9030 0.9998811109
9665 0.99989299981
11102 0.99990488872
11483 0.99991677763
11662 0.99992866654
14899 0.99994055545
16348 0.99995244436
17055 0.99996433327
18555 0.99997622218
21063 0.99998811109
21994 1.0
