# Statistics for m=1, N=500, S=200000, all M
# k-definiteness count
5 1
6 1
7 3
8 3
9 14
10 35
11 70
12 117
13 186
14 300
15 363
16 545
17 605
18 649
19 672
20 661
21 717
22 553
23 559
24 389
25 348
26 306
27 189
28 140
29 121
30 97
31 145
32 109
33 144
34 139
35 167
36 181
37 209
38 211
39 219
40 230
41 225
42 218
43 218
44 218
45 203
46 219
47 207
48 234
49 241
50 242
51 253
52 280
53 287
54 281
55 317
56 304
57 308
58 296
59 298
60 306
61 286
62 218
63 231
64 216
65 204
66 181
67 188
68 190
69 162
70 156
71 176
72 176
73 193
74 202
75 174
76 217
77 219
78 194
79 233
80 229
81 249
82 274
83 231
84 235
85 258
86 236
87 221
88 218
89 229
90 199
91 209
92 207
93 166
94 173
95 186
96 181
97 174
98 181
99 195
100 144
101 180
102 167
103 197
104 180
105 192
106 198
107 188
108 162
109 191
110 193
111 208
112 203
113 186
114 172
115 183
116 186
117 195
118 182
119 186
120 151
121 183
122 148
123 187
124 151
125 185
126 169
127 174
128 166
129 145
130 175
131 169
132 154
133 168
134 151
135 177
136 155
137 168
138 188
139 177
140 155
141 173
142 162
143 174
144 165
145 180
146 156
147 161
148 169
149 172
150 154
151 180
152 148
153 147
154 168
155 151
156 139
157 172
158 149
159 140
160 137
161 147
162 154
163 150
164 173
165 139
166 148
167 143
168 135
169 151
170 158
171 152
172 154
173 146
174 143
175 153
176 136
177 158
178 126
179 146
180 140
181 134
182 132
183 140
184 143
185 134
186 130
187 140
188 140
189 124
190 142
191 128
192 138
193 138
194 135
195 133
196 124
197 122
198 136
199 134
200 102
201 138
202 113
203 125
204 134
205 132
206 143
207 152
208 117
209 133
210 133
211 127
212 118
213 116
214 129
215 115
216 112
217 127
218 123
219 103
220 136
221 126
222 130
223 128
224 137
225 106
226 118
227 121
228 148
229 126
230 113
231 115
232 134
233 125
234 105
235 141
236 119
237 127
238 121
239 129
240 129
241 112
242 110
243 107
244 118
245 124
246 108
247 114
248 122
249 123
250 128
251 126
252 111
253 120
254 123
255 122
256 114
257 103
258 103
259 114
260 118
261 116
262 96
263 106
264 106
265 109
266 125
267 101
268 107
269 88
270 85
271 97
272 91
273 105
274 99
275 105
276 106
277 107
278 102
279 91
280 95
281 111
282 109
283 122
284 95
285 98
286 108
287 94
288 109
289 106
290 88
291 82
292 102
293 85
294 109
295 102
296 96
297 77
298 87
299 108
300 96
301 99
302 90
303 97
304 91
305 87
306 89
307 84
308 83
309 87
310 84
311 73
312 88
313 103
314 98
315 111
316 85
317 108
318 94
319 93
320 86
321 109
322 105
323 101
324 88
325 93
326 114
327 94
328 84
329 85
330 91
331 86
332 88
333 82
334 87
335 88
336 87
337 75
338 86
339 94
340 93
341 76
342 81
343 88
344 88
345 70
346 78
347 60
348 91
349 75
350 89
351 81
352 71
353 75
354 81
355 82
356 83
357 74
358 84
359 74
360 89
361 97
362 72
363 79
364 77
365 75
366 84
367 84
368 87
369 70
370 78
371 87
372 63
373 61
374 88
375 72
376 81
377 58
378 73
379 68
380 60
381 87
382 81
383 76
384 68
385 76
386 69
387 67
388 80
389 68
390 76
391 65
392 74
393 75
394 78
395 74
396 72
397 68
398 64
399 67
400 71
401 70
402 78
403 63
404 78
405 69
406 68
407 61
408 78
409 76
410 67
411 68
412 69
413 62
414 67
415 62
416 58
417 63
418 57
419 76
420 66
421 80
422 82
423 59
424 66
425 55
426 64
427 71
428 66
429 73
430 57
431 56
432 55
433 81
434 64
435 62
436 59
437 63
438 68
439 62
440 67
441 53
442 66
443 69
444 73
445 59
446 73
447 54
448 51
449 62
450 68
451 63
452 53
453 60
454 59
455 51
456 56
457 59
458 56
459 72
460 56
461 61
462 59
463 65
464 56
465 48
466 54
467 56
468 58
469 46
470 58
471 46
472 63
473 62
474 63
475 52
476 54
477 59
478 53
479 50
480 49
481 50
482 52
483 47
484 46
485 54
486 64
487 48
488 51
489 63
490 49
491 41
492 48
493 52
494 53
495 52
496 55
497 68
498 55
499 57
500 52
501 61
502 47
503 57
504 59
505 50
506 54
507 54
508 40
509 48
510 41
511 49
512 50
513 61
514 53
515 50
516 48
517 60
518 54
519 53
520 42
521 49
522 46
523 58
524 57
525 48
526 50
527 51
528 42
529 58
530 49
531 46
532 39
533 46
534 49
535 41
536 22
537 45
538 51
539 40
540 54
541 36
542 40
543 40
544 40
545 55
546 47
547 54
548 37
549 38
550 31
551 42
552 38
553 54
554 43
555 52
556 33
557 44
558 43
559 59
560 50
561 37
562 48
563 60
564 39
565 33
566 36
567 34
568 45
569 38
570 51
571 45
572 42
573 37
574 56
575 36
576 56
577 40
578 36
579 51
580 41
581 42
582 60
583 39
584 30
585 38
586 32
587 37
588 47
589 36
590 45
591 40
592 45
593 30
594 39
595 44
596 49
597 50
598 40
599 34
600 34
601 38
602 39
603 47
604 35
605 43
606 40
607 38
608 36
609 32
610 34
611 37
612 41
613 47
614 43
615 43
616 57
617 38
618 38
619 32
620 40
621 42
622 36
623 36
624 34
625 37
626 32
627 42
628 46
629 41
630 34
631 32
632 45
633 31
634 42
635 46
636 41
637 21
638 30
639 29
640 24
641 32
642 39
643 24
644 27
645 31
646 31
647 37
648 41
649 37
650 30
651 34
652 42
653 40
654 33
655 38
656 33
657 34
658 29
659 32
660 26
661 28
662 37
663 33
664 30
665 34
666 32
667 44
668 30
669 28
670 42
671 27
672 26
673 27
674 28
675 32
676 30
677 36
678 31
679 30
680 41
681 32
682 29
683 27
684 33
685 34
686 34
687 29
688 26
689 29
690 30
691 41
692 31
693 30
694 34
695 28
696 34
697 31
698 30
699 40
700 30
701 20
702 26
703 22
704 30
705 24
706 27
707 32
708 24
709 31
710 26
711 23
712 32
713 22
714 36
715 25
716 34
717 23
718 22
719 30
720 36
721 28
722 23
723 29
724 35
725 26
726 31
727 47
728 37
729 24
730 37
731 27
732 32
733 33
734 34
735 25
736 29
737 22
738 21
739 28
740 34
741 23
742 29
743 24
744 20
745 24
746 22
747 22
748 27
749 25
750 30
751 31
752 23
753 33
754 22
755 33
756 27
757 25
758 24
759 20
760 34
761 26
762 33
763 29
764 24
765 29
766 21
767 19
768 25
769 29
770 32
771 29
772 22
773 24
774 18
775 20
776 28
777 31
778 16
779 20
780 28
781 17
782 21
783 24
784 15
785 16
786 22
787 22
788 24
789 22
790 23
791 21
792 21
793 25
794 21
795 24
796 21
797 22
798 33
799 19
800 17
801 12
802 23
803 25
804 27
805 25
806 20
807 14
808 14
809 20
810 18
811 18
812 11
813 24
814 23
815 14
816 15
817 28
818 27
819 19
820 22
821 24
822 21
823 28
824 22
825 20
826 22
827 19
828 19
829 19
830 19
831 18
832 21
833 19
834 21
835 22
836 18
837 15
838 21
839 17
840 23
841 14
842 18
843 14
844 12
845 17
846 18
847 22
848 14
849 24
850 17
851 22
852 22
853 19
854 16
855 19
856 12
857 31
858 17
859 13
860 12
861 13
862 15
863 16
864 24
865 17
866 18
867 18
868 17
869 15
870 14
871 17
872 21
873 13
874 20
875 13
876 14
877 25
878 22
879 19
880 22
881 18
882 22
883 21
884 11
885 20
886 17
887 11
888 21
889 20
890 24
891 14
892 16
893 20
894 20
895 24
896 17
897 11
898 14
899 14
900 15
901 22
902 13
903 22
904 13
905 17
906 18
907 13
908 11
909 25
910 13
911 22
912 20
913 15
914 12
915 21
916 10
917 19
918 18
919 14
920 11
921 21
922 19
923 22
924 17
925 14
926 14
927 13
928 21
929 19
930 11
931 18
932 10
933 12
934 14
935 12
936 15
937 17
938 14
939 19
940 16
941 11
942 12
943 18
944 11
945 16
946 15
947 8
948 13
949 15
950 14
951 15
952 12
953 12
954 17
955 15
956 14
957 10
958 13
959 7
960 15
961 12
962 15
963 15
964 12
965 10
966 16
967 11
968 7
969 20
970 17
971 15
972 10
973 7
974 20
975 11
976 12
977 18
978 13
979 23
980 12
981 12
982 17
983 16
984 11
985 15
986 14
987 16
988 18
989 10
990 13
991 13
992 12
993 12
994 14
995 20
996 15
997 13
998 13
999 11
1000 13
1001 20
1002 16
1003 12
1004 12
1005 4
1006 11
1007 12
1008 17
1009 9
1010 7
1011 8
1012 20
1013 9
1014 8
1015 15
1016 13
1017 12
1018 11
1019 12
1020 7
1021 16
1022 11
1023 13
1024 16
1025 6
1026 12
1027 16
1028 8
1029 9
1030 13
1031 9
1032 16
1033 10
1034 11
1035 11
1036 5
1037 11
1038 6
1039 12
1040 15
1041 14
1042 11
1043 10
1044 12
1045 10
1046 9
1047 9
1048 19
1049 10
1050 13
1051 5
1052 5
1053 13
1054 12
1055 9
1056 12
1057 14
1058 7
1059 9
1060 12
1061 12
1062 12
1063 16
1064 10
1065 8
1066 12
1067 6
1068 11
1069 18
1070 9
1071 12
1072 6
1073 5
1074 14
1075 8
1076 10
1077 9
1078 6
1079 7
1080 11
1081 11
1082 8
1083 10
1084 19
1085 8
1086 9
1087 18
1088 11
1089 7
1090 7
1091 12
1092 9
1093 10
1094 6
1095 15
1096 6
1097 8
1098 9
1099 5
1100 7
1101 10
1102 15
1103 7
1104 14
1105 8
1106 5
1107 9
1108 9
1109 15
1110 8
1111 8
1112 10
1113 7
1114 6
1115 7
1116 8
1117 10
1118 17
1119 12
1120 6
1121 13
1122 11
1123 7
1124 10
1125 7
1126 6
1127 14
1128 7
1129 13
1130 10
1131 10
1132 9
1133 5
1134 6
1135 8
1136 9
1137 8
1138 6
1139 6
1140 8
1141 16
1142 2
1143 8
1144 11
1145 12
1146 13
1147 7
1148 7
1149 9
1150 7
1151 8
1152 6
1153 10
1154 12
1155 7
1156 10
1157 10
1158 9
1159 11
1160 8
1161 5
1162 5
1163 6
1164 8
1165 5
1166 9
1167 8
1168 6
1169 6
1170 8
1171 14
1172 9
1173 11
1174 13
1175 7
1176 8
1177 8
1178 7
1179 6
1180 3
1181 7
1182 5
1183 13
1184 12
1185 10
1186 11
1187 9
1188 8
1189 2
1190 7
1191 8
1192 10
1193 8
1194 8
1195 6
1196 8
1197 8
1198 5
1199 10
1200 5
1201 6
1202 5
1203 6
1204 11
1205 7
1206 7
1207 11
1208 8
1209 7
1210 4
1211 10
1212 4
1213 8
1214 13
1215 5
1216 7
1217 4
1218 5
1219 9
1220 8
1221 5
1222 3
1223 9
1224 4
1225 3
1226 7
1227 8
1228 5
1229 13
1230 10
1231 4
1232 7
1233 4
1234 13
1235 2
1236 9
1237 3
1238 10
1239 4
1240 13
1241 7
1242 7
1243 3
1244 4
1245 6
1246 8
1247 4
1248 8
1249 5
1250 5
1251 8
1252 7
1253 4
1254 4
1255 3
1256 4
1257 6
1258 7
1259 3
1260 8
1261 3
1262 8
1263 4
1264 8
1265 3
1266 9
1267 8
1268 7
1269 3
1270 4
1271 8
1272 6
1273 8
1274 5
1275 12
1276 11
1277 10
1278 5
1279 1
1280 10
1281 8
1282 4
1283 8
1284 7
1285 12
1286 9
1287 9
1288 6
1289 10
1290 7
1291 6
1292 2
1293 3
1294 7
1295 4
1296 4
1297 4
1298 3
1299 3
1300 9
1301 4
1302 7
1303 14
1304 10
1305 3
1306 4
1307 8
1308 8
1309 4
1310 5
1311 5
1312 5
1313 8
1314 6
1315 2
1316 4
1317 7
1318 3
1319 3
1320 5
1321 8
1322 5
1323 3
1324 4
1325 4
1326 13
1327 3
1328 5
1329 4
1330 5
1331 3
1332 4
1333 4
1334 4
1335 8
1336 6
1337 4
1338 6
1339 3
1340 3
1341 4
1342 6
1343 9
1344 4
1345 6
1346 3
1347 3
1348 4
1349 4
1350 5
1351 5
1352 6
1353 5
1354 7
1355 5
1356 6
1357 7
1358 8
1359 3
1360 6
1361 11
1362 7
1363 6
1364 6
1365 3
1366 6
1367 8
1368 3
1369 1
1370 1
1371 8
1372 7
1373 5
1374 5
1375 6
1376 8
1377 5
1378 5
1379 3
1380 4
1381 5
1382 2
1383 6
1384 4
1385 3
1386 5
1387 7
1388 8
1389 4
1390 6
1391 6
1392 5
1393 3
1394 4
1395 6
1396 2
1397 4
1398 4
1399 4
1400 3
1401 3
1402 9
1403 2
1404 5
1405 6
1406 4
1407 3
1408 5
1409 5
1410 4
1411 6
1412 7
1413 5
1414 4
1415 5
1416 6
1417 3
1418 3
1419 5
1420 6
1421 5
1422 3
1423 5
1424 3
1425 4
1426 4
1427 4
1428 2
1429 2
1430 4
1431 3
1432 1
1433 3
1434 7
1435 2
1436 6
1437 5
1438 3
1439 8
1440 4
1441 9
1442 4
1443 4
1444 3
1445 7
1446 8
1447 6
1448 6
1449 2
1451 5
1452 4
1453 2
1454 6
1455 3
1456 5
1457 4
1458 4
1459 4
1460 2
1461 3
1462 8
1463 3
1464 5
1465 3
1466 5
1467 2
1468 7
1469 3
1470 3
1471 8
1473 3
1474 3
1475 8
1476 1
1477 5
1478 5
1479 4
1480 3
1481 4
1482 4
1483 2
1484 5
1485 2
1486 5
1487 3
1488 2
1489 5
1490 3
1491 2
1492 5
1493 2
1494 3
1495 4
1496 1
1497 5
1498 4
1499 5
1500 3
1501 5
1502 4
1503 6
1504 1
1505 7
1506 5
1507 2
1508 2
1509 4
1510 2
1511 1
1512 6
1513 2
1514 5
1515 1
1516 1
1517 2
1518 4
1519 2
1520 3
1521 2
1522 4
1523 6
1524 4
1525 3
1526 1
1527 4
1528 3
1529 2
1530 1
1531 3
1532 2
1533 7
1534 5
1535 5
1536 3
1537 2
1538 2
1539 5
1540 2
1541 3
1542 3
1543 3
1544 1
1545 1
1546 1
1547 1
1548 3
1549 6
1550 5
1551 4
1552 3
1554 8
1555 2
1556 4
1557 4
1558 3
1559 2
1561 7
1563 1
1564 2
1565 4
1566 3
1567 4
1568 6
1569 1
1570 4
1571 3
1572 2
1573 1
1574 5
1575 1
1576 2
1577 6
1578 4
1579 4
1580 2
1581 2
1582 2
1584 3
1585 2
1586 2
1587 1
1588 5
1589 3
1590 2
1591 8
1592 2
1593 6
1594 4
1595 1
1596 4
1597 5
1598 6
1599 2
1601 3
1602 2
1604 2
1605 5
1606 2
1608 7
1609 3
1610 1
1611 5
1612 2
1613 1
1614 1
1615 4
1616 3
1617 3
1618 6
1619 1
1620 4
1621 3
1622 2
1624 4
1625 1
1626 3
1627 2
1628 2
1629 4
1630 3
1631 1
1632 2
1633 2
1634 2
1635 4
1637 2
1638 4
1639 2
1640 3
1641 2
1642 1
1643 1
1644 6
1645 5
1646 1
1647 2
1648 2
1649 1
1650 3
1651 1
1652 2
1653 2
1654 6
1655 2
1656 3
1657 3
1658 3
1659 2
1660 4
1661 4
1662 2
1663 4
1664 5
1665 2
1666 1
1667 1
1668 3
1669 5
1670 2
1671 4
1672 2
1673 1
1674 3
1676 1
1677 5
1678 5
1679 6
1680 3
1681 3
1682 4
1683 3
1684 4
1685 3
1686 2
1687 3
1688 6
1689 2
1690 3
1691 2
1692 2
1693 1
1694 3
1695 3
1696 4
1698 1
1699 1
1700 3
1701 2
1702 3
1703 6
1704 3
1705 4
1706 2
1707 3
1708 1
1709 2
1710 1
1711 1
1712 3
1713 3
1714 1
1715 4
1716 3
1717 2
1718 3
1719 3
1720 4
1722 2
1723 1
1724 2
1725 4
1726 5
1727 1
1728 4
1729 4
1730 6
1731 2
1732 4
1733 2
1735 3
1736 2
1737 1
1738 4
1739 1
1740 1
1741 1
1742 1
1743 3
1744 4
1745 2
1746 3
1747 1
1748 5
1749 4
1750 2
1751 5
1752 6
1753 1
1754 4
1755 2
1756 2
1757 6
1758 4
1759 1
1761 1
1762 4
1763 2
1765 7
1766 2
1767 2
1769 3
1770 1
1771 4
1772 1
1773 1
1774 3
1775 5
1776 1
1777 2
1778 3
1779 3
1780 3
1781 1
1782 2
1784 1
1785 2
1786 1
1787 6
1789 3
1790 2
1791 2
1792 1
1793 5
1794 2
1795 2
1796 1
1797 2
1798 2
1799 1
1800 5
1802 2
1803 5
1804 4
1805 1
1807 5
1808 1
1809 4
1810 2
1811 2
1812 2
1813 1
1814 1
1815 1
1818 2
1819 4
1820 3
1821 1
1822 2
1823 3
1824 2
1826 2
1827 1
1828 1
1829 4
1830 2
1831 1
1832 2
1834 3
1835 1
1836 2
1837 4
1838 1
1839 2
1841 4
1842 3
1843 2
1844 4
1845 4
1846 1
1847 4
1848 2
1850 3
1851 2
1852 1
1853 4
1854 2
1855 3
1857 1
1858 2
1859 2
1860 1
1862 3
1863 2
1864 1
1865 3
1866 6
1867 5
1869 3
1870 1
1871 1
1873 3
1874 4
1875 2
1876 1
1877 4
1878 1
1879 1
1880 3
1883 2
1884 2
1885 2
1887 2
1888 3
1889 3
1890 3
1891 4
1893 4
1894 3
1895 6
1896 1
1898 2
1899 1
1901 1
1902 3
1903 1
1904 1
1905 7
1906 5
1907 1
1908 4
1909 2
1910 2
1911 4
1912 1
1913 1
1914 1
1915 1
1916 3
1917 2
1919 5
1920 3
1921 1
1923 2
1924 2
1925 2
1926 2
1928 3
1930 2
1931 2
1932 2
1933 2
1934 1
1935 2
1936 2
1937 4
1940 3
1941 2
1942 1
1943 1
1944 1
1945 2
1946 2
1947 1
1948 3
1949 1
1950 1
1951 2
1952 1
1953 1
1957 5
1958 4
1959 1
1960 2
1961 2
1962 1
1963 2
1964 2
1965 3
1966 3
1967 3
1968 2
1970 2
1971 5
1973 2
1974 3
1975 2
1976 1
1978 4
1980 1
1981 4
1983 1
1984 2
1986 1
1987 1
1988 1
1990 1
1991 2
1992 1
1993 1
1994 2
1995 2
1996 1
1997 2
1998 1
1999 1
2001 3
2002 1
2003 2
2004 4
2005 3
2007 2
2008 2
2009 2
2010 2
2011 1
2013 2
2014 1
2015 3
2017 1
2018 1
2019 3
2020 2
2022 2
2023 1
2025 2
2026 2
2027 2
2028 3
2029 2
2030 3
2031 1
2032 2
2033 3
2034 2
2038 3
2039 3
2040 1
2041 1
2042 2
2044 2
2045 1
2046 1
2047 2
2048 3
2049 2
2050 2
2051 4
2052 2
2054 1
2055 3
2058 1
2059 2
2060 1
2061 1
2063 3
2064 3
2066 2
2069 2
2070 4
2072 2
2073 2
2077 1
2082 3
2083 1
2084 3
2085 1
2086 1
2087 1
2088 1
2090 3
2091 3
2092 2
2093 3
2094 1
2096 2
2097 1
2098 3
2099 3
2100 1
2101 1
2102 4
2104 1
2105 1
2107 1
2108 1
2109 1
2110 2
2111 1
2112 2
2113 4
2115 2
2116 2
2117 1
2120 1
2124 1
2125 1
2127 3
2128 1
2129 3
2131 1
2133 1
2134 1
2135 2
2136 3
2137 1
2138 1
2139 3
2140 1
2141 2
2144 2
2145 1
2147 1
2149 1
2152 1
2153 1
2154 2
2155 1
2157 2
2159 3
2160 1
2161 2
2162 2
2164 2
2165 3
2167 3
2170 2
2171 1
2172 1
2173 1
2174 2
2175 2
2176 2
2177 1
2178 2
2180 1
2181 1
2182 2
2183 1
2185 1
2190 1
2191 2
2192 1
2193 2
2194 3
2195 1
2196 2
2197 2
2198 2
2199 2
2200 2
2201 1
2202 1
2203 1
2204 1
2205 2
2206 1
2207 4
2208 2
2209 3
2210 1
2211 1
2214 3
2216 1
2217 3
2218 4
2219 1
2220 4
2221 2
2222 4
2224 3
2225 1
2227 1
2229 1
2231 1
2232 1
2233 1
2234 1
2237 1
2238 2
2240 2
2241 3
2242 2
2244 2
2246 1
2249 2
2250 1
2251 2
2253 3
2254 2
2257 1
2259 1
2260 2
2261 3
2263 2
2264 2
2265 1
2267 1
2269 1
2270 2
2271 1
2272 1
2273 2
2274 2
2275 4
2278 1
2279 3
2280 3
2282 1
2284 1
2286 1
2288 1
2291 3
2292 2
2293 1
2294 1
2296 1
2299 1
2300 1
2302 2
2306 1
2307 1
2308 2
2309 1
2311 2
2314 1
2315 2
2317 1
2318 2
2322 1
2323 1
2326 1
2327 1
2329 2
2332 1
2333 2
2334 1
2335 1
2336 2
2337 2
2338 1
2339 1
2340 1
2341 3
2342 1
2346 2
2347 1
2349 1
2350 5
2353 2
2354 1
2355 1
2356 1
2357 1
2358 1
2359 1
2362 2
2363 3
2365 3
2373 3
2375 3
2381 1
2382 3
2385 1
2387 1
2390 2
2391 1
2394 1
2395 1
2396 1
2397 1
2398 1
2400 1
2402 2
2404 1
2405 1
2406 4
2407 1
2408 1
2409 1
2412 1
2413 1
2419 2
2421 1
2422 3
2425 2
2427 2
2429 1
2430 1
2434 1
2435 1
2438 1
2440 1
2443 1
2444 1
2448 1
2449 2
2451 1
2452 3
2453 2
2458 1
2463 3
2464 1
2466 2
2470 1
2471 1
2473 1
2474 2
2476 1
2478 2
2480 2
2481 1
2482 1
2485 2
2487 3
2488 3
2489 2
2492 1
2495 1
2496 4
2498 2
2499 1
2500 1
2501 2
2502 1
2503 1
2505 1
2506 1
2509 1
2510 2
2511 1
2512 1
2514 1
2515 2
2517 1
2519 1
2520 1
2523 1
2525 2
2527 2
2528 3
2530 1
2532 1
2533 2
2534 1
2536 2
2537 1
2538 3
2539 1
2540 1
2542 2
2543 2
2547 2
2548 1
2550 2
2551 2
2552 1
2555 2
2556 1
2558 2
2559 1
2561 1
2564 1
2565 2
2566 1
2570 4
2571 1
2574 1
2576 1
2577 1
2579 2
2581 1
2582 2
2585 2
2586 1
2590 2
2593 1
2595 1
2596 2
2597 1
2600 1
2601 3
2602 1
2603 1
2607 2
2609 1
2612 4
2616 1
2618 2
2620 2
2622 1
2625 2
2626 1
2627 1
2628 1
2636 1
2639 1
2641 1
2643 3
2644 1
2650 1
2651 2
2652 1
2653 1
2655 2
2658 1
2662 1
2666 1
2668 1
2680 1
2683 1
2684 1
2685 1
2686 2
2688 1
2689 1
2690 3
2692 2
2693 2
2696 1
2697 1
2700 1
2701 1
2702 2
2704 1
2705 1
2708 1
2709 1
2710 3
2714 1
2718 2
2719 1
2720 1
2722 2
2724 1
2725 1
2726 1
2727 1
2728 2
2730 2
2733 1
2736 1
2742 1
2746 1
2749 1
2753 1
2754 1
2756 1
2759 2
2761 2
2762 1
2763 1
2765 1
2769 2
2771 1
2773 1
2777 1
2778 2
2782 2
2784 1
2785 1
2786 1
2787 1
2788 1
2790 2
2791 2
2793 2
2795 1
2804 1
2809 1
2810 1
2811 2
2812 1
2813 1
2815 2
2816 2
2823 1
2824 1
2826 1
2830 1
2841 1
2842 1
2846 2
2847 1
2848 1
2850 1
2852 2
2854 1
2855 1
2857 2
2859 2
2860 1
2864 2
2870 3
2871 1
2872 1
2874 1
2876 2
2880 2
2881 1
2882 1
2883 1
2885 3
2887 1
2888 1
2891 1
2892 1
2894 1
2900 1
2901 1
2902 1
2911 1
2919 1
2921 1
2925 1
2934 1
2936 1
2938 2
2940 1
2944 1
2947 1
2948 2
2950 1
2953 1
2959 1
2960 1
2962 1
2965 1
2972 1
2973 2
2975 2
2984 1
2987 1
2990 1
2991 1
2996 1
2998 1
3005 1
3006 1
3014 1
3016 1
3022 1
3035 1
3040 1
3045 1
3046 1
3050 1
3051 1
3055 1
3058 1
3060 2
3061 1
3069 2
3072 1
3076 1
3077 2
3082 1
3088 1
3091 1
3104 1
3105 1
3111 1
3119 1
3121 1
3122 1
3126 1
3128 1
3134 1
3140 1
3143 1
3144 1
3156 1
3157 1
3158 1
3164 2
3166 1
3167 1
3170 1
3173 1
3177 1
3179 1
3181 1
3183 1
3184 2
3185 2
3190 2
3194 1
3198 1
3200 1
3207 1
3209 1
3211 1
3214 1
3218 1
3224 1
3226 2
3229 1
3237 1
3244 1
3245 1
3249 1
3251 1
3252 1
3281 1
3284 1
3285 1
3292 2
3297 1
3299 1
3303 1
3304 1
3307 2
3309 1
3313 1
3319 1
3331 1
3334 1
3337 1
3345 1
3347 1
3354 1
3359 1
3360 1
3361 1
3368 1
3369 1
3370 1
3371 1
3372 1
3374 1
3375 1
3382 1
3383 1
3387 1
3393 1
3403 1
3404 1
3410 1
3411 1
3416 1
3420 1
3421 1
3424 1
3429 1
3433 1
3437 2
3441 1
3443 1
3445 1
3449 1
3450 1
3455 1
3459 1
3460 1
3462 1
3466 1
3468 1
3472 1
3475 1
3486 1
3487 1
3492 1
3494 1
3500 1
3501 1
3504 1
3512 1
3517 1
3519 1
3526 1
3527 1
3533 1
3536 1
3538 1
3542 1
3547 1
3558 1
3574 1
3576 1
3580 1
3582 1
3589 1
3590 1
3592 2
3593 1
3597 1
3601 1
3603 1
3604 1
3605 1
3606 2
3620 1
3624 1
3628 1
3635 2
3637 1
3641 1
3649 1
3657 1
3665 1
3666 1
3667 1
3672 1
3673 2
3686 1
3688 1
3703 1
3705 1
3708 1
3711 1
3718 1
3723 1
3727 1
3733 1
3745 1
3751 1
3752 1
3754 1
3767 1
3768 1
3772 1
3775 1
3781 1
3790 1
3802 1
3809 1
3820 1
3827 1
3830 1
3833 1
3835 1
3836 1
3843 2
3847 1
3853 1
3860 1
3870 1
3895 1
3900 1
3907 1
3922 1
3941 1
3942 1
3944 1
3951 1
3953 1
3961 1
3966 1
3978 1
3990 3
3992 1
3993 1
3995 1
3997 1
3999 1
4006 1
4009 1
4012 3
4016 1
4018 1
4019 1
4037 2
4044 1
4056 1
4059 1
4061 1
4066 1
4067 1
4089 1
4090 1
4096 1
4097 1
4100 1
4105 1
4127 1
4144 1
4145 1
4149 1
4200 1
4207 1
4214 1
4221 1
4227 1
4229 1
4232 1
4236 1
4243 1
4246 1
4266 1
4273 1
4284 1
4307 1
4317 1
4327 1
4336 1
4339 1
4340 1
4348 1
4368 1
4380 1
4388 1
4401 1
4409 1
4463 2
4500 1
4511 1
4518 1
4522 1
4523 1
4524 1
4526 1
4535 1
4543 1
4552 1
4558 1
4567 1
4576 1
4581 1
4598 2
4625 1
4632 1
4635 1
4652 1
4655 1
4672 1
4690 1
4744 1
4764 1
4793 1
4826 1
4847 1
4851 1
4859 1
4864 1
4871 1
4876 1
4905 1
4910 1
4911 1
4912 1
4918 1
4940 1
4956 1
4987 1
4992 1
5019 1
5028 1
5039 1
5046 1
5095 1
5096 1
5116 1
5121 1
5123 1
5140 1
5141 1
5163 1
5189 1
5192 1
5250 1
5303 1
5339 1
5346 1
5366 1
5372 1
5379 1
5388 1
5442 1
5445 1
5446 1
5458 1
5463 1
5506 1
5515 1
5530 1
5544 1
5546 1
5576 1
5605 1
5679 1
5707 1
5750 1
5779 1
5789 1
5792 1
5901 1
5939 1
5973 1
5976 1
5983 1
6063 1
6171 1
6302 1
6342 1
6347 1
6379 1
6539 1
6554 1
6755 1
7137 1
7560 1
7683 1
7802 1
7875 1
8006 1
8285 1
8357 1
8783 1
8845 1
9030 1
9665 1
11102 1
11483 1
11662 1
14899 1
16348 1
17055 1
18555 1
21063 1
21994 1
