99 0
100 3794
101 1116
102 1330
103 1099
104 919
105 784
106 766
107 863
108 995
109 1109
110 1248
111 1301
112 1418
113 1526
114 1536
115 1592
116 1611
117 1526
118 1414
119 1214
120 1167
121 1035
122 876
123 744
124 734
125 576
126 430
127 428
128 353
129 300
130 420
131 206
132 197
133 186
134 145
135 117
136 119
137 94
138 102
139 77
140 71
141 63
142 48
143 60
144 67
145 65
146 69
147 53
148 41
149 31
150 30
151 24
152 22
153 30
154 24
155 38
156 26
157 29
158 48
159 44
160 41
161 47
162 45
163 23
164 21
165 34
166 24
167 34
168 42
169 18
170 10
171 8
172 2
173 1
174 6
175 1
