99 0
100 0.103359032337
101 0.133761952761
102 0.169994823876
103 0.199934617375
104 0.224970714033
105 0.246329038058
106 0.267196992399
107 0.290707494483
108 0.317814040919
109 0.348026262021
110 0.382025226796
111 0.417468057864
112 0.456098291879
113 0.497670744
114 0.539515623723
115 0.582886098019
116 0.62677418476
117 0.668346636881
118 0.706867899856
119 0.739940610783
120 0.771732911979
121 0.799929168823
122 0.823793826791
123 0.844062440406
124 0.86405862642
125 0.879750456316
126 0.891464843218
127 0.903124744599
128 0.912741438963
129 0.920914267034
130 0.932356226333
131 0.937968234942
132 0.943335058708
133 0.948402212112
134 0.952352412346
135 0.955539815294
136 0.958781703762
137 0.961342523224
138 0.964121284769
139 0.966218977307
140 0.968153213284
141 0.969869507178
142 0.97117715967
143 0.972811725284
144 0.97463699022
145 0.976407769635
146 0.978287520092
147 0.979731386384
148 0.980848339554
149 0.981692865121
150 0.982510147928
151 0.983163974174
152 0.983763314899
153 0.984580597706
154 0.985234423952
155 0.986269648841
156 0.986977960607
157 0.987768000654
158 0.989075653145
159 0.990274334596
160 0.991391287765
161 0.992671697496
162 0.993897621707
163 0.994524205192
164 0.995096303157
165 0.996022557005
166 0.996676383251
167 0.997602637099
168 0.998746833029
169 0.999237202713
170 0.999509630316
171 0.999727572398
172 0.999782057918
173 0.999809300678
174 0.99997275724
175 1.0
