# Statistics for m=1, N=500, S=-1, M=20
# k-definiteness count
1 0
2 0
3 0
4 0
5 0
6 0
7 0
8 0
9 0
10 0
11 0
12 0
13 0
14 0
15 0
16 0
17 0
18 0
19 0
20 0
21 0
22 0
23 0
24 0
25 0
26 0
27 0
28 0
29 0
30 0
31 0
32 0
33 0
34 0
35 0
36 0
37 0
38 0
39 0
40 0
41 0
42 0
43 0
44 0
45 0
46 0
47 0
48 0
49 0
50 0
51 0
52 0
53 0
54 0
55 0
56 0
57 0
58 0
59 0
60 0
61 0
62 0
63 0
64 0
65 0
66 0
67 0
68 0
69 0
70 0
71 0
72 0
73 0
74 0
75 0
76 0
77 0
78 0
79 0
80 0
81 0
82 0
83 0
84 0
85 0
86 0
87 0
88 0
89 0
90 0
91 0
92 0
93 0
94 0
95 0
96 0
97 0
98 0
99 0
100 0
101 0
102 0
103 0
104 0
105 0
106 0
107 0
108 0
109 0
110 0
111 0
112 0
113 0
114 0
115 0
116 0
117 0
118 0
119 0
120 0
121 0
122 0
123 0
124 0
125 0
126 0
127 0
128 0
129 0
130 0
131 0
132 0
133 0
134 0
135 0
136 0
137 0
138 0
139 0
140 0
141 0
142 0
143 0
144 0
145 0
146 0
147 0
148 0
149 0
150 0
151 0
152 0
153 0
154 0
155 0
156 0
157 0
158 0
159 0
160 0
161 0
162 0
163 0
164 0
165 0
166 0
167 0
168 0
169 0
170 0
171 0
172 0
173 0
174 0
175 0
176 0
177 0
178 0
179 0
180 0
181 0
182 0
183 0
184 0
185 0
186 0
187 0
188 0
189 0
190 0
191 0
192 0
193 0
194 0
195 0
196 0
197 0
198 0
199 0
200 0
201 0
202 0
203 0
204 0
205 0
206 0
207 0
208 0
209 0
210 0
211 0
212 0
213 0
214 0
215 0
216 0
217 0
218 0
219 0
220 0
221 0
222 0
223 0
224 0
225 0
226 0
227 0
228 0
229 0
230 0
231 0
232 0
233 0
234 0
235 0
236 0
237 0
238 0
239 0
240 0
241 0
242 0
243 0
244 0
245 0
246 0
247 0
248 0
249 0
250 0
251 0
252 0
253 0
254 0
255 0
256 0
257 0
258 0
259 0
260 0
261 0
262 0
263 0
264 0
265 0
266 0
267 0
268 0
269 0
270 0
271 0
272 0
273 0
274 0
275 0
276 0
277 0
278 0
279 0
280 0
281 0
282 0
283 0
284 0
285 0
286 0
287 0
288 0
289 0
290 0
291 0
292 0
293 0
294 0
295 0
296 0
297 0
298 0
299 0
300 0
301 0
302 0
303 0
304 0
305 0
306 0
307 0
308 0
309 0
310 0
311 0
312 0
313 0
314 0
315 0
316 0
317 0
318 0
319 0
320 0
321 0
322 0
323 0
324 0
325 0
326 0
327 0
328 0
329 0
330 0
331 0
332 0
333 0
334 0
335 0
336 0
337 0
338 0
339 0
340 0
341 0
342 0
343 0
344 0
345 0
346 0
347 0
348 3
349 0
350 0
351 0
352 0
353 1
354 0
355 0
356 0
357 1
358 2
359 1
360 0
361 3
362 0
363 1
364 1
365 3
366 1
367 4
368 0
369 0
370 2
371 1
372 3
373 1
374 2
375 0
376 3
377 1
378 2
379 3
380 0
381 3
382 2
383 6
384 1
385 2
386 7
387 4
388 2
389 3
390 5
391 2
392 5
393 7
394 3
395 6
396 9
397 5
398 6
399 4
400 6
401 6
402 2
403 3
404 7
405 5
406 5
407 1
408 6
409 10
410 7
411 6
412 5
413 9
414 5
415 4
416 5
417 6
418 5
419 5
420 2
421 2
422 5
423 6
424 6
425 5
426 5
427 2
428 3
429 2
430 2
431 1
432 1
433 4
434 0
435 2
436 5
437 1
438 0
439 1
440 3
441 1
442 0
443 0
444 1
445 2
446 1
447 3
448 1
449 1
450 1
451 0
452 0
453 1
454 0
455 0
456 0
457 0
458 0
459 0
460 0
461 0
462 0
463 0
464 0
465 0
466 0
467 0
468 0
469 0
470 0
471 0
472 0
473 0
474 0
475 1
476 0
477 0
478 0
479 0
480 0
481 0
482 0
483 0
484 0
485 0
486 0
487 0
488 0
489 0
490 0
491 0
492 0
493 0
494 0
495 0
496 0
497 0
498 0
499 0
500 0
501 0
502 0
503 0
504 0
505 0
506 1
507 0
508 0
509 0
510 0
511 0
512 0
513 0
514 0
515 0
516 0
517 0
518 1
519 0
520 0
521 0
522 0
523 0
524 0
525 0
526 1
527 2
528 1
529 2
530 0
531 1
532 1
533 3
534 3
535 1
536 1
537 3
538 1
539 2
540 0
541 4
542 3
543 2
544 2
545 3
546 4
547 3
548 3
549 5
550 2
551 1
552 4
553 3
554 6
555 1
556 7
557 7
558 6
559 7
560 2
561 12
562 5
563 7
564 7
565 9
566 5
567 11
568 9
569 9
570 7
571 12
572 6
573 10
574 5
575 8
576 9
577 6
578 12
579 14
580 10
581 5
582 9
583 4
584 16
585 11
586 17
587 9
588 14
589 8
590 14
591 10
592 12
593 11
594 15
595 11
596 12
597 18
598 9
599 17
600 11
601 6
602 9
603 11
604 5
605 14
606 14
607 13
608 14
609 10
610 10
611 15
612 15
613 12
614 17
615 9
616 15
617 11
618 12
619 15
620 15
621 11
622 12
623 16
624 10
625 11
626 8
627 14
628 20
629 13
630 12
631 13
632 12
633 11
634 10
635 8
636 9
637 5
638 9
639 9
640 9
641 8
642 14
643 12
644 15
645 10
646 7
647 6
648 7
649 6
650 4
651 4
652 9
653 10
654 5
655 12
656 8
657 3
658 4
659 8
660 6
661 6
662 15
663 7
664 10
665 8
666 7
667 3
668 6
669 7
670 5
671 9
672 5
673 4
674 2
675 4
676 4
677 7
678 4
679 3
680 1
681 2
682 6
683 2
684 4
685 4
686 3
687 3
688 1
689 4
690 6
691 3
692 2
693 1
694 1
695 2
696 2
697 2
698 3
699 4
700 1
701 1
702 1
703 0
704 1
705 2
706 1
707 0
708 0
709 1
710 1
711 3
712 3
713 2
714 2
715 1
716 1
717 1
718 0
719 0
720 3
721 1
722 0
723 0
724 0
725 2
726 0
727 0
728 1
729 0
730 0
731 1
732 0
733 1
734 0
735 1
736 2
737 0
738 0
739 0
740 0
741 1
742 1
743 0
744 1
745 0
746 0
747 0
748 1
749 1
750 0
751 0
752 0
753 0
754 0
755 0
756 0
757 1
