# Statistics for m=1, N=500, S=-1, M=21
# k-definiteness count
1 0
2 0
3 0
4 0
5 0
6 0
7 0
8 0
9 0
10 0
11 0
12 0
13 0
14 0
15 0
16 0
17 0
18 0
19 0
20 0
21 0
22 0
23 0
24 0
25 0
26 0
27 0
28 0
29 0
30 0
31 0
32 0
33 0
34 0
35 0
36 0
37 0
38 0
39 0
40 0
41 0
42 0
43 0
44 0
45 0
46 0
47 0
48 0
49 0
50 0
51 0
52 0
53 0
54 0
55 0
56 0
57 0
58 0
59 0
60 0
61 0
62 0
63 0
64 0
65 0
66 0
67 0
68 0
69 0
70 0
71 0
72 0
73 0
74 0
75 0
76 0
77 0
78 0
79 0
80 0
81 0
82 0
83 0
84 0
85 0
86 0
87 0
88 0
89 0
90 0
91 0
92 0
93 0
94 0
95 0
96 0
97 0
98 0
99 0
100 0
101 0
102 0
103 0
104 0
105 0
106 0
107 0
108 0
109 0
110 0
111 0
112 0
113 0
114 0
115 0
116 0
117 0
118 0
119 0
120 0
121 0
122 0
123 0
124 0
125 0
126 0
127 0
128 0
129 0
130 0
131 0
132 0
133 0
134 0
135 0
136 0
137 0
138 0
139 0
140 0
141 0
142 0
143 0
144 0
145 0
146 0
147 0
148 0
149 0
150 0
151 0
152 0
153 0
154 0
155 0
156 0
157 0
158 0
159 0
160 0
161 0
162 0
163 0
164 0
165 0
166 0
167 0
168 0
169 0
170 0
171 0
172 0
173 0
174 0
175 0
176 0
177 0
178 0
179 0
180 0
181 0
182 0
183 0
184 0
185 0
186 0
187 0
188 0
189 0
190 0
191 0
192 0
193 0
194 0
195 0
196 0
197 0
198 0
199 0
200 0
201 0
202 0
203 0
204 0
205 0
206 0
207 0
208 0
209 0
210 0
211 0
212 0
213 0
214 0
215 0
216 0
217 0
218 0
219 0
220 0
221 0
222 0
223 0
224 0
225 0
226 0
227 0
228 0
229 0
230 0
231 0
232 0
233 0
234 0
235 0
236 0
237 0
238 0
239 0
240 0
241 0
242 0
243 0
244 0
245 0
246 0
247 0
248 0
249 0
250 0
251 0
252 0
253 0
254 0
255 0
256 0
257 0
258 0
259 0
260 0
261 0
262 0
263 0
264 0
265 0
266 0
267 0
268 0
269 0
270 0
271 0
272 0
273 0
274 0
275 0
276 0
277 0
278 0
279 0
280 0
281 0
282 0
283 0
284 0
285 0
286 0
287 0
288 0
289 0
290 0
291 0
292 0
293 0
294 0
295 0
296 0
297 0
298 0
299 0
300 0
301 0
302 0
303 0
304 0
305 0
306 0
307 0
308 0
309 0
310 0
311 0
312 0
313 0
314 0
315 0
316 0
317 0
318 0
319 0
320 0
321 0
322 0
323 0
324 0
325 0
326 0
327 0
328 0
329 0
330 0
331 0
332 0
333 0
334 0
335 0
336 0
337 0
338 0
339 0
340 0
341 0
342 0
343 0
344 0
345 0
346 0
347 0
348 0
349 0
350 0
351 0
352 0
353 0
354 0
355 0
356 0
357 0
358 0
359 0
360 0
361 0
362 0
363 1
364 0
365 0
366 0
367 0
368 0
369 0
370 1
371 0
372 0
373 1
374 1
375 0
376 2
377 0
378 0
379 0
380 0
381 1
382 0
383 0
384 0
385 1
386 1
387 1
388 0
389 2
390 2
391 2
392 1
393 0
394 3
395 1
396 3
397 1
398 5
399 2
400 2
401 3
402 4
403 1
404 3
405 3
406 5
407 1
408 2
409 4
410 4
411 7
412 1
413 4
414 4
415 10
416 2
417 3
418 5
419 2
420 3
421 1
422 4
423 0
424 3
425 4
426 5
427 7
428 6
429 7
430 4
431 2
432 5
433 9
434 4
435 3
436 5
437 2
438 5
439 6
440 5
441 4
442 2
443 2
444 2
445 5
446 2
447 1
448 2
449 5
450 3
451 2
452 3
453 3
454 2
455 2
456 4
457 2
458 0
459 2
460 1
461 2
462 3
463 2
464 1
465 0
466 1
467 1
468 1
469 0
470 1
471 2
472 1
473 1
474 1
475 0
476 1
477 0
478 1
479 1
480 0
481 1
482 0
483 2
484 0
485 0
486 0
487 0
488 0
489 0
490 0
491 0
492 0
493 0
494 0
495 0
496 0
497 0
498 0
499 0
500 0
501 0
502 0
503 0
504 0
505 0
506 0
507 0
508 0
509 0
510 0
511 0
512 0
513 0
514 0
515 0
516 0
517 0
518 0
519 0
520 0
521 0
522 0
523 0
524 0
525 0
526 0
527 0
528 0
529 0
530 0
531 0
532 0
533 0
534 0
535 0
536 0
537 0
538 1
539 0
540 0
541 0
542 0
543 0
544 0
545 0
546 0
547 0
548 0
549 0
550 0
551 1
552 0
553 2
554 1
555 0
556 0
557 2
558 1
559 2
560 0
561 1
562 0
563 0
564 0
565 4
566 0
567 1
568 3
569 2
570 1
571 2
572 2
573 0
574 4
575 4
576 2
577 3
578 0
579 5
580 4
581 4
582 7
583 3
584 3
585 5
586 6
587 8
588 5
589 8
590 5
591 5
592 10
593 8
594 8
595 2
596 5
597 3
598 8
599 6
600 7
601 10
602 11
603 9
604 5
605 7
606 14
607 7
608 8
609 11
610 9
611 6
612 15
613 7
614 7
615 8
616 12
617 6
618 10
619 8
620 15
621 8
622 8
623 8
624 5
625 9
626 2
627 9
628 9
629 11
630 14
631 9
632 12
633 9
634 14
635 14
636 4
637 14
638 9
639 13
640 6
641 11
642 11
643 12
644 20
645 10
646 7
647 8
648 10
649 10
650 6
651 3
652 7
653 9
654 10
655 11
656 12
657 11
658 9
659 8
660 10
661 8
662 6
663 3
664 7
665 8
666 7
667 10
668 9
669 8
670 12
671 12
672 8
673 7
674 11
675 5
676 12
677 6
678 8
679 6
680 12
681 10
682 5
683 5
684 6
685 8
686 7
687 7
688 8
689 5
690 3
691 8
692 9
693 5
694 5
695 7
696 6
697 1
698 7
699 4
700 6
701 3
702 9
703 4
704 2
705 5
706 2
707 1
708 5
709 6
710 4
711 5
712 2
713 4
714 2
715 1
716 7
717 1
718 4
719 5
720 1
721 3
722 2
723 3
724 4
725 3
726 1
727 3
728 4
729 3
730 3
731 0
732 3
733 0
734 0
735 0
736 2
737 1
738 3
739 2
740 2
741 4
742 0
743 1
744 3
745 1
746 0
747 1
748 1
749 0
750 0
751 1
752 0
753 0
754 0
755 0
756 3
757 0
758 1
759 0
760 0
761 0
762 0
763 1
764 2
765 0
766 0
767 2
768 0
769 0
770 0
771 0
772 0
773 0
774 1
775 1
776 0
777 0
778 0
779 0
780 0
781 0
782 2
783 0
784 0
785 0
786 0
787 0
788 0
789 0
790 2
791 0
792 1
793 0
794 0
795 0
796 0
797 0
798 0
799 0
800 1
801 0
802 0
803 0
804 0
805 0
806 0
807 0
808 0
809 0
810 0
811 0
812 0
813 0
814 0
815 0
816 0
817 0
818 0
819 0
820 0
821 0
822 0
823 0
824 0
825 0
826 0
827 0
828 0
829 1
