6 1.07655373618e-05
7 2.15310747236e-05
8 0.000107655373618
9 0.000279903971407
10 0.000613635629622
11 0.00125956787133
12 0.00241148036904
13 0.00454305676668
14 0.00771889028841
15 0.0117344357244
16 0.0169234247327
17 0.0235980578971
18 0.0306925470185
19 0.0388205277266
20 0.0472391779436
21 0.055345627577
22 0.0628384415808
23 0.0690178600265
24 0.0744975185436
25 0.0793635414312
26 0.0831853071946
27 0.0856290841757
28 0.0877606605734
29 0.0892355391919
30 0.0907965421094
31 0.0924006071763
32 0.0936386439729
33 0.0952750056519
34 0.0965991667474
35 0.0984939013231
36 0.100636243258
37 0.102918537179
38 0.105082410189
39 0.107612311469
40 0.110099150599
41 0.112769003865
42 0.115514215892
43 0.117979523948
44 0.120606315064
45 0.123297699405
46 0.125859897297
47 0.128518985025
48 0.13102735523
49 0.133772567258
50 0.136679262345
51 0.139747440493
52 0.142869446328
53 0.14624982506
54 0.149651734866
55 0.15306441021
56 0.15657397539
57 0.160191195944
58 0.163722292198
59 0.167242622916
60 0.170450753049
61 0.173443572436
62 0.176350267524
63 0.17897705864
64 0.181840691578
65 0.184381358396
66 0.186695948928
67 0.189053601611
68 0.191099053709
69 0.193090678121
70 0.194996178234
71 0.197192347856
72 0.199119379044
73 0.201121768993
74 0.203177986629
75 0.205395687326
76 0.207957885218
77 0.21072462832
78 0.213340653899
79 0.216301176673
80 0.218917202252
81 0.221468634607
82 0.224407626307
83 0.227195900483
84 0.230296375244
85 0.233429146616
86 0.236217420793
87 0.238747322073
88 0.241352582114
89 0.243904014469
90 0.246369322525
91 0.248770037356
92 0.251127690039
93 0.253517639333
94 0.255573856969
95 0.257673136755
96 0.259653995629
97 0.261817868639
98 0.263927913962
99 0.265984131598
100 0.268352549818
101 0.270387236379
102 0.272475750627
103 0.274801106697
104 0.276878855408
105 0.278676700147
106 0.280851338695
107 0.282918321868
108 0.28511449149
109 0.287159943589
110 0.28960372057
111 0.291853717878
112 0.294125246262
113 0.296698209691
114 0.298969738074
115 0.301284328607
116 0.303469732692
117 0.305472122641
118 0.30747451259
119 0.309649151137
120 0.311769961998
121 0.313750820872
122 0.315774741896
123 0.317970911518
124 0.319919473781
125 0.321954160342
126 0.323805832768
127 0.325872815942
128 0.327832143741
129 0.32971611278
130 0.331707737192
131 0.333602471767
132 0.33555103403
133 0.337456534143
134 0.33946968963
135 0.341676624789
136 0.343614421514
137 0.345606045926
138 0.347608435875
139 0.349729246735
140 0.3515055604
141 0.353217280841
142 0.355499574761
143 0.357501964711
144 0.359428995898
145 0.361377558161
146 0.363315354886
147 0.365371572522
148 0.367513914457
149 0.369408649033
150 0.371206493772
151 0.373208883721
152 0.374963666311
153 0.376912228574
154 0.378742369925
155 0.380454090366
156 0.382488776927
157 0.38423279398
158 0.386127528556
159 0.387580876099
160 0.389400251914
161 0.391133503429
162 0.392812927257
163 0.394481585548
164 0.396204071526
165 0.397991150728
166 0.399659809019
167 0.401425357147
168 0.403061718826
169 0.40488109464
170 0.406646642767
171 0.408369128745
172 0.409854772901
173 0.411609555491
174 0.413504290067
175 0.415097589596
176 0.416561702677
177 0.418176533282
178 0.419834426035
179 0.421470787714
180 0.423117914931
181 0.424743511072
182 0.426282982915
183 0.428048531042
184 0.429631065035
185 0.43136431655
186 0.432763836407
187 0.434367901474
188 0.435778186868
189 0.437468376234
190 0.43895402039
191 0.440622678681
192 0.442065260687
193 0.44385233989
194 0.445456404956
195 0.447082001098
196 0.448793721539
197 0.450387021068
198 0.451872665224
199 0.453573620127
200 0.45531763718
201 0.456738688112
202 0.458235097805
203 0.459699210886
204 0.46115255843
205 0.462627437049
206 0.464156143354
207 0.465760208421
208 0.467288914726
209 0.46890374533
210 0.470389389486
211 0.471939626866
212 0.473317615649
213 0.474706369968
214 0.476202779662
215 0.47788220349
216 0.479367847646
217 0.480939616101
218 0.482446791332
219 0.483878607801
220 0.485192003359
221 0.486473102305
222 0.487894153237
223 0.489465921691
224 0.490725489563
225 0.492394147854
226 0.493825964323
227 0.495247015255
228 0.496592707425
229 0.498067586044
230 0.499391747139
231 0.500920453444
232 0.50220155239
233 0.503848679607
234 0.505312792688
235 0.506572360559
236 0.507971880416
237 0.509317572587
238 0.510835513355
239 0.512278095361
240 0.513817567204
241 0.515357039047
242 0.516552013694
243 0.517822347102
244 0.519135742661
245 0.520341482845
246 0.521730237165
247 0.523215881321
248 0.524615401178
249 0.525950327811
250 0.527306785518
251 0.528534056777
252 0.529879748948
253 0.531246972193
254 0.532463477915
255 0.533733811323
256 0.535197924404
257 0.536705099635
258 0.538158447179
259 0.539536435961
260 0.540903659206
261 0.542163227077
262 0.543508919248
263 0.544897673567
264 0.546017289453
265 0.547330685011
266 0.548536425196
267 0.549774461992
268 0.551141685237
269 0.552347425422
270 0.553434744695
271 0.554705078104
272 0.555975411513
273 0.557181151697
274 0.55835459527
275 0.55965722529
276 0.560938324236
277 0.562133298884
278 0.563457459979
279 0.564792386612
280 0.565987361259
281 0.567117742682
282 0.56843113824
283 0.5696584095
284 0.570874915221
285 0.571973000032
286 0.573243333441
287 0.574352183789
288 0.575676344885
289 0.576752898621
290 0.577926342193
291 0.578992130392
292 0.580176339502
293 0.581263658776
294 0.582372509124
295 0.583642842532
296 0.58463327197
297 0.585968198603
298 0.587033986801
299 0.588045947313
300 0.589025611213
301 0.590220585861
302 0.591340201746
303 0.592405989945
304 0.593331826158
305 0.59438684882
306 0.595420340406
307 0.59671220489
308 0.597961007224
309 0.598972967736
310 0.600254066682
311 0.601255261656
312 0.602353346467
313 0.603419134666
314 0.604388033029
315 0.605324634779
316 0.60642271959
317 0.607520804401
318 0.608834199959
319 0.609867691546
320 0.611084197268
321 0.612139219929
322 0.613205008128
323 0.614098547729
324 0.615218163615
325 0.616165530902
326 0.617145194802
327 0.618049499941
328 0.619309067812
329 0.620364090474
330 0.621300692224
331 0.622431073647
332 0.623303082173
333 0.62437963591
334 0.625413127496
335 0.626403556934
336 0.627383220833
337 0.628438243495
338 0.629654749217
339 0.630709771878
340 0.631893980988
341 0.632992065799
342 0.633767184489
343 0.634714551777
344 0.635769574438
345 0.636641582965
346 0.637847323149
347 0.638654738451
348 0.639591340202
349 0.640614066251
350 0.641604495688
351 0.642498035289
352 0.643606885638
353 0.644651142762
354 0.645576978975
355 0.646427456426
356 0.647504010163
357 0.648559032824
358 0.649570993336
359 0.650292284339
360 0.651347307001
361 0.652348501975
362 0.652994434217
363 0.653855677206
364 0.654835341106
365 0.655750411782
366 0.656676247995
367 0.657591318671
368 0.658484858272
369 0.659539880933
370 0.660347296235
371 0.661391553359
372 0.662349686185
373 0.663124804875
374 0.66403987555
375 0.664836525315
376 0.665902313514
377 0.666763556503
378 0.66775398594
379 0.66877671199
380 0.669562596217
381 0.670768336402
382 0.671478861867
383 0.672329339319
384 0.673179816771
385 0.673933404386
386 0.674826943987
387 0.675720483588
388 0.676581726577
389 0.677539859402
390 0.678465695615
391 0.679316173067
392 0.680112822832
393 0.681027893507
394 0.682147509393
395 0.68297645577
396 0.683773105535
397 0.684451334388
398 0.685430998288
399 0.68628147574
400 0.687164249804
401 0.687928602956
402 0.688660659497
403 0.68958649571
404 0.6903616144
405 0.691093670941
406 0.691933382855
407 0.692676204933
408 0.693494385772
409 0.694291035537
410 0.695163044063
411 0.695970459365
412 0.696691750369
413 0.697628352119
414 0.698468064033
415 0.69934007256
416 0.700018301414
417 0.700674999193
418 0.701439352345
419 0.70223600211
420 0.70305418295
421 0.703732411803
422 0.704507530493
423 0.70533647687
424 0.70611159556
425 0.70688671425
426 0.707651067403
427 0.708469248243
428 0.709244366933
429 0.709814940413
430 0.710665417864
431 0.711365177793
432 0.712226420782
433 0.713109194845
434 0.713830485849
435 0.714541011315
436 0.715369957691
437 0.716112779769
438 0.716855601847
439 0.717576892851
440 0.718244356167
441 0.719094833619
442 0.719837655697
443 0.720634305461
444 0.721420189689
445 0.722346025902
446 0.72308884798
447 0.723842435595
448 0.724628319823
449 0.725381907438
450 0.726135495053
451 0.726749130683
452 0.727362766312
453 0.728137885003
454 0.728826879394
455 0.729418983949
456 0.73031252355
457 0.730990752403
458 0.731625919108
459 0.732347210111
460 0.73304697004
461 0.733811323192
462 0.734457255434
463 0.735221608587
464 0.735867540828
465 0.736459645383
466 0.737019453326
467 0.737773040941
468 0.738289786735
469 0.739011077738
470 0.739667775517
471 0.740335238833
472 0.741045764299
473 0.74177782084
474 0.742477580768
475 0.743231168384
476 0.743780210789
477 0.744436908568
478 0.745093606347
479 0.745718007514
480 0.746374705293
481 0.747052934147
482 0.747634273165
483 0.748312502019
484 0.748840013349
485 0.749389055755
486 0.749927332623
487 0.750497906103
488 0.751154603882
489 0.751789770586
490 0.752500296052
491 0.752973979696
492 0.753695270699
493 0.75422278203
494 0.754814886585
495 0.755503880976
496 0.756139047681
497 0.756935697445
498 0.757710816135
499 0.758324451765
500 0.758808900946
501 0.759465598725
502 0.760068468818
503 0.76067133891
504 0.761263443465
505 0.761941672319
506 0.762684494397
507 0.763319661101
508 0.763857937969
509 0.764277793926
510 0.764783774182
511 0.765408175349
512 0.765989514367
513 0.766538556772
514 0.767206020088
515 0.767625876046
516 0.768174918451
517 0.768756257469
518 0.769326830949
519 0.76981128013
520 0.770489508984
521 0.771092379076
522 0.771490703958
523 0.772104339588
524 0.772685678606
525 0.773256252086
526 0.773772997879
527 0.774343571359
528 0.774978738064
529 0.775549311544
530 0.776076822875
531 0.776679692967
532 0.777228735372
533 0.77781007439
534 0.778316054646
535 0.778886628126
536 0.779618684667
537 0.780167727072
538 0.780813659314
539 0.781211984196
540 0.781900978587
541 0.782546910829
542 0.783042125548
543 0.783580402416
544 0.784107913747
545 0.784656956152
546 0.785152170871
547 0.785701213276
548 0.786282552294
549 0.78678853255
550 0.787326809418
551 0.787961976122
552 0.788489487453
553 0.78890934341
554 0.789372261516
555 0.789813648548
556 0.79029809773
557 0.790847140135
558 0.791299292704
559 0.791826804035
560 0.792278956604
561 0.792914123308
562 0.793344744803
563 0.793775366297
564 0.794270581016
565 0.794798092347
566 0.795282541528
567 0.795734694097
568 0.796262205428
569 0.796832778908
570 0.797435649
571 0.797877036032
572 0.798447609512
573 0.798888996544
574 0.799427273412
575 0.799933253668
576 0.8003746407
577 0.800869855419
578 0.801375835675
579 0.80196794023
580 0.802516982635
581 0.803055259503
582 0.803593536371
583 0.804077985553
584 0.804508607047
585 0.804982290691
586 0.805412912186
587 0.805994251203
588 0.806467934847
589 0.807038508327
590 0.807512191971
591 0.80800740669
592 0.80857798017
593 0.80894400844
594 0.809622237294
595 0.810192810774
596 0.810655728881
597 0.811194005749
598 0.811646158318
599 0.81208754535
600 0.812518166844
601 0.812884195115
602 0.813379409833
603 0.813993045463
604 0.814240652822
605 0.814768164153
606 0.815381799783
607 0.815952373263
608 0.816522946743
609 0.816996630387
610 0.817362658657
611 0.81787940445
612 0.818428446856
613 0.818816006201
614 0.819365048606
615 0.819774139026
616 0.82029088482
617 0.820699975239
618 0.821152127808
619 0.821668873602
620 0.822131791708
621 0.82261624089
622 0.823057627921
623 0.823520546028
624 0.823854277686
625 0.824295664718
626 0.824597099764
627 0.825081548946
628 0.825555232589
629 0.826061212845
630 0.826556427564
631 0.826976283521
632 0.827374608404
633 0.827805229898
634 0.828289679079
635 0.828698769499
636 0.829075563307
637 0.829538481413
638 0.829990633982
639 0.83036742779
640 0.830711924986
641 0.831153312018
642 0.831637761199
643 0.832143741455
644 0.832789673697
645 0.833284888415
646 0.83367244776
647 0.83408153818
648 0.834544456287
649 0.834888953482
650 0.835168857454
651 0.835502589112
652 0.835890148457
653 0.836266942264
654 0.836686798222
655 0.837117419716
656 0.837558806748
657 0.83795713163
658 0.838333925438
659 0.838818374619
660 0.839270527188
661 0.839593493309
662 0.83995952158
663 0.840304018775
664 0.840777702419
665 0.841176027301
666 0.841563586646
667 0.841983442604
668 0.842403298561
669 0.842780092368
670 0.8432214794
671 0.843770521806
672 0.844115019001
673 0.844502578346
674 0.844847075542
675 0.845137745051
676 0.845729849605
677 0.846138940025
678 0.846666451356
679 0.847010948551
680 0.847420038971
681 0.847818363854
682 0.8481197989
683 0.848507358245
684 0.848884152052
685 0.849314773547
686 0.849713098429
687 0.850251375297
688 0.850617403568
689 0.8510587906
690 0.851446349945
691 0.851769316065
692 0.852307592934
693 0.852641324592
694 0.852996587325
695 0.853330318983
696 0.853717878328
697 0.854040844449
698 0.854439169331
699 0.854794432064
700 0.85509586711
701 0.855311177857
702 0.855784861501
703 0.856129358697
704 0.856452324818
705 0.856807587551
706 0.857130553672
707 0.857475050867
708 0.857927203436
709 0.85823940402
710 0.858530073529
711 0.85897146056
712 0.859455909742
713 0.859746579251
714 0.860037248759
715 0.860263325044
716 0.860575525627
717 0.860855429599
718 0.861232223406
719 0.861641313826
720 0.861942748872
721 0.862298011605
722 0.862717867562
723 0.863019302608
724 0.863396096416
725 0.863837483448
726 0.864149684031
727 0.864472650152
728 0.864795616273
729 0.865097051319
730 0.865366189753
731 0.865613797113
732 0.865969059846
733 0.866356619191
734 0.866679585312
735 0.867002551432
736 0.867347048628
737 0.867605421525
738 0.867928387645
739 0.868229822692
740 0.868509726663
741 0.868778865097
742 0.869080300143
743 0.869360204115
744 0.869715466848
745 0.870049198506
746 0.870382930164
747 0.870641303061
748 0.870996565794
749 0.871330297452
750 0.871620966961
751 0.871890105395
752 0.872256133665
753 0.87260063086
754 0.872902065907
755 0.87321426649
756 0.873483404924
757 0.873838667657
758 0.87419393039
759 0.874473834361
760 0.874699910646
761 0.875076704454
762 0.875453498261
763 0.87574416777
764 0.876088664966
765 0.876347037862
766 0.876659238446
767 0.876992970104
768 0.877262108538
769 0.877531246972
770 0.877843447556
771 0.878004930616
772 0.8783171312
773 0.878736987157
774 0.878995360053
775 0.87925373295
776 0.879544402459
777 0.87986736858
778 0.880125741476
779 0.880373348836
780 0.880653252807
781 0.881094639839
782 0.881396074885
783 0.881654447782
784 0.882009710515
785 0.882257317874
786 0.882547987383
787 0.882849422429
788 0.883032436564
789 0.883290809461
790 0.883570713432
791 0.883839851866
792 0.884098224763
793 0.884442721958
794 0.88467956378
795 0.884970233289
796 0.885217840649
797 0.88549774462
798 0.88570228983
799 0.885971428264
800 0.88627286331
801 0.886498939595
802 0.886746546954
803 0.887037216463
804 0.887241761673
805 0.887489369032
806 0.88786616284
807 0.888070708049
808 0.888339846483
809 0.888522860619
810 0.888888888889
811 0.889254917159
812 0.889513290056
813 0.889771662953
814 0.889965442625
815 0.89019151891
816 0.890471422881
817 0.890665202554
818 0.890815920077
819 0.89112812066
820 0.891311134795
821 0.891504914468
822 0.89190323935
823 0.892183143322
824 0.892419985144
825 0.892613764816
826 0.892893668787
827 0.893152041684
828 0.893378117969
829 0.893625725328
830 0.893841036075
831 0.894056346823
832 0.89427165757
833 0.894551561541
834 0.894820699975
835 0.895036010722
836 0.89525132147
837 0.895498928829
838 0.895714239576
839 0.895972612473
840 0.896360171818
841 0.896575482565
842 0.896823089925
843 0.897221414807
844 0.897415194479
845 0.897630505227
846 0.897824284899
847 0.898093423333
848 0.898254906394
849 0.898470217141
850 0.898653231276
851 0.898911604173
852 0.899040790621
853 0.899352991205
854 0.899611364101
855 0.899815909311
856 0.900052751133
857 0.900257296343
858 0.90047260709
859 0.900763276599
860 0.900892463047
861 0.901150835944
862 0.901387677766
863 0.901689112812
864 0.901947485709
865 0.902055141082
866 0.902184327531
867 0.902410403815
868 0.902668776712
869 0.90284102531
870 0.903067101594
871 0.903314708954
872 0.903508488626
873 0.903626909537
874 0.903831454747
875 0.904079062106
876 0.904272841779
877 0.904531214676
878 0.90475729096
879 0.904994132782
880 0.905220209067
881 0.905435519814
882 0.905661596099
883 0.905844610234
884 0.906081452056
885 0.906221404041
886 0.906415183714
887 0.906598197849
888 0.906781211984
889 0.90708264703
890 0.907233364553
891 0.907394847614
892 0.907631689436
893 0.90785776572
894 0.90806231093
895 0.908288387215
896 0.90847140135
897 0.908729774247
898 0.908945084994
899 0.909171161279
900 0.909364940951
901 0.909591017236
902 0.909687907072
903 0.909957045506
904 0.910150825178
905 0.910312308239
906 0.910463025762
907 0.910785991883
908 0.911012068167
909 0.911173551228
910 0.911356565363
911 0.911485751811
912 0.911744124708
913 0.911916373306
914 0.912099387441
915 0.912239339427
916 0.912357760338
917 0.912486946786
918 0.912691491996
919 0.91296063043
920 0.913132879028
921 0.913380486387
922 0.913574266059
923 0.913832638956
924 0.914015653091
925 0.914284791525
926 0.914435509048
927 0.914596992109
928 0.914812302856
929 0.915038379141
930 0.915253689888
931 0.91549053171
932 0.915673545845
933 0.915835028905
934 0.915996511966
935 0.916179526101
936 0.916405602386
937 0.916524023297
938 0.916642444208
939 0.916793161731
940 0.916976175866
941 0.917148424464
942 0.917331438599
943 0.917503687197
944 0.91765440472
945 0.917718997944
946 0.91797737084
947 0.918192681588
948 0.918321868036
949 0.918504882171
950 0.918644834157
951 0.918860144904
952 0.919021627965
953 0.919172345488
954 0.919333828548
955 0.919473780534
956 0.919602966982
957 0.919785981117
958 0.919968995252
959 0.920119712775
960 0.920259664761
961 0.920356554597
962 0.920582630882
963 0.92075487948
964 0.920894831466
965 0.920991721302
966 0.921196266512
967 0.921368515109
968 0.921616122469
969 0.921799136604
970 0.921917557515
971 0.922111337187
972 0.922240523636
973 0.922445068846
974 0.922649614055
975 0.922778800504
976 0.922929518027
977 0.922983345714
978 0.923134063237
979 0.92328478076
980 0.923500091507
981 0.923683105642
982 0.923736933329
983 0.923919947464
984 0.924070664987
985 0.924210616973
986 0.924436693258
987 0.924619707393
988 0.924770424916
989 0.925007266738
990 0.925147218723
991 0.925330232859
992 0.925470184844
993 0.92561013683
994 0.92577161989
995 0.925943868488
996 0.926062289399
997 0.926213006922
998 0.926363724445
999 0.926535973043
1000 0.926654393954
1001 0.926923532388
1002 0.927085015449
1003 0.927224967434
1004 0.927386450495
1005 0.927547933555
1006 0.927698651078
1007 0.927817071989
1008 0.928064679348
1009 0.928258459021
1010 0.928430707619
1011 0.928527597455
1012 0.928678314978
1013 0.928764439277
1014 0.928893625725
1015 0.929065874323
1016 0.929205826309
1017 0.929431902593
1018 0.929647213341
1019 0.92973333764
1020 0.929873289625
1021 0.930067069298
1022 0.930185490209
1023 0.93026084897
1024 0.930357738807
1025 0.930476159718
1026 0.93066993939
1027 0.930863719063
1028 0.931003671048
1029 0.931154388571
1030 0.931326637169
1031 0.93144505808
1032 0.931563478991
1033 0.931724962051
1034 0.931821851888
1035 0.931907976187
1036 0.932080224784
1037 0.932209411233
1038 0.932252473382
1039 0.932392425368
1040 0.93258620504
1041 0.932726157026
1042 0.932887640087
1043 0.933027592072
1044 0.933146012983
1045 0.933318261581
1046 0.933415151417
1047 0.933576634478
1048 0.933673524314
1049 0.933791945225
1050 0.933964193823
1051 0.934104145808
1052 0.93434098763
1053 0.934448643004
1054 0.93458859499
1055 0.934696250363
1056 0.934846967886
1057 0.934965388797
1058 0.935094575246
1059 0.935169934007
1060 0.935331417068
1061 0.935396010292
1062 0.93552519674
1063 0.935686679801
1064 0.935869693936
1065 0.935912756085
1066 0.935945052697
1067 0.936128066832
1068 0.936289549893
1069 0.936461798491
1070 0.936623281551
1071 0.936784764612
1072 0.936860123373
1073 0.937043137508
1074 0.937140027344
1075 0.937269213793
1076 0.937387634704
1077 0.937538352227
1078 0.937710600825
1079 0.937839787273
1080 0.937915146035
1081 0.938022801408
1082 0.938130456782
1083 0.938281174305
1084 0.938367298604
1085 0.93846418844
1086 0.938647202575
1087 0.938701030262
1088 0.938851747785
1089 0.939056292995
1090 0.939196244981
1091 0.939314665892
1092 0.939433086803
1093 0.939540742176
1094 0.939637632012
1095 0.939723756311
1096 0.93980988061
1097 0.939960598133
1098 0.940046722432
1099 0.940143612268
1100 0.940262033179
1101 0.940348157478
1102 0.940509640539
1103 0.9405849993
1104 0.940660358062
1105 0.940821841122
1106 0.940907965421
1107 0.941047917407
1108 0.941187869393
1109 0.941317055841
1110 0.941381649065
1111 0.941446242289
1112 0.941586194275
1113 0.941672318574
1114 0.941844567172
1115 0.941909160396
1116 0.942016815769
1117 0.94213523668
1118 0.942221360979
1119 0.942318250815
1120 0.942479733876
1121 0.94258738925
1122 0.942759637847
1123 0.942834996609
1124 0.942888824296
1125 0.942974948595
1126 0.943136431655
1127 0.943308680253
1128 0.943470163313
1129 0.943577818687
1130 0.943620880836
1131 0.943696239598
1132 0.943836191584
1133 0.94393308142
1134 0.944040736793
1135 0.944202219854
1136 0.944320640765
1137 0.94446059275
1138 0.944557482587
1139 0.944718965647
1140 0.944805089946
1141 0.94486968317
1142 0.944923510857
1143 0.945020400693
1144 0.945138821604
1145 0.945192649291
1146 0.945332601277
1147 0.945472553262
1148 0.945558677561
1149 0.945612505248
1150 0.945698629547
1151 0.945763222771
1152 0.945827815995
1153 0.945913940294
1154 0.945935471369
1155 0.94605389228
1156 0.946118485504
1157 0.946269203027
1158 0.946376858401
1159 0.946473748237
1160 0.94662446576
1161 0.946721355596
1162 0.946861307582
1163 0.946915135269
1164 0.947012025105
1165 0.947044321717
1166 0.947162742628
1167 0.947205804778
1168 0.947313460151
1169 0.947464177674
1170 0.947539536436
1171 0.947636426272
1172 0.947690253959
1173 0.947797909333
1174 0.947927095781
1175 0.948034751155
1176 0.948185468678
1177 0.948293124051
1178 0.94837924835
1179 0.948465372649
1180 0.948519200336
1181 0.948540731411
1182 0.948648386784
1183 0.948723745546
1184 0.948777573233
1185 0.948809869845
1186 0.948885228606
1187 0.94894982183
1188 0.949079008279
1189 0.949208194727
1190 0.949326615638
1191 0.949434271012
1192 0.949552691923
1193 0.949628050684
1194 0.949746471595
1195 0.949864892506
1196 0.949897189118
1197 0.949940251268
1198 0.949994078954
1199 0.950069437716
1200 0.95013403094
1201 0.950230920776
1202 0.950273982926
1203 0.95033857615
1204 0.950467762598
1205 0.950575417972
1206 0.950618480121
1207 0.950715369958
1208 0.950855321943
1209 0.950919915168
1210 0.950973742854
1211 0.951081398228
1212 0.951210584676
1213 0.951296708975
1214 0.951382833274
1215 0.951436660961
1216 0.951490488648
1217 0.951598144021
1218 0.951705799395
1219 0.951813454769
1220 0.95188881353
1221 0.951953406754
1222 0.952050296591
1223 0.952104124277
1224 0.952157951964
1225 0.952287138413
1226 0.952448621473
1227 0.952491683622
1228 0.952534745772
1229 0.952674697758
1230 0.952750056519
1231 0.952803884206
1232 0.952911539579
1233 0.952976132804
1234 0.953094553715
1235 0.953169912476
1236 0.953288333387
1237 0.953320629999
1238 0.953395988761
1239 0.953514409672
1240 0.953579002896
1241 0.95368665827
1242 0.953815844718
1243 0.953869672405
1244 0.953998858853
1245 0.95405268654
1246 0.954106514227
1247 0.954203404063
1248 0.954289528362
1249 0.954343356049
1250 0.954407949273
1251 0.954547901258
1252 0.954612494483
1253 0.954720149856
1254 0.954795508618
1255 0.954849336305
1256 0.954903163991
1257 0.954978522753
1258 0.955043115977
1259 0.955183067963
1260 0.955258426724
1261 0.955344551023
1262 0.95539837871
1263 0.955473737472
1264 0.955581392845
1265 0.955689048219
1266 0.955721344831
1267 0.955818234667
1268 0.955850531279
1269 0.955882827891
1270 0.956001248802
1271 0.956087373101
1272 0.956151966325
1273 0.956227325087
1274 0.956356511535
1275 0.956442635834
1276 0.956528760133
1277 0.956647181044
1278 0.956733305343
1279 0.956851726254
1280 0.956937850553
1281 0.957002443777
1282 0.957056271464
1283 0.957131630225
1284 0.957174692375
1285 0.957271582211
1286 0.957325409898
1287 0.957368472047
1288 0.957465361884
1289 0.957583782795
1290 0.957626844944
1291 0.95772373478
1292 0.957788328004
1293 0.957842155691
1294 0.957895983378
1295 0.957960576602
1296 0.958035935364
1297 0.9581328252
1298 0.958197418424
1299 0.958229715036
1300 0.958391198097
1301 0.958488087933
1302 0.958509619008
1303 0.958595743307
1304 0.958671102068
1305 0.95870339868
1306 0.958757226367
1307 0.958854116203
1308 0.958886412815
1309 0.958951006039
1310 0.959026364801
1311 0.959090958025
1312 0.959144785712
1313 0.959220144474
1314 0.95927397216
1315 0.959349330922
1316 0.959392393071
1317 0.959446220758
1318 0.959500048445
1319 0.959532345057
1320 0.959596938281
1321 0.95968306258
1322 0.959758421342
1323 0.959812249028
1324 0.959866076715
1325 0.959952201014
1326 0.960016794238
1327 0.960102918537
1328 0.960135215149
1329 0.960178277299
1330 0.960210573911
1331 0.960275167135
1332 0.960307463747
1333 0.960415119121
1334 0.960544305569
1335 0.960619664331
1336 0.960651960943
1337 0.960705788629
1338 0.960738085242
1339 0.960781147391
1340 0.96086727169
1341 0.960953395989
1342 0.961017989213
1343 0.961082582437
1344 0.961168706736
1345 0.961244065498
1346 0.961297893184
1347 0.961384017483
1348 0.961513203932
1349 0.96159932823
1350 0.961620859305
1351 0.961696218067
1352 0.961793107903
1353 0.961857701127
1354 0.961933059889
1355 0.961965356501
1356 0.962083777412
1357 0.962169901711
1358 0.96221296386
1359 0.962352915846
1360 0.962428274607
1361 0.962503633369
1362 0.962611288742
1363 0.962643585355
1364 0.962675881967
1365 0.962729709653
1366 0.962751240728
1367 0.96282659949
1368 0.962880427177
1369 0.962923489326
1370 0.9630311447
1371 0.963084972386
1372 0.963149565611
1373 0.963224924372
1374 0.963278752059
1375 0.963364876358
1376 0.963407938507
1377 0.963504828344
1378 0.963547890493
1379 0.963612483717
1380 0.963698608016
1381 0.963741670165
1382 0.96380626339
1383 0.963849325539
1384 0.963913918763
1385 0.964032339674
1386 0.964086167361
1387 0.964107698436
1388 0.964139995048
1389 0.964183057197
1390 0.964258415959
1391 0.964279947034
1392 0.964323009183
1393 0.964387602407
1394 0.964419899019
1395 0.964441430094
1396 0.964452195631
1397 0.964506023318
1398 0.964549085468
1399 0.964602913154
1400 0.964667506379
1401 0.964732099603
1402 0.96478592729
1403 0.964872051588
1404 0.964893582663
1405 0.964925879275
1406 0.965022769112
1407 0.965076596798
1408 0.96515195556
1409 0.965205783247
1410 0.965270376471
1411 0.965334969695
1412 0.965421093994
1413 0.965431859531
1414 0.965464156143
1415 0.965507218293
1416 0.965593342592
1417 0.965657935816
1418 0.965679466891
1419 0.965754825652
1420 0.965808653339
1421 0.965894777638
1422 0.965937839787
1423 0.966002433011
1424 0.966045495161
1425 0.966110088385
1426 0.966174681609
1427 0.966228509296
1428 0.966271571445
1429 0.966303868058
1430 0.96633616467
1431 0.966379226819
1432 0.966529944342
1433 0.966551475417
1434 0.966605303104
1435 0.966648365253
1436 0.966680661865
1437 0.966799082776
1438 0.966863676
1439 0.966949800299
1440 0.967014393523
1441 0.967078986748
1442 0.96711128336
1443 0.967175876584
1444 0.967229704271
1445 0.967262000883
1446 0.96731582857
1447 0.967358890719
1448 0.967380421794
1449 0.967412718406
1450 0.967455780555
1451 0.967509608242
1452 0.967574201466
1453 0.967606498078
1454 0.96763879469
1455 0.96768185684
1456 0.967735684527
1457 0.967789512214
1458 0.967821808826
1459 0.967854105438
1460 0.967897167587
1461 0.967940229737
1462 0.967972526349
1463 0.967994057423
1464 0.96804788511
1465 0.968134009409
1466 0.968144774946
1467 0.968220133708
1468 0.96829549247
1469 0.968349320156
1470 0.968392382306
1471 0.96845697553
1472 0.968500037679
1473 0.968543099829
1474 0.968596927516
1475 0.968672286277
1476 0.968683051815
1477 0.968726113964
1478 0.9688230038
1479 0.968876831487
1480 0.968941424711
1481 0.968984486861
1482 0.969059845622
1483 0.969124438846
1484 0.969199797608
1485 0.969221328683
1486 0.969253625295
1487 0.969275156369
1488 0.969307452982
1489 0.969361280668
1490 0.969468936042
1491 0.969533529266
1492 0.969555060341
1493 0.96959812249
1494 0.969608888028
1495 0.969630419102
1496 0.969673481252
1497 0.969727308939
1498 0.969759605551
1499 0.969791902163
1500 0.969824198775
1501 0.969878026462
1502 0.969910323074
1503 0.97000721291
1504 0.970050275059
1505 0.970114868284
1506 0.970147164896
1507 0.970200992583
1508 0.970254820269
1509 0.970276351344
1510 0.97037324118
1512 0.97041630333
1513 0.970448599942
1514 0.970491662091
1515 0.970513193166
1516 0.970534724241
1517 0.970556255315
1518 0.970610083002
1519 0.970642379614
1521 0.970685441764
1522 0.970739269451
1523 0.970771566063
1524 0.970814628212
1525 0.970857690362
1526 0.970911518048
1527 0.970997642347
1528 0.971051470034
1529 0.971073001109
1530 0.971137594333
1531 0.971159125408
1532 0.971202187557
1533 0.971234484169
1534 0.971266780781
1535 0.971331374006
1536 0.97139596723
1537 0.971417498304
1538 0.971439029379
1539 0.971471325991
1540 0.971525153678
1541 0.971578981365
1542 0.971611277977
1543 0.971665105664
1544 0.971729698888
1545 0.971772761037
1546 0.971783526575
1547 0.971805057649
1548 0.971858885336
1549 0.971880416411
1550 0.971977306247
1552 0.972031133934
1553 0.972095727158
1554 0.972149554845
1555 0.972160320382
1556 0.972192616994
1557 0.972235679144
1558 0.972267975756
1559 0.972321803443
1560 0.972354100055
1561 0.972386396667
1562 0.972429458816
1563 0.972440224354
1564 0.972504817578
1565 0.97253711419
1567 0.972569410802
1568 0.972612472952
1569 0.972644769564
1570 0.97269859725
1571 0.972709362788
1572 0.972763190475
1573 0.972817018161
1574 0.972870845848
1575 0.972913907998
1576 0.972967735685
1577 0.972989266759
1578 0.973021563371
1579 0.973043094446
1580 0.973064625521
1581 0.973129218745
1582 0.973215343044
1583 0.973236874119
1584 0.973258405193
1585 0.973269170731
1586 0.973301467343
1587 0.97335529503
1588 0.973387591642
1589 0.973398357179
1590 0.973441419328
1591 0.973484481478
1592 0.973506012553
1593 0.973581371314
1594 0.973602902389
1596 0.973645964538
1597 0.973699792225
1598 0.973732088837
1599 0.973807447599
1600 0.973828978673
1601 0.973850509748
1602 0.973872040823
1603 0.973893571898
1604 0.973936634047
1605 0.973947399584
1606 0.974001227271
1607 0.974033523883
1608 0.974044289421
1609 0.97413041372
1610 0.974173475869
1611 0.974238069093
1612 0.974248834631
1613 0.974313427855
1614 0.974324193392
1615 0.974367255542
1616 0.974431848766
1617 0.974485676453
1618 0.974507207527
1619 0.974528738602
1620 0.974582566289
1621 0.974604097364
1622 0.974647159513
1623 0.97465792505
1624 0.974679456125
1625 0.9747009872
1626 0.974722518274
1627 0.974765580424
1628 0.974797877036
1629 0.974830173648
1630 0.974851704723
1631 0.974873235798
1632 0.97490553241
1633 0.974937829022
1634 0.974959360096
1635 0.975013187783
1636 0.975023953321
1637 0.975056249933
1638 0.97511007762
1639 0.975142374232
1640 0.975206967456
1641 0.975239264068
1642 0.975314622829
1643 0.975325388367
1644 0.975400747128
1645 0.975443809278
1646 0.975486871427
1647 0.975508402502
1648 0.975562230189
1649 0.975572995726
1650 0.975605292338
1651 0.97563758895
1652 0.975659120025
1653 0.9756806511
1654 0.975702182174
1655 0.975756009861
1656 0.975766775399
1657 0.975799072011
1658 0.975809837548
1659 0.97584213416
1660 0.975852899697
1661 0.975895961847
1662 0.975906727384
1663 0.975960555071
1664 0.975982086146
1665 0.976003617221
1666 0.976025148295
1667 0.976057444907
1668 0.976111272594
1669 0.976186631356
1670 0.976240459043
1671 0.976272755655
1672 0.976305052267
1673 0.976326583341
1674 0.976380411028
1675 0.976391176566
1676 0.976423473178
1677 0.976445004252
1678 0.976477300864
1679 0.976520363014
1680 0.976531128551
1681 0.976563425163
1682 0.976606487313
1683 0.976628018388
1684 0.976681846074
1685 0.976724908224
1686 0.976746439299
1687 0.976757204836
1688 0.976767970373
1689 0.976811032523
1690 0.97682179806
1691 0.976843329135
1693 0.976854094672
1694 0.976864860209
1695 0.976907922359
1696 0.976929453434
1697 0.976972515583
1698 0.977004812195
1699 0.977037108807
1700 0.977080170957
1701 0.977123233106
1702 0.977144764181
1703 0.977198591868
1704 0.97723088848
1705 0.977252419555
1706 0.977284716167
1707 0.977317012779
1708 0.977338543853
1709 0.977370840466
1710 0.977403137078
1711 0.977467730302
1712 0.977500026914
1713 0.977543089063
1714 0.977553854601
1715 0.977575385675
1716 0.977629213362
1717 0.977650744437
1718 0.977672275512
1719 0.977693806586
1721 0.977747634273
1722 0.977779930885
1723 0.97780146196
1724 0.977822993035
1725 0.977833758572
1726 0.977876820722
1727 0.977887586259
1728 0.977909117334
1730 0.977930648408
1731 0.97796294502
1732 0.977995241632
1733 0.978027538245
1734 0.978049069319
1735 0.978059834857
1736 0.978081365931
1737 0.978124428081
1738 0.978178255768
1739 0.978232083454
1740 0.978296676679
1741 0.978328973291
1743 0.978382800978
1744 0.978425863127
1745 0.978447394202
1746 0.978458159739
1747 0.978501221888
1748 0.978511987426
1749 0.978544284038
1751 0.978565815113
1752 0.978598111725
1753 0.978630408337
1754 0.978673470486
1755 0.978684236024
1756 0.978748829248
1757 0.978802656935
1758 0.978834953547
1759 0.978867250159
1760 0.978878015696
1761 0.978899546771
1762 0.978931843383
1763 0.979007202144
1764 0.979028733219
1766 0.979071795369
1767 0.979104091981
1768 0.979136388593
1769 0.979157919668
1771 0.979179450742
1772 0.97919021628
1773 0.979211747354
1774 0.979233278429
1775 0.979265575041
1776 0.979319402728
1778 0.979340933803
1779 0.979373230415
1781 0.979437823639
1782 0.979459354714
1783 0.979480885788
1784 0.9795131824
1785 0.979545479013
1786 0.979567010087
1788 0.979620837774
1789 0.979642368849
1790 0.979663899924
1791 0.979696196536
1793 0.979706962073
1794 0.979728493148
1796 0.979739258685
1798 0.979793086372
1799 0.979825382984
1800 0.979836148521
1801 0.979868445133
1802 0.979879210671
1803 0.979900741746
1804 0.97992227282
1805 0.979943803895
1806 0.979986866044
1808 0.980051459269
1809 0.980072990343
1810 0.980105286955
1812 0.980137583567
1813 0.980148349105
1814 0.980159114642
1815 0.980212942329
1816 0.980277535553
1817 0.980309832165
1818 0.98033136324
1819 0.980342128777
1820 0.980363659852
1821 0.980395956464
1822 0.980406722002
1823 0.980417487539
1825 0.980449784151
1826 0.98053590845
1827 0.980546673987
1829 0.980557439525
1830 0.980578970599
1831 0.980611267211
1832 0.980632798286
1833 0.980643563823
1834 0.980718922585
1835 0.980729688122
1836 0.980761984734
1837 0.980783515809
1838 0.980815812421
1839 0.980880405645
1840 0.980912702258
1841 0.980923467795
1842 0.980966529944
1843 0.980977295482
1844 0.981009592094
1845 0.981020357631
1846 0.981031123169
1848 0.981074185318
1849 0.981095716393
1850 0.981117247467
1851 0.981149544079
1852 0.981192606229
1853 0.981224902841
1854 0.981278730528
1855 0.98131102714
1856 0.981364854827
1857 0.981450979126
1858 0.9814725102
1859 0.981547868962
1860 0.981569400037
1861 0.981590931111
1862 0.981612462186
1863 0.981633993261
1864 0.98172011756
1865 0.981741648634
1866 0.981763179709
1867 0.981773945246
1868 0.981795476321
1869 0.981806241859
1870 0.981827772933
1871 0.981870835083
1872 0.98188160062
1873 0.981892366157
1874 0.98192466277
1875 0.981935428307
1876 0.981978490456
1877 0.981989255994
1878 0.982021552606
1880 0.982064614755
1881 0.982107676905
1883 0.982129207979
1884 0.982150739054
1885 0.982172270129
1886 0.982193801204
1887 0.982215332278
1889 0.982236863353
1890 0.982258394428
1892 0.98229069104
1894 0.982312222115
1896 0.982355284264
1897 0.982376815339
1898 0.982419877488
1899 0.982441408563
1900 0.9824521741
1901 0.982462939638
1902 0.982484470712
1903 0.982516767324
1904 0.982549063937
1905 0.982581360549
1906 0.982592126086
1907 0.982602891623
1908 0.982624422698
1909 0.982635188235
1910 0.98265671931
1911 0.982721312534
1912 0.982742843609
1913 0.982753609146
1914 0.982785905758
1915 0.982796671296
1916 0.982807436833
1918 0.982828967908
1919 0.982850498983
1920 0.982872030057
1921 0.982915092207
1922 0.982925857744
1923 0.982979685431
1924 0.982990450968
1925 0.98306580973
1926 0.983076575267
1927 0.983098106342
1928 0.983119637417
1930 0.983141168491
1931 0.983151934029
1932 0.983173465104
1934 0.983194996178
1935 0.983205761716
1936 0.98322729279
1938 0.983238058328
1940 0.983259589402
1941 0.983291886014
1942 0.983313417089
1943 0.983334948164
1944 0.983345713701
1945 0.983356479239
1946 0.983367244776
1947 0.983378010313
1948 0.983410306925
1949 0.983431838
1950 0.983485665687
1951 0.983507196762
1952 0.983539493374
1953 0.983561024449
1954 0.983604086598
1955 0.983647148747
1956 0.983668679822
1957 0.983700976434
1958 0.983711741972
1959 0.983733273046
1960 0.983754804121
1961 0.983765569658
1962 0.983776335196
1963 0.983819397345
1965 0.983830162883
1966 0.983862459495
1967 0.983894756107
1968 0.983905521644
1969 0.983948583794
1970 0.983959349331
1971 0.983970114868
1972 0.983980880406
1973 0.98400241148
1974 0.984034708092
1975 0.984056239167
1976 0.984099301317
1977 0.984110066854
1978 0.984120832391
1979 0.984153129003
1980 0.984174660078
1981 0.98420695669
1982 0.984217722228
1983 0.984228487765
1984 0.984260784377
1986 0.984282315452
1988 0.984314612064
1989 0.984336143139
1990 0.984389970825
1991 0.984400736363
1992 0.984443798512
1993 0.984476095124
1994 0.984486860662
1995 0.984519157274
1996 0.984540688348
1998 0.984562219423
1999 0.984594516035
2000 0.984605281573
2002 0.984626812647
2003 0.984637578185
2006 0.984669874797
2007 0.984691405872
2008 0.984702171409
2009 0.984712936946
2010 0.984734468021
2013 0.984745233558
2015 0.984755999096
2017 0.98477753017
2018 0.984809826783
2019 0.98482059232
2020 0.984874420007
2021 0.984895951081
2022 0.984928247693
2023 0.984971309843
2024 0.985003606455
2026 0.985014371992
2027 0.985057434142
2028 0.985068199679
2030 0.985078965217
2031 0.985100496291
2033 0.985132792903
2034 0.985165089515
2035 0.98518662059
2036 0.985218917202
2037 0.985251213814
2038 0.985261979352
2039 0.985294275964
2040 0.985305041501
2041 0.985337338113
2042 0.985369634725
2043 0.9853911658
2044 0.985412696875
2045 0.985444993487
2046 0.985466524562
2047 0.985477290099
2048 0.985488055636
2049 0.985498821174
2050 0.98555264886
2051 0.985563414398
2052 0.98559571101
2054 0.985606476547
2055 0.985628007622
2057 0.985638773159
2059 0.985671069771
2060 0.985703366384
2061 0.985724897458
2062 0.985735662996
2065 0.98575719407
2066 0.985778725145
2068 0.985789490682
2069 0.985821787295
2070 0.985832552832
2071 0.985854083907
2072 0.985886380519
2074 0.985907911593
2076 0.985929442668
2077 0.985994035892
2078 0.98600480143
2079 0.986026332504
2081 0.986037098042
2082 0.986069394654
2083 0.986080160191
2084 0.986123222341
2086 0.986144753415
2087 0.986177050027
2089 0.986187815565
2091 0.98620934664
2092 0.986230877714
2093 0.986263174326
2094 0.986317002013
2095 0.986338533088
2096 0.986349298625
2099 0.9863708297
2101 0.986381595237
2104 0.986392360775
2105 0.986413891849
2107 0.986446188461
2108 0.986456953999
2111 0.986489250611
2112 0.986500016148
2114 0.986521547223
2115 0.986553843835
2116 0.986586140447
2117 0.986607671522
2118 0.986618437059
2119 0.986629202597
2120 0.986639968134
2121 0.986672264746
2122 0.986683030283
2125 0.986693795821
2128 0.986704561358
2129 0.986715326896
2131 0.986726092433
2132 0.986769154582
2133 0.98677992012
2134 0.986790685657
2135 0.986801451194
2138 0.986812216732
2139 0.986844513344
2140 0.986855278881
2141 0.986898341031
2143 0.986930637643
2144 0.986962934255
2145 0.986973699792
2146 0.986995230867
2147 0.987005996404
2148 0.987016761942
2149 0.987038293016
2151 0.987049058554
2152 0.987059824091
2153 0.987081355166
2154 0.987102886241
2155 0.987113651778
2156 0.987135182853
2157 0.98714594839
2158 0.987156713927
2159 0.987167479465
2160 0.987189010539
2162 0.987199776077
2163 0.987232072689
2165 0.987253603764
2166 0.98730743145
2168 0.987318196988
2169 0.987328962525
2170 0.987339728063
2171 0.987372024675
2172 0.987404321287
2173 0.987425852361
2174 0.987436617899
2177 0.987447383436
2178 0.987458148974
2179 0.987479680048
2181 0.987501211123
2182 0.98751197666
2183 0.98755503881
2184 0.987576569884
2186 0.987587335422
2187 0.987598100959
2188 0.987619632034
2191 0.987641163109
2192 0.987662694183
2193 0.987694990795
2195 0.98771652187
2196 0.987727287408
2197 0.98775958402
2198 0.987770349557
2200 0.987781115094
2201 0.987791880632
2202 0.987824177244
2203 0.987845708319
2204 0.987856473856
2205 0.987888770468
2209 0.987942598155
2210 0.987953363692
2211 0.98796412923
2212 0.988007191379
2214 0.988039487991
2215 0.988050253528
2217 0.988071784603
2218 0.988114846753
2219 0.98812561229
2220 0.988157908902
2221 0.988179439977
2222 0.988190205514
2223 0.988200971051
2224 0.988233267664
2226 0.988244033201
2227 0.988254798738
2228 0.988265564276
2229 0.988276329813
2230 0.98828709535
2231 0.988308626425
2232 0.988319391962
2234 0.988340923037
2237 0.988351688575
2239 0.988373219649
2240 0.988394750724
2241 0.988427047336
2242 0.988437812873
2244 0.988448578411
2245 0.988459343948
2246 0.98849164056
2249 0.988513171635
2252 0.988523937172
2253 0.98853470271
2254 0.988577764859
2255 0.988599295934
2256 0.988620827009
2257 0.988631592546
2258 0.988642358083
2259 0.988653123621
2260 0.988685420233
2261 0.98869618577
2262 0.988706951307
2263 0.988717716845
2264 0.98873924792
2266 0.988750013457
2267 0.988782310069
2268 0.988814606681
2269 0.988879199905
2270 0.98890073098
2271 0.988911496517
2272 0.988933027592
2273 0.988965324204
2275 0.988976089742
2276 0.988986855279
2277 0.988997620816
2278 0.989040682966
2279 0.989051448503
2280 0.98906221404
2281 0.989083745115
2283 0.989094510652
2284 0.989116041727
2285 0.989137572802
2286 0.989159103877
2287 0.989169869414
2290 0.989180634951
2291 0.989223697101
2292 0.989245228176
2294 0.989255993713
2295 0.98926675925
2296 0.989299055862
2297 0.9893098214
2298 0.989320586937
2299 0.989331352474
2302 0.989374414624
2308 0.989395945699
2309 0.989406711236
2311 0.989417476773
2312 0.989449773385
2313 0.98947130446
2314 0.989503601072
2316 0.989535897684
2317 0.989546663222
2319 0.989578959834
2320 0.989589725371
2323 0.989611256446
2324 0.989622021983
2326 0.989632787521
2327 0.989643553058
2329 0.989665084133
2330 0.98967584967
2332 0.989686615207
2334 0.989697380745
2335 0.989740442894
2337 0.989751208432
2338 0.989783505044
2339 0.989805036118
2340 0.98983733273
2343 0.989848098268
2344 0.989858863805
2345 0.989891160417
2348 0.989901925955
2349 0.989912691492
2354 0.989934222567
2355 0.989944988104
2357 0.989977284716
2358 0.989988050254
2359 0.989998815791
2360 0.990020346866
2361 0.990031112403
2362 0.99004187794
2365 0.990063409015
2366 0.990074174552
2367 0.990106471165
2368 0.990138767777
2370 0.990160298851
2371 0.990171064389
2372 0.990192595463
2374 0.990203361001
2375 0.99024642315
2377 0.990257188688
2379 0.990278719762
2380 0.990300250837
2381 0.990321781912
2382 0.990354078524
2384 0.990364844061
2385 0.990386375136
2387 0.990407906211
2388 0.990429437285
2391 0.990461733897
2392 0.990472499435
2393 0.990483264972
2394 0.99049403051
2396 0.990504796047
2397 0.990526327122
2398 0.990537092659
2400 0.990547858196
2401 0.990558623734
2405 0.990569389271
2406 0.990590920346
2407 0.990601685883
2408 0.990612451421
2409 0.990623216958
2410 0.990633982495
2411 0.990644748033
2414 0.990666279107
2416 0.990677044645
2419 0.990687810182
2421 0.990698575719
2423 0.990709341257
2425 0.990720106794
2430 0.990730872331
2431 0.990752403406
2432 0.990763168944
2434 0.990773934481
2436 0.990784700018
2437 0.990806231093
2438 0.99081699663
2439 0.990827762168
2441 0.990838527705
2442 0.990870824317
2443 0.990881589855
2445 0.990892355392
2446 0.990903120929
2447 0.990924652004
2448 0.990935417541
2451 0.990946183079
2452 0.990956948616
2453 0.990967714153
2454 0.990978479691
2456 0.990989245228
2457 0.991000010766
2460 0.99102154184
2461 0.991043072915
2462 0.991075369527
2463 0.991096900602
2464 0.991107666139
2465 0.991129197214
2466 0.991139962751
2467 0.991161493826
2468 0.991172259363
2469 0.991183024901
2472 0.991204555975
2473 0.991215321513
2474 0.99122608705
2475 0.991236852587
2476 0.991247618125
2479 0.991258383662
2481 0.991279914737
2482 0.991301445812
2484 0.991312211349
2485 0.991322976886
2487 0.991366039036
2488 0.991376804573
2490 0.991419866723
2494 0.99143063226
2495 0.991452163335
2496 0.991473694409
2497 0.991484459947
2499 0.991495225484
2500 0.991505991022
2501 0.991516756559
2503 0.991538287634
2504 0.991549053171
2507 0.991559818708
2509 0.991570584246
2512 0.991602880858
2513 0.991613646395
2514 0.991624411933
2515 0.99163517747
2516 0.991656708545
2519 0.991667474082
2525 0.991678239619
2526 0.991689005157
2527 0.991699770694
2528 0.991710536231
2529 0.991732067306
2530 0.991742832844
2531 0.991753598381
2532 0.991764363918
2533 0.99179666053
2536 0.991807426068
2537 0.991818191605
2539 0.99183972268
2542 0.991861253754
2543 0.991882784829
2545 0.991904315904
2546 0.991915081441
2547 0.991936612516
2549 0.991947378053
2550 0.991979674665
2552 0.991990440203
2553 0.99200120574
2554 0.992011971278
2556 0.992022736815
2557 0.992033502352
2558 0.99204426789
2561 0.992055033427
2563 0.992065798964
2564 0.992087330039
2565 0.992098095576
2566 0.992119626651
2567 0.992130392189
2569 0.992151923263
2571 0.992173454338
2573 0.992194985413
2576 0.992227282025
2577 0.992238047562
2578 0.992259578637
2581 0.992281109712
2583 0.992291875249
2585 0.992302640786
2586 0.992313406324
2587 0.992324171861
2588 0.992356468473
2589 0.992377999548
2591 0.992388765085
2592 0.99241029616
2593 0.992431827235
2594 0.992442592772
2595 0.992453358309
2596 0.992464123847
2598 0.992474889384
2599 0.992496420459
2600 0.992539482608
2604 0.992550248146
2605 0.992561013683
2607 0.992582544758
2608 0.992593310295
2610 0.992604075832
2611 0.992625606907
2616 0.992636372445
2618 0.992647137982
2624 0.992657903519
2625 0.992679434594
2626 0.992690200131
2627 0.992711731206
2628 0.992722496743
2629 0.992733262281
2631 0.992744027818
2632 0.992754793356
2634 0.992765558893
2638 0.99277632443
2642 0.992787089968
2644 0.992797855505
2646 0.99281938658
2648 0.992830152117
2650 0.992840917654
2651 0.992862448729
2652 0.992873214266
2653 0.992894745341
2655 0.992927041953
2657 0.992937807491
2659 0.992948573028
2661 0.992970104103
2662 0.99298086964
2663 0.992991635177
2666 0.993013166252
2669 0.99302393179
2672 0.993045462864
2673 0.993056228402
2675 0.993066993939
2678 0.993077759476
2679 0.993088525014
2681 0.993099290551
2684 0.993110056088
2687 0.993131587163
2688 0.993153118238
2690 0.993163883775
2692 0.99318541485
2695 0.993196180387
2697 0.993206945925
2698 0.993217711462
2700 0.993228476999
2701 0.993239242537
2702 0.993260773612
2703 0.993271539149
2706 0.993282304686
2708 0.993303835761
2709 0.993336132373
2710 0.99334689791
2711 0.993357663448
2714 0.993368428985
2715 0.993379194522
2719 0.993400725597
2720 0.993422256672
2723 0.993433022209
2724 0.993443787747
2726 0.993454553284
2727 0.993476084359
2730 0.993519146508
2731 0.993540677583
2735 0.99355144312
2738 0.993562208658
2739 0.993572974195
2740 0.99359450527
2741 0.993605270807
2742 0.993616036344
2749 0.993626801882
2751 0.993637567419
2755 0.993648332957
2757 0.993659098494
2761 0.993669864031
2762 0.993680629569
2763 0.993691395106
2765 0.993702160643
2766 0.993712926181
2767 0.993766753868
2769 0.993788284942
2770 0.993809816017
2772 0.993820581554
2773 0.993831347092
2774 0.993852878166
2775 0.993863643704
2776 0.993885174778
2779 0.993895940316
2781 0.993928236928
2782 0.993949768003
2783 0.99396053354
2787 0.993971299077
2791 0.993982064615
2792 0.993992830152
2794 0.994003595689
2796 0.994014361227
2797 0.994025126764
2801 0.994035892302
2805 0.994046657839
2806 0.994068188914
2807 0.994078954451
2810 0.994089719988
2814 0.994100485526
2818 0.994132782138
2820 0.994143547675
2822 0.994154313213
2825 0.99416507875
2826 0.994175844287
2827 0.994186609825
2828 0.994197375362
2832 0.994208140899
2836 0.994218906437
2838 0.994229671974
2841 0.994240437511
2842 0.994251203049
2844 0.994261968586
2845 0.994272734124
2846 0.994283499661
2847 0.994294265198
2849 0.994305030736
2851 0.994337327348
2852 0.994348092885
2853 0.99436962396
2856 0.994380389497
2857 0.994391155035
2861 0.994401920572
2866 0.994412686109
2867 0.994423451647
2868 0.994434217184
2869 0.994444982721
2870 0.994455748259
2871 0.994466513796
2873 0.994477279333
2876 0.994488044871
2880 0.994498810408
2883 0.994509575945
2884 0.994520341483
2886 0.99453110702
2889 0.994552638095
2893 0.994563403632
2897 0.994584934707
2901 0.994595700244
2905 0.994606465782
2908 0.994617231319
2910 0.994627996856
2911 0.994638762394
2913 0.994649527931
2917 0.994660293469
2919 0.994671059006
2923 0.994681824543
2927 0.994692590081
2929 0.994703355618
2932 0.994724886693
2936 0.99473565223
2937 0.994746417767
2941 0.994757183305
2943 0.994767948842
2947 0.99477871438
2953 0.994789479917
2960 0.994811010992
2962 0.994821776529
2964 0.994832542066
2967 0.994843307604
2968 0.994854073141
2971 0.994864838678
2972 0.994875604216
2975 0.994886369753
2979 0.994897135291
2980 0.994907900828
2984 0.994918666365
2986 0.994929431903
2990 0.99494019744
2991 0.994950962977
2992 0.994961728515
2993 0.994983259589
2995 0.994994025127
2997 0.995004790664
2998 0.995015556201
2999 0.995026321739
3006 0.995037087276
3008 0.995058618351
3009 0.995069383888
3014 0.995080149426
3015 0.995090914963
3019 0.9951016805
3021 0.995112446038
3022 0.995123211575
3024 0.995133977112
3029 0.99514474265
3032 0.995155508187
3036 0.995166273725
3042 0.995177039262
3044 0.995187804799
3045 0.995198570337
3050 0.995209335874
3058 0.995220101411
3063 0.995230866949
3066 0.995241632486
3070 0.995252398023
3074 0.995273929098
3076 0.995284694636
3078 0.995295460173
3081 0.99530622571
3083 0.995316991248
3085 0.995327756785
3087 0.995338522322
3090 0.995360053397
3091 0.995370818934
3092 0.995381584472
3093 0.995403115547
3096 0.995413881084
3101 0.995424646621
3107 0.995435412159
3114 0.995446177696
3117 0.995456943233
3119 0.995478474308
3120 0.995489239845
3122 0.995500005383
3129 0.99551077092
3130 0.995532301995
3134 0.995543067532
3139 0.99555383307
3140 0.995564598607
3141 0.995575364144
3143 0.995596895219
3146 0.995607660756
3149 0.995618426294
3150 0.995629191831
3159 0.995639957368
3161 0.995661488443
3162 0.995672253981
3164 0.995683019518
3165 0.995693785055
3169 0.995704550593
3170 0.99571531613
3177 0.995726081667
3181 0.995736847205
3183 0.995747612742
3184 0.995758378279
3185 0.995769143817
3189 0.995779909354
3190 0.995790674892
3195 0.995801440429
3198 0.995812205966
3203 0.995822971504
3204 0.995833737041
3205 0.995844502578
3212 0.995855268116
3215 0.995866033653
3223 0.99587679919
3224 0.995887564728
3225 0.995898330265
3240 0.995909095803
3244 0.99591986134
3245 0.995930626877
3246 0.995973689027
3253 0.995984454564
3258 0.995995220101
3261 0.996005985639
3268 0.996016751176
3269 0.996027516713
3272 0.996038282251
3273 0.996049047788
3276 0.996059813326
3277 0.996070578863
3278 0.9960813444
3279 0.996092109938
3281 0.996102875475
3287 0.996113641012
3289 0.99612440655
3293 0.996135172087
3295 0.996145937624
3299 0.996156703162
3304 0.996178234237
3305 0.996188999774
3306 0.996199765311
3310 0.996210530849
3313 0.996232061923
3317 0.996242827461
3324 0.996253592998
3325 0.996264358535
3327 0.996275124073
3329 0.99628588961
3330 0.996296655148
3337 0.996307420685
3338 0.996318186222
3340 0.99632895176
3341 0.996339717297
3347 0.996361248372
3349 0.996372013909
3351 0.996404310521
3355 0.996415076059
3360 0.996436607133
3363 0.996447372671
3364 0.996458138208
3373 0.996468903745
3376 0.996479669283
3383 0.996501200357
3388 0.996522731432
3396 0.99653349697
3399 0.996544262507
3411 0.996555028044
3413 0.996565793582
3422 0.996576559119
3426 0.996587324656
3434 0.996598090194
3436 0.996608855731
3438 0.996619621268
3441 0.996630386806
3442 0.996641152343
3443 0.99665191788
3444 0.996662683418
3451 0.996673448955
3458 0.996684214493
3463 0.99669498003
3473 0.996716511105
3477 0.996727276642
3482 0.996738042179
3485 0.996748807717
3486 0.996759573254
3490 0.996770338791
3492 0.996781104329
3496 0.996791869866
3499 0.996802635404
3505 0.996813400941
3506 0.996834932016
3507 0.99685646309
3515 0.996867228628
3516 0.996877994165
3517 0.996888759702
3518 0.99689952524
3524 0.996910290777
3529 0.996921056315
3530 0.996931821852
3531 0.996942587389
3540 0.996953352927
3548 0.996985649539
3549 0.996996415076
3552 0.997007180613
3554 0.997017946151
3560 0.997028711688
3573 0.997039477226
3575 0.997050242763
3578 0.9970610083
3583 0.997071773838
3585 0.997082539375
3611 0.997093304912
3612 0.99710407045
3615 0.997114835987
3620 0.997125601524
3638 0.997136367062
3644 0.997147132599
3652 0.997157898136
3656 0.997168663674
3658 0.997179429211
3660 0.997190194749
3661 0.997200960286
3663 0.997211725823
3665 0.997222491361
3669 0.997233256898
3677 0.997244022435
3687 0.99726555351
3688 0.997276319047
3689 0.997287084585
3699 0.99730861566
3716 0.997330146734
3721 0.997340912272
3726 0.997351677809
3727 0.997362443346
3730 0.997373208884
3736 0.997383974421
3737 0.997394739958
3739 0.997427036571
3751 0.997437802108
3754 0.997448567645
3756 0.997459333183
3761 0.99747009872
3764 0.997480864257
3767 0.997491629795
3772 0.997513160869
3782 0.997523926407
3792 0.997534691944
3809 0.997545457482
3812 0.997566988556
3815 0.997588519631
3816 0.997599285168
3817 0.997610050706
3819 0.997620816243
3826 0.99763158178
3829 0.997653112855
3830 0.997663878392
3838 0.997685409467
3840 0.997696175005
3844 0.997706940542
3849 0.997717706079
3851 0.997728471617
3854 0.997739237154
3855 0.997750002691
3857 0.997760768229
3861 0.997771533766
3874 0.997782299303
3887 0.997793064841
3888 0.997803830378
3893 0.997814595916
3897 0.997825361453
3898 0.99783612699
3900 0.997846892528
3902 0.997857658065
3906 0.997868423602
3913 0.99787918914
3918 0.997889954677
3922 0.997900720214
3927 0.997911485752
3932 0.997922251289
3934 0.997933016827
3937 0.997943782364
3957 0.997954547901
3958 0.997965313439
3962 0.997976078976
3966 0.997986844513
3967 0.997997610051
3983 0.998019141125
3989 0.998029906663
3993 0.9980406722
3995 0.998051437738
3997 0.998062203275
4000 0.998072968812
4004 0.99808373435
4011 0.998105265424
4023 0.998116030962
4030 0.998126796499
4041 0.998137562036
4042 0.998148327574
4045 0.998159093111
4066 0.998169858648
4097 0.998191389723
4102 0.998202155261
4113 0.998212920798
4127 0.998223686335
4145 0.998234451873
4148 0.998255982947
4156 0.998266748485
4168 0.998277514022
4172 0.998299045097
4175 0.998309810634
4177 0.998331341709
4181 0.998342107246
4187 0.998352872784
4193 0.998363638321
4194 0.998385169396
4236 0.998395934933
4256 0.99840670047
4260 0.998417466008
4268 0.998428231545
4283 0.998438997083
4288 0.99844976262
4326 0.998460528157
4350 0.998471293695
4357 0.998482059232
4366 0.998492824769
4372 0.998503590307
4375 0.998514355844
4381 0.998525121381
4389 0.998535886919
4392 0.998546652456
4405 0.998557417994
4407 0.998568183531
4442 0.998578949068
4445 0.998589714606
4450 0.998600480143
4452 0.99861124568
4457 0.998622011218
4478 0.998632776755
4479 0.998643542292
4480 0.99865430783
4490 0.998665073367
4495 0.998686604442
4502 0.998697369979
4506 0.998708135517
4529 0.998729666591
4539 0.998740432129
4544 0.998751197666
4545 0.998761963203
4561 0.998772728741
4595 0.998783494278
4624 0.998794259815
4648 0.998805025353
4655 0.99881579089
4661 0.998826556428
4702 0.998837321965
4703 0.998848087502
4708 0.99885885304
4715 0.998869618577
4727 0.998880384114
4738 0.998891149652
4766 0.998901915189
4777 0.998912680726
4801 0.998923446264
4804 0.998934211801
4809 0.998944977339
4814 0.998955742876
4816 0.998966508413
4834 0.998977273951
4856 0.998988039488
4858 0.998998805025
4861 0.999009570563
4872 0.9990203361
4911 0.999031101637
4916 0.999041867175
4958 0.999052632712
4961 0.99906339825
4963 0.999074163787
4974 0.999084929324
5010 0.999095694862
5014 0.999106460399
5056 0.999117225936
5057 0.999138757011
5097 0.999149522548
5115 0.999160288086
5171 0.999171053623
5177 0.999181819161
5182 0.999192584698
5187 0.999203350235
5194 0.999214115773
5203 0.99922488131
5210 0.999235646847
5212 0.999246412385
5216 0.999257177922
5257 0.999267943459
5307 0.999278708997
5308 0.999289474534
5312 0.999300240071
5319 0.999311005609
5329 0.999321771146
5340 0.999332536684
5371 0.999343302221
5415 0.999354067758
5449 0.999364833296
5453 0.999375598833
5473 0.99938636437
5542 0.999397129908
5561 0.999407895445
5565 0.999418660982
5615 0.99942942652
5621 0.999440192057
5624 0.999450957595
5646 0.999461723132
5675 0.999472488669
5679 0.999483254207
5705 0.999494019744
5708 0.999504785281
5725 0.999515550819
5788 0.999526316356
5816 0.999537081893
5848 0.999547847431
5882 0.999558612968
5892 0.999569378506
5913 0.999580144043
5922 0.99959090958
5947 0.999601675118
6065 0.999612440655
6084 0.999623206192
6087 0.99963397173
6136 0.999644737267
6202 0.999655502804
6225 0.999666268342
6309 0.999677033879
6339 0.999687799417
6394 0.999698564954
6428 0.999709330491
6678 0.999720096029
6763 0.999730861566
6798 0.999741627103
7068 0.999752392641
7077 0.999763158178
7197 0.999773923715
7548 0.999784689253
7884 0.99979545479
8063 0.999806220327
8084 0.999816985865
8314 0.999827751402
8392 0.99983851694
8634 0.999849282477
9000 0.999860048014
9114 0.999870813552
9576 0.999881579089
9962 0.999892344626
10531 0.999903110164
11597 0.999913875701
13290 0.999924641238
13735 0.999935406776
14219 0.999946172313
14782 0.999956937851
15028 0.999967703388
17322 0.999978468925
18529 0.999989234463
19356 1.0
