365 0
366 1
367 0
499 0
500 1460
501 6
502 12
503 22
504 67
505 131
506 192
507 206
508 217
509 193
510 140
511 150
512 105
513 122
514 140
515 194
516 145
517 156
518 111
519 85
520 49
521 42
522 59
524 97
525 141
526 107
527 172
528 164
529 136
530 98
531 78
532 83
534 60
535 88
536 85
537 78
538 101
539 138
540 154
541 163
542 174
543 221
544 197
545 256
546 241
547 251
548 245
549 241
550 201
551 218
552 234
553 209
554 205
555 186
556 142
557 107
558 78
559 61
560 84
561 95
562 81
563 119
564 118
565 116
566 85
567 43
568 24
569 3
571 17
572 31
573 20
574 113
575 158
576 115
577 66
578 7
579 4
580 9
581 26
582 0
586 0
587 8
588 19
589 31
590 7
591 26
592 52
593 99
594 93
595 76
596 66
597 41
598 50
599 55
600 50
601 1
602 3
603 2
604 7
605 15
606 25
607 30
608 61
609 70
610 66
611 59
612 48
613 47
614 55
615 13
616 7
618 11
620 20
621 23
622 27
623 34
624 47
625 53
626 70
627 96
628 43
629 22
630 25
631 12
632 8
634 13
635 20
636 52
637 31
638 37
639 5
641 7
642 19
643 22
644 13
645 0
648 0
649 1
651 0
651 0
652 3
653 7
654 8
655 9
656 22
657 26
658 31
659 59
661 78
662 82
664 95
665 73
666 72
667 79
668 60
669 64
670 53
671 49
672 36
673 30
674 11
675 6
676 2
677 4
678 1
680 2
682 1
683 2
684 3
685 4
686 11
687 16
688 15
689 18
690 20
691 14
692 25
693 29
694 36
695 37
696 52
697 43
698 48
699 64
700 51
701 50
702 42
703 57
704 44
705 45
706 32
707 48
708 40
709 35
710 43
711 41
713 38
714 37
715 35
716 38
717 24
718 37
719 33
720 26
721 35
722 20
723 27
724 37
725 38
726 39
727 52
728 43
729 48
730 66
731 47
732 57
733 63
734 59
735 53
736 48
737 46
738 40
739 38
741 39
742 30
743 27
744 24
746 19
747 20
748 10
749 7
750 9
752 2
753 6
754 4
755 0
756 0
757 1
759 0
759 0
760 1
