365 0
366 6.12482391131e-05
500 0.0894836773443
501 0.089851166779
502 0.0905861456483
503 0.0919336069088
504 0.0960372389294
505 0.104060758253
506 0.115820420163
507 0.12843755742
508 0.141728425308
509 0.153549335457
510 0.162124088932
511 0.171311324799
512 0.177742389906
513 0.185214675078
514 0.193789428554
515 0.205671586942
516 0.214552581613
517 0.224107306915
518 0.230905861456
519 0.236111961781
520 0.239113125498
521 0.24168555154
522 0.245299197648
523 0.248912843756
524 0.25485392295
525 0.263489924665
526 0.27004348625
527 0.280578183377
528 0.290622894592
529 0.298952655111
530 0.304954982544
531 0.309732345195
532 0.314815949041
533 0.319899552888
534 0.323574447235
535 0.328964292277
536 0.334170392601
537 0.338947755252
538 0.345133827402
539 0.3535860844
540 0.363018313223
541 0.373001776199
542 0.383658969805
543 0.397194830649
544 0.409260733754
545 0.424940282967
546 0.439701108593
547 0.455074416611
548 0.470080235193
549 0.48484106082
550 0.497151956881
551 0.510504073008
552 0.52483616096
553 0.537637042935
554 0.550192931953
555 0.561585104428
556 0.570282354382
557 0.576835915967
558 0.581613278618
559 0.585349421204
560 0.59049427329
561 0.596312856005
562 0.601273963374
563 0.608562503828
564 0.615789796043
565 0.62289459178
566 0.628100692105
567 0.630734366387
568 0.632204324126
569 0.632388068843
570 0.63257181356
571 0.633613033625
572 0.635511729038
573 0.63673669382
574 0.64365774484
575 0.65333496662
576 0.660378514118
577 0.664420897899
578 0.664849635573
579 0.665094628529
580 0.665645862681
581 0.667238316898
587 0.667728302811
588 0.668892019354
589 0.670790714767
590 0.671219452441
591 0.672811906658
592 0.675996815092
593 0.682060390764
594 0.687756477001
595 0.692411343174
596 0.696453726955
597 0.698964904759
598 0.702027316715
599 0.705395969866
600 0.708458381822
601 0.708519630061
602 0.708703374778
603 0.708825871256
604 0.70925460893
605 0.710173332517
606 0.711704538495
607 0.713541985668
608 0.717278128254
609 0.721565504992
610 0.725607888773
611 0.729221534881
612 0.732161450358
613 0.735040117597
614 0.738408770748
615 0.739204997856
616 0.73963373553
617 0.740062473204
618 0.740736203834
619 0.741409934464
620 0.742634899247
621 0.744043608746
622 0.745697311202
623 0.747779751332
624 0.75065841857
625 0.753904575243
626 0.758191951981
627 0.764071782936
628 0.766705457218
629 0.768052918479
630 0.769584124456
631 0.770319103326
632 0.770809089239
633 0.771299075152
634 0.77209530226
635 0.773320267042
636 0.776505175476
637 0.778403870889
638 0.780670055736
639 0.780976296931
640 0.781282538127
641 0.781711275801
642 0.782874992344
643 0.784222453604
644 0.785018680713
649 0.785079928952
650 0.785141177191
652 0.785324921908
653 0.785753659582
654 0.786243645495
655 0.786794879647
656 0.788142340908
657 0.789734795125
658 0.791633490537
659 0.795247136645
660 0.798860782752
661 0.803638145403
662 0.808660501011
663 0.813682856618
664 0.819501439334
665 0.823972560789
666 0.828382434005
667 0.833221044895
668 0.836895939242
669 0.840815826545
670 0.844061983218
671 0.847063146935
672 0.849268083543
673 0.851105530716
674 0.851779261346
675 0.852146750781
676 0.852269247259
677 0.852514240216
678 0.852575488455
679 0.852636736694
680 0.852759233172
681 0.85288172965
682 0.852942977889
683 0.853065474368
684 0.853249219085
685 0.853494212041
686 0.854167942672
687 0.855147914497
688 0.856066638084
689 0.857169106388
690 0.85839407117
691 0.859251546518
692 0.860782752496
693 0.86255895143
694 0.864763888038
695 0.867030072885
696 0.870214981319
697 0.872848655601
698 0.875788571079
699 0.879708458382
700 0.882832118577
701 0.885894530532
702 0.888466956575
703 0.891958106204
704 0.894653028725
705 0.897409199486
706 0.899369143137
707 0.902309058615
708 0.904758988179
709 0.906902676548
710 0.90953635083
711 0.912047528634
712 0.914558706437
713 0.916886139523
714 0.919152324371
715 0.92129601274
716 0.923623445826
717 0.925093403565
718 0.927359588412
719 0.929380780303
720 0.93097323452
721 0.933116922888
722 0.934341887671
723 0.935995590127
724 0.938261774974
725 0.94058920806
726 0.942977889386
727 0.94616279782
728 0.948796472101
729 0.951736387579
730 0.95577877136
731 0.958657438599
732 0.962148588228
733 0.966007227292
734 0.9696208734
735 0.972867030073
736 0.97580694555
737 0.97862436455
738 0.981074294114
739 0.9834017272
740 0.985729160287
741 0.988117841612
742 0.989955288785
743 0.991608991242
744 0.99307894898
745 0.994548906719
746 0.995712623262
747 0.996937588044
748 0.997550070435
749 0.997978808109
750 0.998530042261
751 0.999081276413
752 0.999203772892
753 0.999571262326
754 0.999816255283
757 0.999877503522
758 0.999938751761
760 1.0
