0 0
1 23
2 22
3 18
4 28
5 30
6 36
7 21
8 16
9 18
10 20
11 22
12 12
13 26
14 42
15 30
16 32
17 0
17 0
18 18
19 19
20 0
21 0
22 44
23 23
24 48
25 25
26 52
27 0
27 0
28 28
29 0
29 0
30 30
31 0
31 0
32 32
33 0
34 0
35 35
36 0
36 0
37 37
38 0
39 0
40 40
41 82
42 0
48 0
49 98
50 50
51 0
51 0
52 52
53 0
55 0
56 56
57 57
58 0
60 0
61 61
62 0
63 0
64 64
65 65
66 0
68 0
69 69
70 0
72 0
73 146
74 74
75 0
87 0
88 88
89 0
89 0
90 90
91 0
96 0
97 97
98 0
104 0
105 105
106 0
107 0
108 108
109 0
118 0
119 238
120 0
132 0
133 133
134 0
144 0
145 145
146 0
155 0
156 156
157 0
166 0
167 167
168 168
169 0
199 0
200 80916
