2 0.000535000951113
3 0.000749001331558
4 0.00108189081225
5 0.00143855811299
6 0.00186655887388
7 0.0021162259844
8 0.0023064485448
9 0.00252044892524
10 0.00275822712574
11 0.00301978314628
12 0.00316245006658
13 0.00347156172722
14 0.00397089594826
15 0.004327563249
16 0.00470800836979
18 0.00492200875024
19 0.00514789804071
22 0.0056710100818
23 0.00594445501236
24 0.00651512269355
25 0.00681234544417
26 0.00743056876546
28 0.00776345824615
30 0.00812012554689
32 0.00850057066768
35 0.00891668251855
37 0.00935657218946
40 0.00983212859045
41 0.0108070192125
49 0.0119721323949
50 0.0125665778961
52 0.0131848012174
56 0.0138505801788
57 0.0145282480502
61 0.0152534715617
64 0.0160143618033
65 0.0167871409549
69 0.0176074757466
73 0.0193432566102
74 0.0202230359521
88 0.0212692600342
90 0.0223392619365
97 0.0234924862089
105 0.0247408217615
108 0.0260248240441
119 0.02885438463
133 0.0304356096633
145 0.0321595016169
156 0.0340141715807
167 0.0359996195549
168 0.037996956439
200 1.0
