99 0
100 0.105514076469
101 0.136460909264
102 0.16841829941
103 0.195073235686
104 0.217079608142
105 0.237266977364
106 0.258667015408
107 0.281410500285
108 0.308315103671
109 0.339178714095
110 0.373953775918
111 0.411736731976
112 0.453229027963
113 0.498157218946
114 0.545094635724
115 0.590450827468
116 0.633821571238
117 0.673578086361
118 0.708721704394
119 0.740738539091
120 0.769557256991
121 0.795142191364
122 0.817624120221
123 0.838203823473
124 0.856488967091
125 0.872527106715
126 0.886639242914
127 0.898599486399
128 0.909323283241
129 0.918977078181
130 0.92808398326
131 0.935478885296
132 0.94239823093
133 0.948104907742
134 0.953038805402
135 0.957544702302
136 0.961800932091
137 0.965367605098
138 0.968874833555
139 0.972631729123
140 0.97581795701
141 0.978802073426
142 0.98075185467
143 0.982309301883
144 0.983343637055
145 0.984306638767
146 0.984805972988
147 0.985233973749
148 0.98579275252
149 0.986494198212
150 0.987052976983
151 0.987516644474
152 0.987956534145
153 0.988408312726
154 0.988764980027
155 0.989240536428
156 0.989704203919
157 0.99034620506
158 0.990893094921
159 0.991392429142
160 0.991844207723
161 0.992355430854
162 0.992854765075
163 0.993437321666
164 0.994019878258
165 0.994590545939
166 0.99510176907
167 0.99542276964
168 0.995767548031
169 0.996231215522
170 0.996635438463
171 0.997027772494
172 0.997408217615
173 0.997836218375
174 0.998240441316
175 0.998608997527
176 0.998870553548
177 0.999143998478
178 0.999346109949
179 0.999464999049
180 0.999607665969
181 0.999714666159
182 0.99978599962
183 0.99984544417
184 0.99991677763
185 0.99994055545
186 0.99996433327
187 0.99998811109
193 1.0
