99 0
100 8875
101 2603
102 2688
103 2242
104 1851
105 1698
106 1800
107 1913
108 2263
109 2596
110 2925
111 3178
112 3490
113 3779
114 3948
115 3815
116 3648
117 3344
118 2956
119 2693
120 2424
121 2152
122 1891
123 1731
124 1538
125 1349
126 1187
127 1006
128 902
129 812
130 766
131 622
132 582
133 480
134 415
135 379
136 358
137 300
138 295
139 316
140 268
141 251
142 164
143 131
144 87
145 81
146 42
147 36
148 47
149 59
150 47
151 39
152 37
153 38
154 30
155 40
156 39
157 54
158 46
159 42
160 38
161 43
162 42
163 49
165 48
166 43
167 27
168 29
169 39
170 34
171 33
172 32
173 36
174 34
175 31
176 22
177 23
178 17
179 10
180 12
181 9
182 6
183 5
184 6
185 2
188 0
192 0
193 1
