0 0
1 0.0140845070423
8 0.12676056338
11 0.140845070423
12 0.197183098592
20 0.253521126761
21 0.30985915493
25 0.408450704225
26 0.450704225352
27 0.464788732394
29 0.478873239437
30 0.492957746479
33 0.507042253521
34 0.549295774648
35 0.577464788732
36 0.591549295775
40 0.605633802817
41 0.619718309859
44 0.633802816901
46 0.661971830986
50 0.676056338028
51 0.69014084507
52 0.704225352113
55 0.760563380282
58 0.774647887324
59 0.802816901408
60 0.830985915493
61 0.845070422535
62 0.859154929577
63 0.87323943662
65 0.887323943662
66 0.943661971831
68 0.971830985915
69 0.985915492958
70 1.0
