7 0.000946073793756
93 0.0889309366131
133 0.0898770104068
171 0.16367076632
209 0.164616840114
210 0.165562913907
211 0.166508987701
212 0.167455061495
214 0.172185430464
215 0.175969725639
216 0.17880794702
217 0.179754020814
218 0.181646168401
219 0.183538315989
220 0.184484389782
221 0.187322611164
222 0.197729422895
223 0.208136234626
224 0.21665089877
225 0.228949858089
226 0.245979186377
227 0.255439924314
228 0.265846736045
229 0.273415326395
230 0.279091769158
231 0.280037842952
232 0.286660359508
233 0.292336802271
234 0.298959318827
235 0.300851466414
236 0.302743614002
237 0.306527909177
238 0.309366130558
239 0.310312204352
240 0.315042573321
241 0.319772942289
242 0.321665089877
243 0.323557237465
244 0.326395458846
245 0.32734153264
247 0.328287606433
248 0.336802270577
249 0.339640491958
250 0.340586565752
251 0.344370860927
252 0.351939451277
253 0.358561967833
254 0.367076631977
255 0.38032166509
256 0.390728476821
257 0.402081362346
258 0.408703878903
259 0.417218543046
260 0.420056764428
261 0.421948912015
262 0.427625354778
263 0.431409649953
264 0.435193945128
265 0.439924314096
266 0.446546830653
267 0.44843897824
268 0.450331125828
269 0.459791863765
270 0.468306527909
271 0.47871333964
272 0.502365184484
273 0.527909176916
274 0.547776726585
275 0.58183538316
276 0.611163670766
277 0.633869441816
278 0.660359508042
279 0.681173131504
280 0.702932828761
281 0.721854304636
282 0.736991485336
283 0.747398297067
284 0.754966887417
285 0.76821192053
286 0.78334910123
287 0.79848628193
288 0.81362346263
289 0.825922421949
290 0.841059602649
291 0.85903500473
292 0.870387890255
293 0.886471144749
294 0.894985808893
295 0.907284768212
296 0.917691579943
297 0.9243140965
298 0.937559129612
299 0.951750236518
300 0.959318826868
301 0.966887417219
302 0.975402081362
303 0.981078524125
304 0.988647114475
305 0.994323557237
306 0.999053926206
307 1.0
