132 0
133 1
134 0
444 0
445 1
446 0
499 0
500 3289
501 2
502 11
503 28
504 51
505 158
506 257
507 299
508 437
509 511
510 441
511 428
512 375
513 349
514 307
515 309
516 332
517 267
518 255
519 234
520 237
521 226
522 246
523 251
524 290
525 253
526 248
527 273
528 244
529 267
530 167
531 173
532 190
533 191
534 179
535 218
536 237
537 284
538 320
539 377
540 416
541 435
542 441
543 522
544 491
545 574
546 587
547 557
548 560
549 573
550 532
551 552
552 535
553 526
554 517
555 531
556 501
557 564
558 551
559 500
560 507
561 523
562 479
563 457
564 426
565 420
566 319
567 388
568 308
569 280
570 263
571 185
572 204
573 167
574 172
575 156
576 132
577 157
579 240
580 215
581 229
582 177
583 147
584 146
585 183
586 153
587 162
588 140
589 170
590 171
591 109
592 105
593 59
594 40
595 21
596 16
597 11
598 18
599 30
600 23
601 50
602 0
603 0
604 1
606 9
607 15
608 30
609 55
610 67
611 69
612 68
613 61
614 49
615 61
616 19
617 15
618 36
619 53
620 20
621 34
622 0
631 0
632 1
633 5
634 10
635 17
636 20
637 33
638 36
639 49
640 61
641 69
642 94
643 71
644 47
645 41
646 42
647 17
648 26
649 18
650 30
651 28
652 17
653 22
654 18
655 15
656 14
657 4
658 0
672 0
673 1
674 0
674 0
675 1
676 6
677 7
678 9
679 12
680 20
681 28
682 34
683 43
684 37
686 53
687 41
688 51
690 49
691 42
692 49
693 39
694 42
695 36
696 37
697 26
698 30
699 27
700 35
701 33
702 28
704 24
705 23
706 31
707 25
708 34
709 28
710 21
711 24
712 28
713 24
714 18
715 14
716 15
717 7
718 14
719 5
720 11
722 22
723 24
724 31
725 38
726 35
727 38
728 55
729 48
730 43
731 73
732 72
733 75
734 68
735 73
737 63
738 82
739 71
740 56
741 48
742 51
743 45
744 55
745 46
746 41
747 48
748 25
749 30
750 26
751 19
752 20
753 11
754 16
755 18
756 13
757 14
758 6
759 9
760 3
761 12
762 13
763 5
764 14
765 19
766 18
767 22
768 26
769 18
770 22
771 25
772 24
773 19
774 17
775 18
776 27
777 14
778 17
779 10
780 6
781 4
783 8
784 2
785 3
786 1
787 2
788 1
789 0
789 0
790 1
