132 0
133 2.72427602365e-05
445 5.44855204729e-05
500 0.0896559239382
501 0.0897104094587
502 0.0900100798213
503 0.0907728771079
504 0.09216225788
505 0.0964666139973
506 0.103468003378
507 0.111613588689
508 0.123518674912
509 0.137439725393
510 0.149453782657
511 0.161113684038
512 0.171329719127
513 0.18083744245
514 0.189200969842
515 0.197618982755
516 0.206663579154
517 0.213937396137
518 0.220884299997
519 0.227259105893
520 0.233715640069
521 0.239872503882
522 0.2465742229
523 0.25341215572
524 0.261312556188
525 0.268204974528
526 0.274961179067
527 0.282398452611
528 0.289045686109
529 0.296319503092
530 0.300869044052
531 0.305582041572
532 0.310758166017
533 0.315961533223
534 0.320837987305
535 0.326776909036
536 0.333233443212
537 0.34097038712
538 0.349688070395
539 0.359958591004
540 0.371291579263
541 0.383142179966
542 0.39515623723
543 0.409376958073
544 0.422753153349
545 0.438390497725
546 0.454381997984
547 0.469556215436
548 0.484812161168
549 0.500422262784
550 0.514915411229
551 0.52995341488
552 0.544528291607
553 0.558857983491
554 0.572942490533
555 0.587408396219
556 0.601057019097
557 0.616421935871
558 0.631432696761
559 0.645054076879
560 0.658866156319
561 0.673114119923
562 0.686163402076
563 0.698613343504
564 0.710218759365
565 0.721660718664
566 0.730351159179
567 0.740921350151
568 0.749312120304
569 0.75694009317
570 0.764104939112
571 0.769144849756
572 0.774702372844
573 0.779251913804
574 0.783937668565
575 0.788187539161
576 0.791783583513
577 0.79606069687
578 0.800337810227
579 0.806876072684
580 0.812733266135
581 0.818971858229
582 0.823793826791
583 0.827798512545
584 0.83177595554
585 0.836761380663
586 0.840929522979
587 0.845342850138
588 0.849156836571
589 0.853788105811
590 0.858446617811
591 0.861416078677
592 0.864276568502
593 0.865883891356
594 0.866973601765
595 0.86754569973
596 0.867981583894
597 0.868281254257
598 0.868771623941
599 0.869588906748
600 0.870215490233
601 0.871577628245
604 0.871604871006
605 0.871632113766
606 0.871877298608
607 0.872285940011
608 0.873103222819
609 0.874601574632
610 0.876426839567
611 0.878306590024
612 0.88015909772
613 0.881820906094
614 0.883155801346
615 0.88481760972
616 0.885335222165
617 0.885743863568
618 0.886724602937
619 0.888168469229
620 0.888713324434
621 0.889639578282
632 0.889666821042
633 0.889803034843
634 0.890075462446
635 0.89053858937
636 0.891083444575
637 0.891982455662
638 0.892963195031
639 0.894298090283
640 0.895959898657
641 0.897839649113
642 0.900400468575
643 0.902334704552
644 0.903615114283
645 0.904732067453
646 0.905876263383
647 0.906339390307
648 0.907047702073
649 0.907538071757
650 0.908355354565
651 0.909118151851
652 0.909581278775
653 0.9101806195
654 0.910670989185
655 0.911079630588
656 0.911461029231
657 0.911570000272
673 0.911597243033
675 0.911624485793
676 0.911787942354
677 0.911978641676
678 0.912223826518
679 0.912550739641
680 0.913095594846
681 0.913858392132
682 0.91478464598
683 0.91595608467
684 0.916964066799
685 0.917972048928
686 0.919415915221
687 0.92053286839
688 0.921922249162
689 0.923311629934
690 0.924646525186
691 0.925790721116
692 0.927125616367
693 0.928188084017
694 0.929332279947
695 0.930313019315
696 0.931321001444
697 0.93202931321
698 0.932846596017
699 0.933582150543
700 0.934535647152
701 0.93543465824
702 0.936197455526
703 0.936960252813
704 0.937614079058
705 0.938240662544
706 0.939085188111
707 0.939766257117
708 0.940692510965
709 0.941455308252
710 0.942027406217
711 0.942681232462
712 0.943444029749
713 0.944097855995
714 0.944588225679
715 0.944969624322
716 0.945378265726
717 0.945568965048
718 0.945950363691
719 0.946086577492
720 0.946386247855
721 0.946685918217
722 0.947285258942
723 0.947939085188
724 0.948783610755
725 0.949818835644
726 0.950772332253
727 0.951807557142
728 0.953305908955
729 0.954613561446
730 0.955785000136
731 0.957773721633
732 0.959735200371
733 0.961778407388
734 0.963630915084
735 0.965619636582
736 0.967608358079
737 0.969324651974
738 0.971558558313
739 0.97349279429
740 0.975018388863
741 0.976326041355
742 0.977715422127
743 0.978941346337
744 0.98043969815
745 0.981692865121
746 0.982809818291
747 0.984117470782
748 0.984798539788
749 0.985615822595
750 0.986324134361
751 0.986841746806
752 0.987386602011
753 0.987686272373
754 0.988122156537
755 0.988612526221
756 0.988966682104
757 0.989348080748
758 0.989511537309
759 0.989756722151
760 0.989838450432
761 0.990165363555
762 0.990519519438
763 0.990655733239
764 0.991037131882
765 0.991554744327
766 0.992045114011
767 0.992644454736
768 0.993352766502
769 0.993843136187
770 0.994442476912
771 0.995123545918
772 0.995777372163
773 0.996294984608
774 0.996758111532
775 0.997248481216
776 0.997984035743
777 0.998365434386
778 0.99882856131
779 0.999100988912
780 0.999264445474
781 0.999373416515
782 0.999482387556
783 0.999700329637
784 0.999754815158
785 0.999836543439
786 0.999863786199
787 0.999918271719
788 0.99994551448
790 0.99997275724
791 1.0
