199 0
200 0.0931111326422
201 0.102003466503
202 0.118571628503
203 0.13829409295
204 0.157381390692
205 0.173561993347
206 0.188160062009
207 0.200691147499
208 0.211575105771
209 0.22202844255
210 0.233299960168
211 0.244732960846
212 0.257726964441
213 0.272454219552
214 0.289991279915
215 0.308271162355
216 0.327746019443
217 0.349675419049
218 0.373897878113
219 0.399692105631
220 0.426605949036
221 0.453627447814
222 0.482952771588
223 0.512794841154
224 0.542400068899
225 0.570347403891
226 0.597605744491
227 0.622689446544
228 0.647213340654
229 0.669498002993
230 0.690114007041
231 0.709524270904
232 0.72876228617
233 0.74663307819
234 0.763384254325
235 0.779252656396
236 0.793979911507
237 0.807361474448
238 0.820129401759
239 0.832240631291
240 0.843469086759
241 0.853394912207
242 0.862954709384
243 0.872622161935
244 0.881740572081
245 0.889276448234
246 0.896640075789
247 0.902884087459
248 0.90830991829
249 0.913035989191
250 0.917277610912
251 0.921928323052
252 0.925696261129
253 0.929604151191
254 0.933081419759
255 0.93687088891
256 0.939799115073
257 0.942565858175
258 0.945547912024
259 0.948465372649
260 0.950866087481
261 0.953094553715
262 0.955010819365
263 0.956765601955
264 0.958638805456
265 0.960587367718
266 0.962514398906
267 0.963989277525
268 0.965690232428
269 0.96731582857
270 0.969016783473
271 0.970297882419
272 0.971815823187
273 0.972913907998
274 0.974044289421
275 0.97486247026
276 0.975734478787
277 0.976380411028
278 0.976886391284
279 0.977360074928
280 0.977618447825
281 0.977844524109
282 0.978070600394
283 0.978242848992
284 0.978382800978
285 0.978447394202
286 0.978501221888
287 0.978533518501
288 0.978555049575
289 0.978608877262
290 0.978662704949
291 0.97873806371
292 0.978953374458
293 0.979276340579
294 0.979663899924
295 0.980051459269
296 0.980600501674
297 0.981074185318
298 0.981429448051
299 0.982010787068
300 0.982538298399
301 0.983130402954
302 0.983614852135
303 0.984088535779
304 0.984497626199
305 0.984885185544
306 0.985348103651
307 0.985746428533
308 0.986220112177
309 0.986683030283
310 0.987275134838
311 0.98796412923
312 0.988610061471
313 0.989342118012
314 0.989869629343
315 0.990623216958
316 0.991204555975
317 0.991936612516
318 0.99261484137
319 0.993357663448
320 0.994014361227
321 0.994671059006
322 0.995413881084
323 0.996178234237
324 0.99669498003
325 0.997125601524
326 0.997610050706
327 0.99808373435
328 0.998460528157
329 0.998761963203
330 0.999095694862
331 0.999343302221
332 0.999504785281
333 0.99963397173
334 0.999763158178
335 0.999881579089
336 0.999913875701
337 0.999967703388
338 0.999978468925
339 0.999989234463
341 1.0
