199 0
200 8649
201 826
202 1539
203 1832
204 1773
205 1503
206 1356
207 1164
208 1011
209 971
210 1047
211 1062
212 1207
213 1368
214 1629
215 1698
216 1809
217 2037
218 2250
219 2396
220 2500
221 2510
222 2724
223 2772
224 2750
225 2596
226 2532
227 2330
228 2278
229 2070
230 1915
231 1803
232 1787
233 1660
234 1556
235 1474
236 1368
237 1243
238 1186
239 1125
240 1043
241 922
242 888
243 898
244 847
245 700
246 684
247 580
248 504
249 439
250 394
251 432
252 350
253 363
254 323
255 352
256 272
257 257
258 277
259 271
260 223
261 207
262 178
263 163
264 174
265 181
266 179
267 137
268 158
269 151
270 158
271 119
272 141
273 102
274 105
275 76
276 81
277 60
278 47
279 44
280 24
281 21
283 16
284 13
285 6
286 5
287 3
288 2
289 5
291 7
292 20
293 30
294 36
296 51
297 44
298 33
299 54
300 49
301 55
302 45
303 44
304 38
305 36
306 43
307 37
308 44
309 43
310 55
311 64
312 60
313 68
314 49
315 70
316 54
317 68
318 63
319 69
320 61
322 69
323 71
324 48
325 40
326 45
327 44
328 35
329 28
330 31
331 23
332 15
333 12
335 11
336 3
337 5
338 1
340 0
340 0
341 1
