2 0.10625
3 0.175
4 0.215625
5 0.246875
6 0.290625
7 0.346875
8 0.365625
9 0.4125
10 0.4375
11 0.459375
12 0.475
13 0.5
14 0.515625
15 0.5375
16 0.55625
17 0.571875
18 0.596875
19 0.61875
20 0.628125
21 0.640625
22 0.6625
23 0.684375
24 0.69375
25 0.7
26 0.709375
27 0.715625
28 0.71875
30 0.725
32 0.73125
33 0.734375
34 0.7375
35 0.746875
36 0.75
37 0.753125
38 0.7625
39 0.775
40 0.778125
41 0.784375
42 0.7875
43 0.790625
44 0.79375
45 0.796875
46 0.8
48 0.80625
49 0.809375
50 0.815625
54 0.81875
56 0.825
57 0.828125
58 0.834375
60 0.846875
61 0.853125
62 0.85625
65 0.859375
68 0.8625
69 0.865625
70 0.86875
71 0.871875
73 0.878125
77 0.88125
78 0.884375
82 0.8875
83 0.890625
85 0.896875
92 0.9
95 0.903125
96 0.909375
97 0.9125
107 0.915625
108 0.91875
109 0.921875
124 0.925
131 0.928125
133 0.93125
144 0.9375
158 0.940625
172 0.94375
174 0.946875
213 0.95
217 0.953125
232 0.95625
282 0.959375
285 0.9625
363 1.0
