0 0
1 11
2 23
3 22
4 13
5 10
6 14
7 18
8 6
9 15
10 8
11 7
12 5
13 8
14 5
15 7
16 6
17 5
18 8
19 7
20 3
21 4
22 7
24 3
25 2
26 3
27 2
28 1
29 0
29 0
30 2
31 0
31 0
32 2
33 1
35 3
36 1
38 3
39 4
40 1
41 2
42 1
47 0
47 0
48 2
49 1
50 2
51 0
53 0
54 1
55 0
55 0
56 2
57 1
58 2
59 0
59 0
60 4
61 2
62 1
63 0
64 0
65 1
66 0
67 0
68 1
72 0
72 0
73 2
74 0
76 0
77 1
79 0
81 0
82 1
84 0
84 0
85 2
86 0
91 0
92 1
93 0
94 0
95 1
96 2
97 1
98 0
106 0
107 1
110 0
123 0
124 1
125 0
130 0
131 1
132 0
132 0
133 1
134 0
143 0
144 2
145 0
157 0
158 1
159 0
171 0
172 1
173 0
173 0
174 1
175 0
212 0
213 1
214 0
216 0
217 1
218 0
231 0
232 1
233 0
281 0
282 1
283 0
284 0
285 1
286 0
362 0
363 12
