2 0.0446666349629
3 0.080309587217
4 0.112302644094
5 0.141703918585
6 0.169024633822
7 0.196143237588
8 0.222061061442
9 0.247479551075
10 0.271411926955
11 0.292883298459
12 0.314426003424
13 0.336004375119
14 0.356013410691
15 0.374678999429
16 0.393832033479
17 0.411296842305
18 0.429867319764
19 0.44705868366
20 0.463215712383
21 0.478718851056
22 0.493746433327
23 0.508904793609
24 0.523444930569
25 0.536819954347
26 0.550575423245
27 0.563593779722
28 0.576326802359
29 0.588536712954
30 0.600378067339
31 0.612516644474
32 0.622836218375
33 0.633548126308
34 0.643748811109
35 0.65402082937
36 0.66368651322
37 0.673447308351
38 0.68276821381
39 0.691470895948
40 0.699805021876
41 0.707960814153
42 0.71628305117
43 0.724355621077
44 0.732214190603
45 0.739121647327
46 0.745743770211
47 0.752591782385
48 0.75957057257
49 0.766489918204
50 0.772481928857
51 0.77874738444
52 0.784335172151
53 0.789851626403
54 0.795796081415
55 0.801431424767
56 0.806698211908
57 0.812095777059
58 0.81754089785
59 0.822629351341
60 0.827824805022
61 0.832627924672
62 0.837193266121
63 0.84135438463
64 0.845860281529
65 0.850140289138
66 0.854253852007
67 0.857975080845
68 0.861589309492
69 0.864989537759
70 0.868318432566
71 0.871528438273
72 0.87507133346
73 0.878364561537
74 0.881693456344
75 0.88468946167
76 0.887542800076
77 0.890396138482
78 0.893213810158
79 0.895603481073
80 0.898540041849
81 0.901131824234
82 0.903259939129
83 0.905804165874
84 0.908098725509
85 0.910155506943
86 0.912343066388
87 0.914554403652
88 0.916646851817
89 0.918549077421
90 0.920403747384
91 0.922008750238
92 0.923589975271
93 0.925385200685
94 0.926966425718
95 0.928452539471
96 0.930212098155
97 0.931912212288
98 0.933481548412
99 0.934824995244
100 0.936097108617
101 0.93755944455
102 0.939057447213
103 0.940591116606
104 0.941970230169
105 0.943087787712
106 0.944466901274
107 0.945691459007
108 0.946749571999
109 0.947783907171
110 0.948877686894
111 0.949888244246
112 0.950827468138
113 0.95207580369
114 0.953015027582
115 0.953906695834
116 0.954774586266
117 0.955583032148
118 0.95652225604
119 0.957318813011
120 0.958055925433
121 0.958816815674
122 0.959684706106
123 0.960421818528
124 0.961218375499
125 0.961812821001
126 0.962549933422
127 0.963310823664
128 0.963988491535
129 0.964701826137
130 0.965415160738
131 0.96615227316
132 0.966877496671
133 0.967543275632
134 0.967983165303
135 0.968494388434
136 0.969065056116
137 0.969695168347
138 0.970206391478
139 0.970693836789
140 0.97128828229
141 0.971573616131
142 0.972025394712
143 0.972572284573
144 0.973012174244
145 0.973570953015
146 0.973951398136
147 0.974486399087
148 0.974866844208
149 0.975401845159
150 0.97577040137
151 0.97606762412
152 0.976436180331
153 0.976864181092
154 0.977268404033
155 0.977684515884
156 0.978017405364
157 0.978278961385
158 0.978599961955
159 0.979004184896
160 0.979277629827
161 0.979574852578
162 0.979883964238
163 0.980240631539
164 0.9806686323
165 0.981025299601
166 0.981346300171
167 0.981845634392
168 0.982166634963
169 0.982344968613
170 0.982570857904
171 0.982891858474
172 0.983236636865
173 0.983438748336
174 0.983688415446
175 0.983902415827
176 0.984104527297
177 0.984318527677
178 0.984615750428
179 0.984912973179
180 0.985198307019
181 0.9854123074
182 0.98561441887
183 0.985875974891
184 0.986030530721
185 0.986315864562
186 0.986529864942
187 0.986684420772
188 0.986767643142
189 0.986993532433
190 0.987207532813
191 0.987409644284
192 0.987611755754
193 0.987825756135
194 0.987932756325
195 0.988111089975
196 0.988336979266
197 0.988479646186
198 0.988669868746
199 0.988812535667
200 0.988943313677
201 0.989169202967
202 0.989288092068
203 0.989430758988
204 0.989537759178
205 0.989620981548
206 0.989739870649
207 0.989834981929
208 0.990072760129
209 0.9902748716
210 0.99038187179
211 0.99054831653
212 0.990679094541
213 0.990774205821
214 0.990916872741
215 0.991071428571
216 0.991142762032
217 0.991225984402
218 0.991273540042
219 0.991404318052
220 0.991570762792
221 0.991772874263
222 0.991879874453
223 0.992010652463
224 0.992093874834
225 0.992177097204
226 0.992272208484
227 0.992319764124
228 0.992426764314
229 0.992498097774
230 0.992605097965
231 0.992676431425
232 0.992783431615
233 0.992854765075
234 0.992949876355
235 0.993092543276
236 0.993163876736
237 0.993270876926
238 0.993318432566
239 0.993425432756
240 0.993520544037
241 0.993627544227
242 0.993686988777
243 0.993817766787
244 0.993889100247
245 0.993960433707
246 0.994079322808
247 0.994174434088
248 0.994210100818
249 0.994328989918
250 0.994447879018
251 0.994507323569
253 0.994590545939
254 0.994638101579
255 0.994780768499
256 0.994804546319
257 0.994863990869
258 0.99495910215
259 0.99503043561
260 0.99507799125
261 0.99510176907
262 0.99516121362
263 0.99526821381
264 0.99530388054
265 0.995375214
266 0.99541088073
267 0.995470325281
268 0.995541658741
269 0.995589214381
270 0.995672436751
271 0.995731881301
272 0.995755659121
273 0.995803214761
274 0.995898326041
275 0.995910214951
276 0.995933992772
277 0.995993437322
278 0.996029104052
279 0.996100437512
280 0.996136104242
281 0.996231215522
282 0.996350104622
283 0.996373882442
284 0.996397660263
285 0.996457104813
286 0.996468993723
287 0.996504660453
288 0.996540327183
289 0.996564105003
290 0.996611660643
291 0.996647327373
292 0.996671105193
294 0.996682994103
295 0.996706771923
297 0.996778105383
298 0.996896994484
299 0.996932661214
300 0.996980216854
301 0.997015883584
302 0.997051550314
303 0.997087217044
304 0.997099105954
305 0.997110994864
306 0.997146661594
307 0.997206106144
308 0.997241772874
309 0.997277439604
310 0.997324995244
311 0.997396328705
312 0.997467662165
313 0.997515217805
314 0.997562773445
315 0.997598440175
316 0.997610329085
317 0.997657884725
318 0.997705440365
319 0.997741107095
320 0.997764884915
321 0.997800551645
322 0.997812440555
323 0.997895662926
324 0.997907551836
325 0.997919440746
326 0.997931329656
328 0.997978885296
330 0.998026440936
332 0.998038329846
333 0.998062107666
334 0.998073996576
335 0.998121552216
336 0.998133441126
337 0.998145330036
338 0.998169107856
339 0.998216663496
340 0.998228552406
341 0.998240441316
342 0.998264219136
343 0.998311774776
344 0.998323663687
345 0.998371219327
346 0.998406886057
347 0.998418774967
348 0.998430663877
350 0.998442552787
351 0.998466330607
352 0.998490108427
355 0.998537664067
356 0.998549552977
358 0.998561441887
359 0.998608997527
360 0.998656553167
361 0.998668442077
362 0.998692219897
363 0.998704108807
366 0.998715997717
369 0.998739775537
370 0.998751664447
372 0.998775442267
373 0.998787331177
374 0.998811108998
375 0.998834886818
376 0.998846775728
378 0.998870553548
379 0.998882442458
380 0.998906220278
383 0.998918109188
384 0.998941887008
387 0.998953775918
388 0.999013220468
389 0.999025109378
390 0.999036998288
391 0.999048887198
392 0.999060776108
393 0.999096442838
395 0.999108331748
398 0.999120220658
402 0.999132109568
403 0.999155887388
404 0.999167776298
405 0.999191554118
407 0.999203443028
409 0.999215331938
410 0.999227220848
413 0.999239109758
414 0.999250998668
415 0.999262887578
416 0.999274776488
417 0.999298554309
419 0.999310443219
420 0.999322332129
421 0.999334221039
422 0.999369887769
423 0.999393665589
424 0.999405554499
427 0.999417443409
431 0.999441221229
433 0.999464999049
435 0.999476887959
442 0.999500665779
445 0.999512554689
453 0.999536332509
455 0.999560110329
456 0.999571999239
458 0.999583888149
465 0.999619554879
469 0.999643332699
470 0.999655221609
473 0.999667110519
477 0.999678999429
479 0.999690888339
496 0.999702777249
497 0.999714666159
502 0.999726555069
503 0.999738443979
513 0.999750332889
519 0.9997622218
527 0.99978599962
531 0.99979788853
539 0.99980977744
554 0.99983355526
556 0.99984544417
558 0.99985733308
617 0.99986922199
631 0.9998811109
637 0.99989299981
640 0.99990488872
654 0.99991677763
698 0.99992866654
731 0.99994055545
782 0.99995244436
791 0.99996433327
799 0.99997622218
879 0.99998811109
1004 1.0
