2 0.000505980256004
3 0.000732056540602
4 0.00107655373618
5 0.00134569217022
6 0.00160406506691
7 0.00198085887457
8 0.00206698317347
9 0.00245454251849
11 0.00280980525143
12 0.00306817814811
13 0.00320813013382
14 0.00366028270301
15 0.00382176576344
16 0.00399401436123
17 0.00417702849638
18 0.00475836751391
19 0.00496291272379
20 0.00517822347102
25 0.00571650033911
26 0.00599640431052
27 0.00628707381929
29 0.00722367556977
30 0.00754664169062
33 0.00790190442356
36 0.00867702311361
37 0.009075347996
39 0.00949520395311
46 0.00999041867175
49 0.0110454413332
52 0.011605249276
55 0.0121973538309
56 0.0128002239232
58 0.0134246250902
59 0.0140597917945
65 0.014759551723
70 0.0155131393384
72 0.0162882580284
76 0.0171064388679
77 0.0179353852448
80 0.0187966282337
81 0.01966863676
84 0.0205729418984
96 0.0216064334851
100 1.0
