2 0.867213817603
3 0.870766215471
4 0.873154896797
5 0.876952287622
6 0.882954615055
7 0.888956942488
8 0.894530532247
9 0.901390335028
10 0.90678018007
11 0.914313713481
12 0.921357260979
13 0.927788326086
14 0.935260611257
15 0.944570343603
16 0.953941324187
17 0.963312304771
18 0.971335824095
19 0.978869357506
20 0.984871684939
21 0.98964904759
22 0.992711459546
23 0.995651375023
24 0.997427573957
25 0.998223801066
26 0.999142524652
27 0.999571262326
28 0.999877503522
30 0.999938751761
33 1.0
