0 0
1 0.0855128918568
2 0.179373029123
3 0.263030977555
4 0.339640140976
5 0.405119643851
6 0.457614542756
7 0.503617139677
8 0.547764793174
9 0.58801706548
10 0.624373956594
11 0.65164162493
12 0.681877202745
13 0.707104433315
14 0.73121869783
15 0.75421999629
16 0.772769430532
17 0.790762381747
18 0.808198849935
19 0.824893340753
20 0.837321461695
21 0.848080133556
22 0.859024299759
23 0.869226488592
24 0.879428677425
25 0.888703394546
26 0.89742162864
27 0.904655907995
28 0.913188647746
29 0.918938972361
30 0.924689296976
31 0.930625115934
32 0.935633463179
33 0.93952884437
34 0.944537191616
35 0.948061584122
36 0.951214987943
37 0.953440920052
38 0.956594323873
39 0.958263772955
40 0.960489705064
41 0.963828603228
42 0.966611018364
43 0.968651456131
44 0.969949916528
45 0.971804859952
46 0.974401780746
47 0.97625672417
48 0.977926173252
49 0.979410127991
50 0.980152105361
51 0.98089408273
52 0.9816360601
53 0.98237803747
54 0.983861992209
55 0.984974958264
56 0.985345946949
57 0.985902429976
58 0.98701539603
59 0.987386384715
61 0.988313856427
62 0.989055833797
64 0.989241328139
65 0.989612316824
66 0.990168799852
67 0.990539788536
68 0.990910777221
69 0.991281765906
70 0.992023743276
71 0.992394731961
73 0.992765720646
75 0.993322203673
76 0.993693192358
77 0.994064181042
78 0.994249675385
79 0.994435169727
80 0.994991652755
81 0.995548135782
84 0.995733630124
86 0.995919124467
87 0.996104618809
89 0.996290113152
92 0.996475607494
94 0.996661101836
95 0.996846596179
100 0.997032090521
103 0.997403079206
104 0.997774067891
110 0.997959562233
116 0.998145056576
117 0.998330550918
118 0.998516045261
120 0.998701539603
130 0.999072528288
132 0.99925802263
133 0.999443516973
137 0.999629011315
232 0.999814505658
264 1.0
