0 0
1 0.177332591356
2 0.330736412539
3 0.455388610647
4 0.548692264886
5 0.625857911334
6 0.684288629197
7 0.732702652569
8 0.769987015396
9 0.802634019662
10 0.831942125765
11 0.855685401595
12 0.88054164348
13 0.900389538119
14 0.916342051567
15 0.92802819514
16 0.937673900946
17 0.943795214246
18 0.9510294936
19 0.95863476164
20 0.963643108885
21 0.967352995734
22 0.971804859952
23 0.974587275088
24 0.977555184567
25 0.980337599703
26 0.981821554443
27 0.983676497867
28 0.985716935633
29 0.9877573734
30 0.98849935077
31 0.989055833797
32 0.989983305509
33 0.990910777221
34 0.991467260249
35 0.992023743276
36 0.99313670933
37 0.993507698015
38 0.994064181042
39 0.994435169727
40 0.995177147097
41 0.995548135782
42 0.996290113152
43 0.996661101836
46 0.996846596179
47 0.997032090521
48 0.997403079206
49 0.997774067891
50 0.997959562233
52 0.998330550918
54 0.998516045261
55 0.998701539603
56 0.998887033945
59 0.999072528288
61 0.99925802263
65 0.999443516973
73 0.999629011315
103 0.999814505658
109 1.0
