2 0.000517612444493
3 0.00299670362601
4 0.00713760318195
5 0.0154194022938
6 0.0267523905522
7 0.0420355790449
8 0.0561200860871
9 0.069005911679
10 0.0796850736917
11 0.0887569128504
12 0.0959490015528
13 0.102786934372
14 0.10948865339
15 0.116898684175
16 0.124063530117
17 0.131119405018
18 0.138992562726
19 0.146920205955
20 0.154875091944
21 0.162802735173
22 0.171384204648
23 0.179448061678
24 0.187021549023
25 0.194131909445
26 0.200969842264
27 0.207589833002
28 0.214727436184
29 0.221810553845
30 0.228839185986
31 0.235786089847
32 0.242760236467
33 0.249788868608
34 0.256708529708
35 0.263546462528
36 0.269894025663
37 0.276132617757
38 0.281935325687
39 0.288337374343
40 0.294003868472
41 0.300133489525
42 0.306126896777
43 0.311520963304
44 0.317568856076
45 0.323235350206
46 0.328847358814
47 0.334677309505
48 0.340425531915
49 0.345465442559
50 0.350314653881
51 0.355272836244
52 0.360939330373
53 0.366524096221
54 0.371264336503
55 0.376631160269
56 0.381235186749
57 0.38589369875
58 0.390770152832
59 0.396164219359
60 0.401067916201
61 0.405862642003
62 0.410684610565
63 0.414961723922
64 0.419647478683
65 0.424850845888
66 0.429999727572
67 0.434630996813
68 0.439589179176
69 0.443730078732
70 0.448960688697
71 0.453401258616
72 0.457869071294
73 0.461846514289
74 0.46664124009
75 0.470536954804
76 0.474378183998
77 0.478546326314
78 0.482142370665
79 0.486364998502
80 0.490614869099
81 0.494428855532
82 0.498351813006
83 0.502410984281
84 0.506715340398
85 0.510937968235
86 0.514833682949
87 0.518674912142
88 0.522516141335
89 0.526275642248
90 0.529844443839
91 0.534067071676
92 0.538262456752
93 0.542321628027
94 0.545972157899
95 0.549404745689
96 0.552919061759
97 0.556051979187
98 0.559157653853
99 0.562345056801
100 0.566295257035
101 0.569591631024
102 0.573078704334
103 0.575884708639
104 0.579044868826
105 0.581987086932
106 0.585610374043
107 0.588879505271
108 0.592039665459
109 0.595254311167
110 0.597815130629
111 0.600675620454
112 0.6037268096
113 0.606314871823
114 0.609529517531
115 0.612063094233
116 0.614950826818
117 0.617811316643
118 0.620889748549
119 0.62437682186
120 0.627673195848
121 0.630642656714
122 0.633230718936
123 0.636145694282
124 0.638869970305
125 0.64175770289
126 0.644073337511
127 0.646606914213
128 0.649440161277
129 0.652409622143
130 0.655297354728
131 0.65780368867
132 0.659819652927
133 0.662244258588
134 0.66475059253
135 0.667529354074
136 0.669790503174
137 0.672106137794
138 0.674367286894
139 0.676655678753
140 0.678998556134
141 0.681477647315
142 0.68433813714
143 0.686926199363
144 0.689296319503
145 0.691829896205
146 0.694063802544
147 0.696706350287
148 0.698858528346
149 0.701146920206
150 0.703135641703
151 0.705315062522
152 0.707167570218
153 0.708720407552
154 0.710627400768
155 0.712534393985
156 0.714604843763
157 0.716865992862
158 0.71890919988
159 0.721034135179
160 0.722995613916
161 0.724902607132
162 0.726782357588
163 0.728989021168
164 0.730841528864
165 0.73272127932
166 0.734900700139
167 0.736834936116
168 0.739068842455
169 0.741084806713
170 0.74304628545
171 0.744544637263
172 0.746070231836
173 0.748031710573
174 0.750320102433
175 0.752118124608
176 0.753616476421
177 0.755087585474
178 0.757076306971
179 0.758983300188
180 0.760672351323
181 0.762361402457
182 0.76380526875
183 0.765439834364
184 0.767455798622
185 0.769035878715
186 0.77069768709
187 0.772277767183
188 0.774103032119
189 0.775710354973
190 0.777562862669
191 0.779251913804
192 0.781213392541
193 0.782711744354
194 0.784155610646
195 0.785463263138
196 0.787097828752
197 0.788677908846
198 0.7902852317
199 0.791838069033
200 0.793091236004
201 0.794371645735
202 0.795842754788
203 0.797504563162
204 0.798893943934
205 0.800228839186
206 0.801727190999
207 0.803116571771
208 0.804315253221
209 0.805568420192
210 0.807012286485
211 0.808265453456
212 0.809709319748
213 0.811153186041
214 0.812433595772
215 0.814177132427
216 0.815484784918
217 0.816928651211
218 0.818209060942
219 0.819326014112
220 0.820388481761
221 0.821341978369
222 0.822458931539
223 0.82376658403
224 0.825019751001
225 0.826272917972
226 0.827526084943
227 0.828724766393
228 0.829977933364
229 0.831258343095
230 0.832457024546
231 0.833492249435
232 0.834690930885
233 0.835644427493
234 0.836979322745
235 0.838150761435
236 0.839322200125
237 0.840411910535
238 0.841501620944
239 0.842427874792
240 0.843517585202
241 0.84441659629
242 0.845424578418
243 0.846350832266
244 0.847440542676
245 0.848938894489
246 0.850137575939
247 0.851172800828
248 0.852344239518
249 0.853324978887
250 0.854060533413
251 0.855177486583
252 0.856239954232
253 0.857247936361
254 0.858119704688
255 0.859291143379
256 0.859944969624
257 0.860680524151
258 0.861552292478
259 0.862696488408
260 0.863922412619
261 0.864685209905
262 0.865747677555
263 0.866701174163
264 0.867736399052
265 0.86860816738
266 0.869425450187
267 0.870651374397
268 0.871468657204
269 0.872476639333
270 0.873784291824
271 0.874846759474
272 0.875582314
273 0.876399596807
274 0.877462064456
275 0.878143133462
276 0.878715231427
277 0.879586999755
278 0.880240826
279 0.881112594328
280 0.881820906094
281 0.882583703381
282 0.883264772387
283 0.883973084153
284 0.884708638679
285 0.885771106328
286 0.886234233253
287 0.886806331217
288 0.887541885744
289 0.888577110633
290 0.889067480317
291 0.889884763124
292 0.890811016972
293 0.891546571499
294 0.892445582586
295 0.893017680551
296 0.893834963358
297 0.894543275125
298 0.89514261585
299 0.896014384177
300 0.896695453183
301 0.897267551148
302 0.897676192552
303 0.898438989838
304 0.899310758166
305 0.899828370611
306 0.900618410657
307 0.901136023102
308 0.901571907266
309 0.90211676247
310 0.902688860435
311 0.903097501839
312 0.903451657722
313 0.903996512927
314 0.904486882611
315 0.904922766775
316 0.9055221075
317 0.906121448225
318 0.90672078895
319 0.907483586237
320 0.908082926962
321 0.908600539407
322 0.909199880132
323 0.909826463617
324 0.910235105021
325 0.910752717465
326 0.911461029231
327 0.912033127196
328 0.912741438963
329 0.913313536928
330 0.913940120413
331 0.914294276296
332 0.91478464598
333 0.915138801863
334 0.915656414308
335 0.916201269513
336 0.916664396437
337 0.917154766121
338 0.917672378565
339 0.917999291688
340 0.918516904133
341 0.919143487618
342 0.919524886261
343 0.919879042145
344 0.92045114011
345 0.920832538753
346 0.921322908437
347 0.921922249162
348 0.922303647806
349 0.922712289209
350 0.923229901654
351 0.923584057537
352 0.92396545618
353 0.924510311385
354 0.925055166589
355 0.925545536274
356 0.926063148718
357 0.92625384804
358 0.926771460484
359 0.927098373607
360 0.927561500531
361 0.927970141935
362 0.928460511619
363 0.928814667502
364 0.929223308906
365 0.929468493748
366 0.929877135151
367 0.930231291034
368 0.930421990356
369 0.930721660719
370 0.931075816602
371 0.931484458005
372 0.931838613888
373 0.932220012532
374 0.932601411175
375 0.933010052579
376 0.933309722941
377 0.933582150543
378 0.934018034707
379 0.934453918871
380 0.934835317514
381 0.935271201678
382 0.935543629281
383 0.935897785164
384 0.936442640368
385 0.936878524532
386 0.937450622497
387 0.93775029286
388 0.938158934263
389 0.938404119105
390 0.938785517749
391 0.939303130193
392 0.939630043316
393 0.939929713679
394 0.940202141281
395 0.940392840603
396 0.940638025445
397 0.941046666848
398 0.94129185169
399 0.941618764813
400 0.941836706895
401 0.942190862778
402 0.942545018661
403 0.942871931784
404 0.943171602147
405 0.943335058708
406 0.943607486311
407 0.943907156673
408 0.944125098755
409 0.944452011878
410 0.944615468439
411 0.945105838124
412 0.945351022966
413 0.945514479527
414 0.94586863541
415 0.946113820252
416 0.946386247855
417 0.946576947176
418 0.946767646498
419 0.947094559621
420 0.947366987223
421 0.947748385866
422 0.948020813469
423 0.948265998311
424 0.948429454872
425 0.948674639714
426 0.948838096276
427 0.949028795598
428 0.94935570872
429 0.949519165282
430 0.949764350124
431 0.950064020487
432 0.95041817637
433 0.950636118452
434 0.950935788814
435 0.950990274335
436 0.951208216416
437 0.951507886779
438 0.951725828861
439 0.951943770943
440 0.952216198545
441 0.952325169586
442 0.952597597189
443 0.95276105375
444 0.953006238592
445 0.953060724113
446 0.953278666194
447 0.953496608276
448 0.953660064838
449 0.953796278639
450 0.954041463481
451 0.954368376604
452 0.954613561446
453 0.95502220285
454 0.955185659411
455 0.955321873212
456 0.955594300815
457 0.955648786335
458 0.955921213937
459 0.956139156019
460 0.956411583622
461 0.956547797423
462 0.956765739505
463 0.957010924347
464 0.957283351949
465 0.957474051271
466 0.957719236113
467 0.957882692674
468 0.958046149236
469 0.958155120277
470 0.9584820334
471 0.958808946522
472 0.959135859645
473 0.959272073446
474 0.959544501049
475 0.959762443131
476 0.959980385213
477 0.960252812815
478 0.960443512137
479 0.960661454219
480 0.96082491078
481 0.960988367341
482 0.961179066663
483 0.961260794944
484 0.961533222546
485 0.961587708067
486 0.961723921868
487 0.961860135669
488 0.962078077751
489 0.962377748113
490 0.962568447435
491 0.962704661236
492 0.962895360558
493 0.963058817119
494 0.963331244722
495 0.963630915084
496 0.963848857166
497 0.963957828207
498 0.964094042008
499 0.964203013049
500 0.964475440652
501 0.964584411693
502 0.964747868254
503 0.964993053096
504 0.965156509658
505 0.965347208979
506 0.965592393821
507 0.965674122102
508 0.965837578663
509 0.965946549704
510 0.966082763506
511 0.966246220067
512 0.966518647669
514 0.966654861471
515 0.966763832512
516 0.966872803552
517 0.967063502874
519 0.967117988395
520 0.967308687716
521 0.967526629798
522 0.96777181464
523 0.967853542921
524 0.968071485003
525 0.968098727763
526 0.968180456044
527 0.968371155365
528 0.968480126406
529 0.968589097447
530 0.968643582968
531 0.968779796769
532 0.96888876781
533 0.969052224371
534 0.969188438173
535 0.969215680933
536 0.969460865775
537 0.969651565097
538 0.969706050617
539 0.969815021658
540 0.969978478219
541 0.970114692021
542 0.970305391342
543 0.970468847904
544 0.970605061705
545 0.970659547225
546 0.970795761027
547 0.970850246547
548 0.970959217588
549 0.971068188629
550 0.97114991691
551 0.971367858991
553 0.971531315553
554 0.971667529354
555 0.971749257635
556 0.971858228676
557 0.971939956956
558 0.972076170758
559 0.972130656278
560 0.972266870079
561 0.97237584112
562 0.97240308388
563 0.972512054921
564 0.972566540442
565 0.972593783202
566 0.972757239764
567 0.972893453565
568 0.973029667366
569 0.973084152886
570 0.973165881167
571 0.973274852208
572 0.973356580489
573 0.973438308769
574 0.973601765331
575 0.973629008091
576 0.973792464653
577 0.973901435693
578 0.973983163974
579 0.974064892255
580 0.974201106056
581 0.974337319857
582 0.974473533658
583 0.97466423298
584 0.974773204021
586 0.974936660582
587 0.974991146103
588 0.975072874384
589 0.975263573705
590 0.975399787506
591 0.975454273027
592 0.975508758547
593 0.975644972349
594 0.975672215109
595 0.97578118615
596 0.97586291443
597 0.975999128232
598 0.976189827553
599 0.976298798594
600 0.976380526875
601 0.976516740676
602 0.976625711717
603 0.976652954477
604 0.976734682758
605 0.976789168279
606 0.976843653799
607 0.976898139319
608 0.97695262484
609 0.9769798676
610 0.977143324162
611 0.977197809682
612 0.977252295203
613 0.977361266243
614 0.977388509004
615 0.977415751764
616 0.977497480045
617 0.977715422127
618 0.977797150407
619 0.977906121448
620 0.97809682077
621 0.978178549051
622 0.978260277331
623 0.978314762852
624 0.978478219413
625 0.978559947694
626 0.978641675975
627 0.978723404255
628 0.978886860817
629 0.979023074618
630 0.979050317378
631 0.979104802899
632 0.97921377394
633 0.979486201542
634 0.979567929823
635 0.979622415343
636 0.979704143624
637 0.979785871905
639 0.979894842945
640 0.979949328466
641 0.980058299507
642 0.980085542267
643 0.980140027788
644 0.980303484349
645 0.98041245539
647 0.980494183671
648 0.980575911951
649 0.980603154712
650 0.980712125753
651 0.980848339554
652 0.980875582314
653 0.980957310595
654 0.981011796115
655 0.981148009916
656 0.981202495437
657 0.981393194758
658 0.981420437519
659 0.98155665132
660 0.981692865121
661 0.981829078922
662 0.981883564443
663 0.981938049963
665 0.981965292723
667 0.982019778244
668 0.982155992045
669 0.982183234805
670 0.982237720326
671 0.982292205846
672 0.982319448607
673 0.982401176887
674 0.982482905168
675 0.982591876209
676 0.982646361729
677 0.98267360449
678 0.982782575531
679 0.982864303811
680 0.982946032092
682 0.983027760373
683 0.983082245893
684 0.983191216934
685 0.983218459694
686 0.983272945215
687 0.983381916256
688 0.983545372817
689 0.983572615577
690 0.983681586618
691 0.983708829379
692 0.983763314899
693 0.98387228594
694 0.9838995287
695 0.983981256981
696 0.984062985262
697 0.984117470782
698 0.984199199063
699 0.984253684583
700 0.984308170104
702 0.984335412864
703 0.984389898385
704 0.984471626665
705 0.984553354946
706 0.984580597706
707 0.984662325987
708 0.984716811507
709 0.984744054268
711 0.984798539788
712 0.984853025309
714 0.984880268069
715 0.984907510829
717 0.98501648187
718 0.98504372463
720 0.985098210151
721 0.985152695671
722 0.985234423952
723 0.985288909472
726 0.985425123273
727 0.985452366034
728 0.985506851554
729 0.985588579835
730 0.985643065355
731 0.985697550876
732 0.985724793636
733 0.985833764677
734 0.985997221238
736 0.986106192279
737 0.98613343504
738 0.98618792056
739 0.986242406081
740 0.986269648841
741 0.986296891601
742 0.986324134361
743 0.986378619882
744 0.986433105402
745 0.986460348162
746 0.986487590923
749 0.986514833683
752 0.986569319203
753 0.986596561964
755 0.986678290244
756 0.986705533005
757 0.986787261285
758 0.986814504046
759 0.986868989566
760 0.986896232326
761 0.986950717847
763 0.986977960607
765 0.987005203367
766 0.987032446127
767 0.987059688888
768 0.987114174408
769 0.987168659929
770 0.987223145449
771 0.98733211649
772 0.98735935925
773 0.987413844771
774 0.987468330291
775 0.987577301332
776 0.987686272373
777 0.987740757894
778 0.987768000654
779 0.987958699975
780 0.987985942736
781 0.988067671016
782 0.988203884818
783 0.988231127578
784 0.988285613098
785 0.988394584139
786 0.98844906966
789 0.98847631242
790 0.98850355518
791 0.98853079794
792 0.988585283461
793 0.988694254502
794 0.988748740022
795 0.988830468303
796 0.988884953824
797 0.989021167625
801 0.989075653145
802 0.989102895905
803 0.989130138666
805 0.989184624186
806 0.989211866946
807 0.989266352467
808 0.989375323508
809 0.989429809028
810 0.989457051788
811 0.989484294549
812 0.989538780069
813 0.98959326559
814 0.98962050835
815 0.98967499387
816 0.989702236631
817 0.989756722151
818 0.989838450432
819 0.989865693192
820 0.989892935952
822 0.989920178713
824 0.989947421473
825 0.989974664233
826 0.990056392514
827 0.990110878034
830 0.990165363555
831 0.990192606315
832 0.990219849075
834 0.990328820116
835 0.990356062876
836 0.990410548397
837 0.990465033917
838 0.990519519438
839 0.990546762198
840 0.990601247718
841 0.990628490479
842 0.990682975999
843 0.990710218759
846 0.99073746152
848 0.99079194704
850 0.990873675321
851 0.990928160841
853 0.990982646362
854 0.991037131882
855 0.991064374642
856 0.991091617403
857 0.991146102923
858 0.991200588444
860 0.991255073964
864 0.991282316724
866 0.991336802245
868 0.991364045005
869 0.991418530526
871 0.991445773286
872 0.991554744327
873 0.991581987087
875 0.991609229847
876 0.991636472607
879 0.991663715368
880 0.991745443648
881 0.991772686409
883 0.991827171929
884 0.991854414689
885 0.99190890021
887 0.99193614297
889 0.99196338573
890 0.99199062849
892 0.992017871251
893 0.992072356771
894 0.992181327812
895 0.992208570572
896 0.992235813333
897 0.992263056093
898 0.992290298853
899 0.992317541613
900 0.992344784374
901 0.992372027134
906 0.992426512654
908 0.992453755414
910 0.992480998175
912 0.992508240935
913 0.992535483695
919 0.992617211976
920 0.992644454736
921 0.992671697496
922 0.992726183017
924 0.992753425777
927 0.992807911298
928 0.992835154058
932 0.992862396818
935 0.992916882339
937 0.992944125099
939 0.993025853379
940 0.99305309614
941 0.9930803389
945 0.99310758166
946 0.99313482442
951 0.993162067181
952 0.993189309941
953 0.993243795461
954 0.993271038222
960 0.993298280982
962 0.993325523742
963 0.993352766502
964 0.993380009263
966 0.993461737543
970 0.993488980303
971 0.993570708584
972 0.993625194105
974 0.993652436865
976 0.993679679625
978 0.993734165146
979 0.993761407906
982 0.993815893426
983 0.993870378947
985 0.993897621707
986 0.993924864467
987 0.993952107228
988 0.993979349988
990 0.994033835508
992 0.994061078268
993 0.994088321029
994 0.994142806549
995 0.994170049309
998 0.99419729207
999 0.99422453483
1002 0.99425177759
1003 0.99427902035
1006 0.994306263111
1015 0.994333505871
1019 0.994360748631
1021 0.994387991391
1026 0.994415234152
1029 0.994496962432
1030 0.994524205192
1031 0.994551447953
1034 0.994578690713
1036 0.994633176233
1041 0.994660418994
1046 0.994687661754
1053 0.994742147274
1055 0.994769390035
1058 0.994796632795
1061 0.994851118315
1062 0.994905603836
1064 0.994932846596
1065 0.994960089356
1067 0.995014574877
1070 0.995041817637
1071 0.995096303157
1072 0.995123545918
1073 0.995178031438
1075 0.995205274198
1078 0.995232516959
1079 0.995287002479
1087 0.995341488
1088 0.99539597352
1093 0.99542321628
1094 0.995450459041
1096 0.995477701801
1102 0.995504944561
1111 0.995532187321
1113 0.995613915602
1114 0.995641158362
1115 0.995668401122
1116 0.995695643883
1120 0.995722886643
1125 0.995750129403
1128 0.995777372163
1131 0.995804614924
1133 0.995831857684
1142 0.995886343204
1143 0.995913585965
1145 0.995940828725
1149 0.995995314245
1152 0.996022557005
1159 0.996077042526
1161 0.996104285286
1164 0.996158770807
1171 0.996186013567
1172 0.996240499087
1174 0.996267741848
1178 0.996294984608
1183 0.996322227368
1186 0.996349470128
1188 0.996376712889
1191 0.996403955649
1203 0.996431198409
1207 0.996458441169
1217 0.996485683929
1218 0.99654016945
1221 0.99656741221
1223 0.99659465497
1228 0.996621897731
1230 0.996649140491
1232 0.996676383251
1236 0.996703626011
1239 0.996730868772
1240 0.996758111532
1242 0.996785354292
1245 0.996812597052
1249 0.996839839813
1251 0.996921568093
1259 0.996948810854
1260 0.996976053614
1271 0.997003296374
1280 0.997030539134
1283 0.997057781894
1284 0.997085024655
1286 0.997112267415
1290 0.997139510175
1291 0.997166752935
1294 0.997221238456
1295 0.997248481216
1296 0.997275723976
1298 0.997330209497
1303 0.997357452257
1304 0.997411937778
1312 0.997466423298
1324 0.997493666058
1327 0.997548151579
1330 0.997575394339
1334 0.997602637099
1338 0.99765712262
1339 0.99768436538
1348 0.99771160814
1357 0.9977388509
1362 0.997766093661
1367 0.997793336421
1370 0.997820579181
1384 0.997847821941
1388 0.997875064702
1390 0.997902307462
1397 0.997929550222
1403 0.998011278503
1408 0.998038521263
1415 0.998065764023
1422 0.998093006783
1424 0.998120249544
1427 0.998147492304
1457 0.998174735064
1479 0.998201977824
1501 0.998256463345
1516 0.998283706105
1518 0.998310948865
1519 0.998338191626
1524 0.998392677146
1533 0.998419919906
1549 0.998447162667
1553 0.998474405427
1554 0.998501648187
1556 0.998528890947
1565 0.998583376468
1582 0.998610619228
1583 0.998637861988
1595 0.998665104748
1598 0.998692347509
1613 0.998719590269
1618 0.998746833029
1631 0.998774075789
1643 0.99880131855
1657 0.99882856131
1682 0.99885580407
1699 0.99888304683
1719 0.998910289591
1727 0.998937532351
1735 0.998964775111
1737 0.998992017871
1750 0.999019260631
1755 0.999046503392
1784 0.999073746152
1796 0.999100988912
1800 0.999128231672
1809 0.999155474433
1810 0.999182717193
1831 0.999209959953
1860 0.999237202713
1877 0.999264445474
1884 0.999291688234
1900 0.999318930994
1904 0.999346173754
1911 0.999373416515
1922 0.999400659275
1932 0.999427902035
1968 0.999455144795
2002 0.999482387556
2003 0.999509630316
2010 0.999536873076
2023 0.999564115836
2047 0.999591358596
2048 0.999618601357
2078 0.999645844117
2099 0.999673086877
2137 0.999700329637
2271 0.999727572398
2313 0.999754815158
2443 0.999782057918
2570 0.999809300678
2767 0.999836543439
2974 0.999863786199
3401 0.999891028959
3422 0.999918271719
4132 0.99994551448
4292 0.99997275724
5884 1.0
