2 0.867605421525
3 0.87027527479
4 0.871922402007
5 0.873870964269
6 0.877240577463
7 0.881482199184
8 0.886768078029
9 0.892559937129
10 0.897910409198
11 0.902571886876
12 0.907158005792
13 0.911302737676
14 0.915802732293
15 0.920851769316
16 0.926514441968
17 0.933705820926
18 0.941424711214
19 0.949455802086
20 0.958326604872
21 0.965980901937
22 0.973764385449
23 0.979943803895
24 0.98518662059
25 0.989245228176
26 0.992474889384
27 0.994929431903
28 0.996619621268
29 0.998191389723
30 0.998998805025
31 0.99942942652
32 0.999687799417
33 0.999870813552
34 0.999935406776
35 0.999956937851
36 0.999989234463
37 1.0
