0 0
1 149
2 652
3 1402
4 1885
5 1934
6 1713
7 1452
8 1294
9 1260
10 1313
11 1327
12 1266
13 1218
14 1250
15 1257
16 1182
17 1130
18 1102
19 1057
20 1052
21 1073
22 1019
23 983
24 981
25 1026
26 923
27 928
28 951
29 923
30 929
31 807
32 797
33 839
34 792
35 802
36 799
37 750
38 774
39 743
40 736
41 738
42 671
43 641
44 668
45 730
46 642
47 672
48 683
49 706
50 648
51 659
52 630
53 625
54 581
56 580
57 599
58 547
59 523
60 540
61 528
62 511
63 554
64 513
65 524
66 483
67 448
68 431
69 504
70 457
71 464
72 457
73 450
74 430
75 415
76 434
77 452
78 381
79 404
80 374
81 375
82 393
83 395
84 413
85 345
86 387
87 371
88 339
89 363
90 338
91 348
92 336
93 338
94 289
95 288
96 296
97 275
98 311
99 293
100 288
101 303
102 302
103 277
104 249
105 280
106 258
107 292
108 270
109 234
110 262
111 259
112 235
113 234
114 239
115 243
116 234
117 211
118 220
119 218
120 224
121 231
122 217
123 207
124 195
125 211
126 207
127 215
128 207
129 202
130 204
131 197
132 166
133 177
134 200
136 194
137 182
139 180
140 183
141 170
142 162
144 161
145 171
146 133
147 142
148 150
149 177
150 128
151 121
152 143
153 137
154 138
155 124
156 133
157 140
158 114
159 119
160 126
161 115
162 124
163 146
164 103
165 112
166 118
167 97
168 100
169 110
170 89
171 100
172 103
173 102
174 114
175 97
176 88
177 89
178 105
179 89
180 111
181 81
182 84
183 82
184 86
185 90
186 89
187 78
188 76
189 79
190 89
191 87
192 68
193 72
194 86
195 74
196 68
197 72
198 63
199 65
200 77
201 65
202 77
203 73
205 54
206 57
207 67
208 70
209 58
210 70
211 52
212 60
213 66
214 46
215 58
216 54
217 67
218 45
219 55
220 51
221 53
222 57
223 51
224 56
225 47
226 49
227 32
228 40
229 59
230 55
231 41
232 43
233 49
234 36
235 29
236 42
237 45
238 41
239 30
240 41
241 39
242 37
243 52
244 34
245 39
246 25
247 35
248 37
249 34
250 17
251 38
252 30
253 31
254 25
255 32
256 24
257 40
258 44
259 31
260 41
261 26
262 18
263 26
264 38
265 34
266 38
267 23
268 31
269 18
270 24
271 37
272 24
273 21
274 28
275 22
276 26
277 28
278 30
279 29
280 31
281 27
282 20
283 29
284 18
285 25
286 16
287 20
288 27
289 30
290 32
291 23
292 24
293 26
294 19
295 21
296 17
297 16
298 13
299 19
300 24
301 15
302 17
303 12
304 19
305 16
306 17
307 13
308 20
309 18
310 17
312 24
313 15
314 17
315 16
316 22
317 21
318 18
319 14
320 15
321 19
322 18
323 17
324 16
325 17
326 13
327 14
328 13
329 16
330 18
331 10
332 7
333 12
334 19
335 20
336 5
337 15
338 14
339 19
340 15
341 13
342 12
343 14
344 11
345 8
346 17
348 22
349 13
350 16
351 10
352 7
353 24
354 15
355 8
356 13
357 9
358 13
359 11
360 7
362 9
363 20
364 5
365 12
366 10
367 11
368 13
369 8
371 9
373 10
374 8
376 13
377 11
378 13
379 12
380 9
381 8
382 7
383 8
384 9
385 8
386 5
387 16
388 10
389 7
390 8
391 14
392 7
393 8
394 15
395 17
396 7
397 10
398 8
399 14
400 7
401 13
402 10
403 8
404 9
405 7
406 9
407 7
409 5
410 2
411 5
412 10
413 5
414 6
415 5
416 7
417 8
418 14
419 7
420 8
421 9
422 6
423 7
424 5
425 9
426 5
428 9
429 2
430 6
431 7
432 4
433 7
434 6
435 4
436 10
437 2
438 12
439 10
440 5
441 6
442 7
443 1
444 10
446 4
447 3
449 6
450 5
451 8
452 2
453 5
454 6
455 3
456 7
458 10
459 6
460 8
461 6
462 4
463 7
465 3
467 6
468 5
469 2
470 1
471 4
472 2
473 7
474 8
475 4
476 9
477 7
478 2
480 5
481 4
483 3
484 2
485 7
486 6
487 5
488 2
491 7
492 2
493 1
494 5
495 6
496 2
497 1
498 3
500 4
501 3
503 4
504 6
505 1
506 3
508 5
509 7
510 3
511 6
512 2
513 1
514 2
515 6
516 2
517 4
518 1
519 5
520 4
522 2
523 4
524 1
525 3
526 4
527 2
528 3
529 2
531 6
532 1
533 4
534 2
535 0
535 0
536 3
537 2
538 0
538 0
539 2
540 1
541 6
542 4
543 2
545 4
546 3
547 0
547 0
548 2
549 4
551 3
553 2
554 1
555 2
556 1
557 2
558 7
559 3
560 2
561 3
562 7
563 6
564 0
564 0
565 3
566 1
568 4
569 2
570 3
571 2
572 4
573 3
575 2
576 4
577 3
578 1
579 2
580 3
581 2
582 1
583 0
583 0
584 1
585 2
587 0
588 0
589 3
590 1
591 4
592 0
592 0
593 2
594 5
595 2
596 0
596 0
597 1
598 0
598 0
599 1
601 2
603 5
604 4
605 0
606 0
607 3
608 2
609 0
609 0
610 1
611 0
611 0
612 1
613 3
614 4
615 3
616 0
617 0
618 4
619 2
621 5
622 0
622 0
623 3
624 0
625 0
626 5
627 0
627 0
628 1
629 2
630 3
631 2
632 0
632 0
633 4
634 0
634 0
635 1
636 0
636 0
637 2
638 1
639 2
640 1
641 0
643 0
644 2
645 0
645 0
646 1
647 0
648 0
649 2
650 1
651 2
652 0
654 0
655 2
657 3
658 1
660 0
660 0
661 2
663 0
663 0
664 1
665 5
666 2
667 1
668 2
670 1
671 0
677 0
678 2
679 3
680 1
682 5
683 1
684 3
685 0
685 0
686 2
687 0
687 0
688 1
690 2
693 1
694 0
694 0
695 1
697 2
698 1
700 0
701 0
702 2
703 0
704 0
705 4
706 2
707 0
708 0
709 2
710 1
711 0
712 0
713 1
715 4
716 1
717 0
717 0
718 1
720 0
720 0
721 1
722 2
723 1
724 0
726 0
727 1
729 0
731 0
732 1
733 3
734 1
735 0
736 0
737 1
741 0
742 0
743 2
744 1
746 0
748 0
749 1
750 0
750 0
751 3
752 1
753 0
755 0
756 1
757 2
758 1
759 0
759 0
760 1
761 0
762 0
763 1
765 0
765 0
766 2
767 0
767 0
768 1
770 0
771 0
772 2
773 0
774 0
775 2
776 1
777 0
778 0
779 1
780 0
780 0
781 1
782 0
782 0
783 1
787 0
788 0
789 1
790 0
793 0
794 1
795 0
797 0
798 2
799 1
801 2
802 1
803 0
805 0
806 2
807 1
808 0
809 0
810 1
813 0
815 0
816 1
817 0
819 0
820 4
821 1
822 0
823 0
824 3
825 0
827 0
828 1
829 0
829 0
830 2
831 0
832 0
833 1
834 0
837 0
838 1
839 0
840 0
841 1
842 0
843 0
844 2
845 0
848 0
849 1
851 0
853 0
854 1
855 0
857 0
858 1
860 0
861 0
862 1
863 0
864 0
865 2
866 1
867 0
875 0
876 1
878 0
879 0
880 1
881 0
884 0
885 1
886 0
886 0
887 1
888 0
888 0
889 1
890 0
890 0
891 1
892 0
895 0
896 2
897 0
898 0
899 1
900 0
905 0
906 1
908 0
922 0
923 1
924 0
927 0
928 1
930 0
934 0
935 1
936 0
936 0
937 1
938 0
940 0
941 1
942 0
946 0
947 1
948 0
948 0
949 2
950 1
951 0
951 0
952 1
954 0
954 0
955 1
956 0
958 0
959 2
960 1
961 0
964 0
965 1
966 0
992 0
993 1
996 0
1003 0
1004 1
1005 0
1007 0
1008 1
1009 0
1009 0
1010 1
1011 0
1020 0
1021 1
1022 0
1029 0
1030 2
1031 0
1058 0
1059 1
1060 0
1064 0
1065 1
1066 0
1092 0
1093 1
1094 0
1125 0
1126 1
1127 0
1139 0
1140 1
1142 0
1150 0
1151 1
1152 0
1160 0
1161 1
1162 0
1194 0
1195 1
1196 0
1210 0
1211 1
1212 0
1212 0
1213 1
1214 0
1219 0
1220 1
1221 0
1224 0
1225 1
1226 0
1343 0
1344 1
1346 0
1366 0
1367 1
1368 0
1393 0
1394 1
1395 0
1448 0
1449 1
1450 0
1456 0
1457 1
1458 0
1547 0
1548 1
1549 0
1562 0
1563 1
1564 0
1577 0
1578 1
1579 0
1653 0
1654 1
1655 0
1669 0
1670 1
1671 0
1718 0
1719 1
1720 0
1791 0
1792 1
1793 0
2082 0
2083 1
