2 0.0086231954268
3 0.023716478808
4 0.044009516735
5 0.0648300659927
6 0.0832714314935
7 0.0989029917428
8 0.112833597089
9 0.126398174165
10 0.140533324721
11 0.1548191928
12 0.1684483631
13 0.181560787607
14 0.195017709309
15 0.208549989773
16 0.221274854934
17 0.233439912153
18 0.245303534326
19 0.256682707317
20 0.268008052622
21 0.279559474211
22 0.290529556783
23 0.301112080009
24 0.311673072161
25 0.322718513495
26 0.33265510448
27 0.342645523151
28 0.352883549182
29 0.362820140167
30 0.372821324376
31 0.381509113027
32 0.390089246305
33 0.399121532151
34 0.407647837742
35 0.416281798706
36 0.424883463058
37 0.432957616079
38 0.441290141997
39 0.449288936257
40 0.457212371756
41 0.465157338329
42 0.472381013898
43 0.479281723347
44 0.486473102305
45 0.494331944579
46 0.501243419565
47 0.508477860672
48 0.515830722691
49 0.523431192068
50 0.530407260278
51 0.5375017494
52 0.544284037938
53 0.551012498789
54 0.557267275996
55 0.563522053203
56 0.569766064873
57 0.576214621753
58 0.58210337069
59 0.58773374673
60 0.593547136905
61 0.599231340632
62 0.604732530224
63 0.610696637923
64 0.616219358589
65 0.621860500167
66 0.627060254713
67 0.631883215451
68 0.636523162054
69 0.641948992884
70 0.646868843458
71 0.651864052794
72 0.656783903369
73 0.661628395181
74 0.666257576247
75 0.670725274252
76 0.675397517467
77 0.680263540355
78 0.684365210089
79 0.688714487184
80 0.692740798157
81 0.696777874668
82 0.701008730851
83 0.705261118109
84 0.709707285039
85 0.713421395429
86 0.717587658388
87 0.721581672749
88 0.725231189915
89 0.729139079977
90 0.732777831605
91 0.736524238607
92 0.740141459161
93 0.743780210789
94 0.746891451087
95 0.749991925847
96 0.753178524906
97 0.756139047681
98 0.7594871298
99 0.762641432247
100 0.765741907007
101 0.769003864828
102 0.772255057111
103 0.77523711096
104 0.777917729763
105 0.780932080225
106 0.783709588864
107 0.786853125774
108 0.789759820861
109 0.792278956604
110 0.795099527393
111 0.79788780157
112 0.80041770285
113 0.802936838592
114 0.805509802022
115 0.808125827601
116 0.810644963343
117 0.812916491727
118 0.815284909946
119 0.817631797091
120 0.82004327746
121 0.822530116591
122 0.824866238198
123 0.827094704432
124 0.829193984218
125 0.831465512601
126 0.833693978835
127 0.836008569368
128 0.838237035602
129 0.840411674149
130 0.842607843771
131 0.844728654631
132 0.846515733833
133 0.848421233946
134 0.850574341418
135 0.852727448891
136 0.854815963139
137 0.856775290939
138 0.858734618738
139 0.860672415464
140 0.862642508801
141 0.864472650152
142 0.866216667205
143 0.867960684258
144 0.869693935773
145 0.871534842662
146 0.872966659131
147 0.874495365436
148 0.87611019604
149 0.878015696153
150 0.879393684936
151 0.880696314957
152 0.882235786799
153 0.883710665418
154 0.885196309574
155 0.886531236207
156 0.887963052676
157 0.889470227906
158 0.890697499166
159 0.891978598112
160 0.893335055819
161 0.894573092616
162 0.895908019249
163 0.897479787704
164 0.898588638052
165 0.899794378236
166 0.901064711645
167 0.902108968769
168 0.903185522505
169 0.904369731615
170 0.90532786444
171 0.906404418177
172 0.907513268525
173 0.908611353336
174 0.909838624595
175 0.910882881719
176 0.911830249007
177 0.912788381832
178 0.913918763255
179 0.91487689608
180 0.916071870727
181 0.916943879254
182 0.917848184392
183 0.918730958456
184 0.919656794669
185 0.920625693031
186 0.921583825857
187 0.922423537771
188 0.92324171861
189 0.924092196062
190 0.925050328887
191 0.925986930638
192 0.926718987178
193 0.927494105868
194 0.928419942081
195 0.929216591846
196 0.929948648387
197 0.930723767077
198 0.931401995931
199 0.932101755859
200 0.932930702236
201 0.933630462165
202 0.934459408541
203 0.935245292769
204 0.936031176996
205 0.936612516014
206 0.937226151643
207 0.937947442647
208 0.938701030262
209 0.939325431429
210 0.940079019044
211 0.940638826987
212 0.941284759229
213 0.941995284695
214 0.942490499413
215 0.94311490058
216 0.943696239598
217 0.944417530601
218 0.944901979782
219 0.945494084337
220 0.946043126743
221 0.946613700223
222 0.947227335852
223 0.947776378258
224 0.94837924835
225 0.948885228606
226 0.949412739937
227 0.949757237132
228 0.950187858627
229 0.950823025331
230 0.951415129886
231 0.951856516918
232 0.952319435025
233 0.952846946355
234 0.9532345057
235 0.953546706284
236 0.953998858853
237 0.954483308034
238 0.954924695066
239 0.955247661187
240 0.955689048219
241 0.956108904176
242 0.956507229058
243 0.957067037001
244 0.957433065271
245 0.957852921229
246 0.958122059663
247 0.95849885347
248 0.958897178353
249 0.959263206623
250 0.959446220758
251 0.959855311178
252 0.960178277299
253 0.960512008957
254 0.960781147391
255 0.961125644587
256 0.961384017483
257 0.961814638978
258 0.962288322622
259 0.96262205428
260 0.963063441312
261 0.963343345283
262 0.963537124956
263 0.963817028927
264 0.964226119347
265 0.964592147617
266 0.965001238037
267 0.965248845396
268 0.965582577054
269 0.965776356727
270 0.966034729624
271 0.966433054506
272 0.966691427403
273 0.966917503687
274 0.967218938733
275 0.967455780555
276 0.967735684527
277 0.968037119573
278 0.968360085694
279 0.968672286277
280 0.969006017935
281 0.969296687444
282 0.969511998191
283 0.969824198775
284 0.970017978447
285 0.970287116881
286 0.970459365479
287 0.970674676226
288 0.970965345735
289 0.971288311856
290 0.971632809052
291 0.971880416411
292 0.972138789308
293 0.972418693279
294 0.972623238489
295 0.972849314774
296 0.973032328909
297 0.973204577506
298 0.973344529492
299 0.973549074702
300 0.973807447599
301 0.973968930659
302 0.974151944794
303 0.974281131243
304 0.974485676453
305 0.97465792505
306 0.974840939185
307 0.974980891171
308 0.975196201918
309 0.975389981591
310 0.975572995726
311 0.975756009861
312 0.976014382758
313 0.976175865818
314 0.976358879953
315 0.976531128551
316 0.976767970373
317 0.976994046658
318 0.97718782633
319 0.977338543853
320 0.977500026914
321 0.977704572124
322 0.977898351796
323 0.978081365931
324 0.978253614529
325 0.978436628664
326 0.97857658065
327 0.978727298173
328 0.978867250159
329 0.979039498757
330 0.979233278429
331 0.979340933803
332 0.979416292564
333 0.979545479013
334 0.979750024222
335 0.97996533497
336 0.980019162657
337 0.980180645717
338 0.98033136324
339 0.98053590845
340 0.98069739151
341 0.980837343496
342 0.980966529944
343 0.981117247467
344 0.981235668378
345 0.981321792677
346 0.981504806812
347 0.981687820948
348 0.98192466277
349 0.982064614755
350 0.982236863353
351 0.982344518727
352 0.982419877488
353 0.982678250385
354 0.982839733445
355 0.982925857744
356 0.98306580973
357 0.983162699566
358 0.983302651552
359 0.983421072463
360 0.983496431224
361 0.983571789986
362 0.983668679822
363 0.983883990569
364 0.983937818256
365 0.984067004705
366 0.984174660078
367 0.984293080989
368 0.984433032975
369 0.984519157274
370 0.984605281573
371 0.984702171409
372 0.984799061245
373 0.984906716619
374 0.984992840918
375 0.985078965217
376 0.985218917202
377 0.985337338113
378 0.985477290099
379 0.985606476547
380 0.985703366384
381 0.985789490682
382 0.985864849444
383 0.985950973743
384 0.986047863579
385 0.986133987878
386 0.986187815565
387 0.986360064163
388 0.986467719536
389 0.986543078298
390 0.986629202597
391 0.98677992012
392 0.986855278881
393 0.98694140318
394 0.987102886241
395 0.987285900376
396 0.987361259137
397 0.987468914511
398 0.98755503881
399 0.987705756333
400 0.987781115094
401 0.98792106708
402 0.988028722454
403 0.988114846753
404 0.988211736589
405 0.98828709535
406 0.988383985187
407 0.988459343948
408 0.98853470271
409 0.988588530396
410 0.988610061471
411 0.988663889158
412 0.988771544532
413 0.988825372218
414 0.988889965443
415 0.988943793129
416 0.989019151891
417 0.98910527619
418 0.989255993713
419 0.989331352474
420 0.989417476773
421 0.98951436661
422 0.989578959834
423 0.989654318595
424 0.989708146282
425 0.989805036118
426 0.989858863805
427 0.989912691492
428 0.990009581328
429 0.990031112403
430 0.990095705627
431 0.990171064389
432 0.990214126538
433 0.9902894853
434 0.990354078524
435 0.990397140673
436 0.990504796047
437 0.990526327122
438 0.99065551357
439 0.990763168944
440 0.99081699663
441 0.990881589855
442 0.990956948616
443 0.990967714153
444 0.991075369527
445 0.991183024901
446 0.99122608705
447 0.991258383662
448 0.991290680274
449 0.991355273498
450 0.991409101185
451 0.991495225484
452 0.991516756559
453 0.991570584246
454 0.99163517747
455 0.991667474082
456 0.991742832844
457 0.991818191605
458 0.991925846979
459 0.991990440203
460 0.992076564502
461 0.992141157726
462 0.992184219875
463 0.992259578637
464 0.992334937398
465 0.99236723401
466 0.992399530623
467 0.992464123847
468 0.992517951534
469 0.992539482608
470 0.992550248146
471 0.992593310295
472 0.99261484137
473 0.992690200131
474 0.99277632443
475 0.99281938658
476 0.992916276416
477 0.992991635177
478 0.993013166252
479 0.993034697327
480 0.993088525014
481 0.993131587163
482 0.993174649313
483 0.993206945925
484 0.993228476999
485 0.993303835761
486 0.993368428985
487 0.993422256672
488 0.993443787747
489 0.993465318821
490 0.993486849896
491 0.993562208658
492 0.993583739732
493 0.99359450527
494 0.993648332957
495 0.993712926181
496 0.993734457255
497 0.993745222793
498 0.993777519405
499 0.993809816017
500 0.993852878166
501 0.993885174778
502 0.993917471391
503 0.99396053354
504 0.994025126764
505 0.994035892302
506 0.994068188914
507 0.994100485526
508 0.994154313213
509 0.994229671974
510 0.994261968586
511 0.99432656181
512 0.994348092885
513 0.994358858422
514 0.994380389497
515 0.994444982721
516 0.994466513796
517 0.994509575945
518 0.994520341483
519 0.99457416917
520 0.994617231319
521 0.994660293469
522 0.994681824543
523 0.994724886693
524 0.99473565223
525 0.994767948842
526 0.994811010992
527 0.994832542066
528 0.994864838678
529 0.994886369753
530 0.994907900828
531 0.994972494052
532 0.994983259589
533 0.995026321739
534 0.995047852814
536 0.995080149426
537 0.9951016805
539 0.995123211575
540 0.995133977112
541 0.995198570337
542 0.995241632486
543 0.995263163561
544 0.995284694636
545 0.995327756785
546 0.995360053397
548 0.995381584472
549 0.995424646621
550 0.995467708771
551 0.995500005383
552 0.995532301995
553 0.99555383307
554 0.995564598607
555 0.995586129682
556 0.995596895219
557 0.995618426294
558 0.995693785055
559 0.995726081667
560 0.995747612742
561 0.995779909354
562 0.995855268116
563 0.99591986134
565 0.995952157952
566 0.995962923489
567 0.995973689027
568 0.996016751176
569 0.996038282251
570 0.996070578863
571 0.996092109938
572 0.996135172087
573 0.996167468699
574 0.996199765311
575 0.996221296386
576 0.996264358535
577 0.996296655148
578 0.996307420685
579 0.99632895176
580 0.996361248372
581 0.996382779446
582 0.996393544984
584 0.996404310521
585 0.996425841596
586 0.996447372671
589 0.996479669283
590 0.99649043482
591 0.99653349697
593 0.996555028044
594 0.996608855731
595 0.996630386806
597 0.996641152343
599 0.99665191788
600 0.996662683418
601 0.996684214493
602 0.996705745567
603 0.996759573254
604 0.996802635404
607 0.996834932016
608 0.99685646309
610 0.996867228628
612 0.996877994165
613 0.996910290777
614 0.996953352927
615 0.996985649539
618 0.997028711688
619 0.997050242763
620 0.997071773838
621 0.997125601524
623 0.997157898136
626 0.997211725823
628 0.997222491361
629 0.997244022435
630 0.997276319047
631 0.997297850122
633 0.997340912272
635 0.997351677809
637 0.997373208884
638 0.997383974421
639 0.997405505496
640 0.997416271033
644 0.997437802108
646 0.997448567645
649 0.99747009872
650 0.997480864257
651 0.997502395332
655 0.997523926407
656 0.997545457482
657 0.997577754094
658 0.997588519631
659 0.997599285168
661 0.997620816243
662 0.997642347318
664 0.997653112855
665 0.997706940542
666 0.997728471617
667 0.997739237154
668 0.997760768229
669 0.997782299303
670 0.997793064841
678 0.997814595916
679 0.997846892528
680 0.997857658065
681 0.997868423602
682 0.997922251289
683 0.997933016827
684 0.997965313439
686 0.997986844513
688 0.997997610051
689 0.998008375588
690 0.998029906663
691 0.998051437738
692 0.998072968812
693 0.99808373435
695 0.998094499887
696 0.998105265424
697 0.998126796499
698 0.998137562036
699 0.998148327574
702 0.998169858648
705 0.998212920798
706 0.998234451873
709 0.998255982947
710 0.998266748485
713 0.998277514022
714 0.998288279559
715 0.998331341709
716 0.998342107246
718 0.998352872784
719 0.998363638321
721 0.998374403858
722 0.998395934933
723 0.99840670047
727 0.998417466008
728 0.998428231545
732 0.998438997083
733 0.998471293695
734 0.998482059232
737 0.998492824769
738 0.998503590307
739 0.998514355844
740 0.998525121381
743 0.998546652456
744 0.998557417994
745 0.998568183531
749 0.998578949068
751 0.99861124568
752 0.998622011218
756 0.998632776755
757 0.99865430783
758 0.998665073367
760 0.998675838904
763 0.998686604442
764 0.998697369979
766 0.998718901054
768 0.998729666591
769 0.998740432129
772 0.998761963203
775 0.998783494278
776 0.998794259815
779 0.998805025353
781 0.99881579089
783 0.998826556428
784 0.998837321965
785 0.998848087502
786 0.99885885304
789 0.998869618577
794 0.998880384114
798 0.998901915189
799 0.998912680726
800 0.998923446264
801 0.998944977339
802 0.998955742876
806 0.998977273951
807 0.998988039488
810 0.998998805025
811 0.999009570563
812 0.9990203361
816 0.999031101637
820 0.999074163787
821 0.999084929324
824 0.999117225936
828 0.999127991474
830 0.999149522548
833 0.999160288086
838 0.999171053623
841 0.999181819161
844 0.999203350235
849 0.999214115773
850 0.99922488131
854 0.999235646847
858 0.999246412385
859 0.999257177922
862 0.999267943459
865 0.999289474534
866 0.999300240071
876 0.999311005609
877 0.999321771146
880 0.999332536684
885 0.999343302221
887 0.999354067758
889 0.999364833296
891 0.999375598833
896 0.999397129908
899 0.999407895445
906 0.999418660982
907 0.99942942652
923 0.999440192057
928 0.999450957595
929 0.999461723132
935 0.999472488669
937 0.999483254207
941 0.999494019744
947 0.999504785281
949 0.999526316356
950 0.999537081893
952 0.999547847431
953 0.999558612968
955 0.999569378506
959 0.99959090958
960 0.999601675118
965 0.999612440655
993 0.999623206192
994 0.99963397173
995 0.999644737267
1004 0.999655502804
1008 0.999666268342
1010 0.999677033879
1021 0.999687799417
1030 0.999709330491
1059 0.999720096029
1065 0.999730861566
1093 0.999741627103
1126 0.999752392641
1140 0.999763158178
1141 0.999773923715
1151 0.999784689253
1161 0.99979545479
1195 0.999806220327
1211 0.999816985865
1213 0.999827751402
1220 0.99983851694
1225 0.999849282477
1344 0.999860048014
1345 0.999870813552
1367 0.999881579089
1394 0.999892344626
1449 0.999903110164
1457 0.999913875701
1548 0.999924641238
1563 0.999935406776
1578 0.999946172313
1654 0.999956937851
1670 0.999967703388
1719 0.999978468925
1792 0.999989234463
2083 1.0
