151 0
152 0.000418060200669
200 0.0848662207358
201 0.0865384615385
202 0.0890468227425
203 0.0923913043478
204 0.0957357859532
205 0.103678929766
206 0.182692307692
207 0.184782608696
208 0.1872909699
209 0.192307692308
210 0.196070234114
211 0.199414715719
212 0.20610367893
213 0.207775919732
214 0.209030100334
216 0.21237458194
221 0.21279264214
222 0.216555183946
223 0.217391304348
224 0.229096989967
225 0.23118729097
227 0.235785953177
228 0.239966555184
230 0.248327759197
231 0.252926421405
232 0.262959866221
233 0.263377926421
234 0.272575250836
235 0.28135451505
236 0.288461538462
237 0.315217391304
238 0.335702341137
239 0.357441471572
240 0.377508361204
241 0.396739130435
242 0.413043478261
243 0.427675585284
244 0.434782608696
245 0.4372909699
246 0.438963210702
247 0.451923076923
249 0.452341137124
250 0.453177257525
251 0.45652173913
252 0.475752508361
253 0.477006688963
254 0.478260869565
255 0.484949832776
256 0.497491638796
257 0.508779264214
258 0.510033444816
259 0.520066889632
260 0.521739130435
261 0.526755852843
262 0.533444816054
263 0.538879598662
264 0.551003344482
265 0.563545150502
266 0.577341137124
267 0.592391304348
268 0.612040133779
269 0.627508361204
270 0.642558528428
271 0.653428093645
272 0.66889632107
273 0.6877090301
274 0.704849498328
275 0.728678929766
276 0.744983277592
277 0.763795986622
278 0.777591973244
279 0.792224080268
280 0.807692307692
281 0.823160535117
282 0.841973244147
283 0.854933110368
284 0.870819397993
285 0.882525083612
286 0.894648829431
287 0.906772575251
288 0.919314381271
289 0.930183946488
290 0.941889632107
291 0.952341137124
292 0.963210702341
293 0.969063545151
294 0.977842809365
295 0.982023411371
296 0.986622073579
297 0.992474916388
298 0.996655518395
299 0.997073578595
300 0.999163879599
301 1.0
