2 0.457858303997
3 0.599844976262
4 0.702515906081
5 0.776528975444
6 0.831971492857
7 0.871524077124
8 0.900784807674
9 0.922757269429
10 0.939637632012
11 0.95193187568
12 0.961674686992
13 0.968941424711
14 0.974733283812
15 0.97939476149
16 0.982958154356
17 0.98575719407
18 0.987953363692
19 0.989901925955
20 0.99143063226
21 0.992722496743
22 0.993702160643
23 0.994724886693
24 0.995338522322
25 0.995995220101
26 0.996587324656
27 0.997125601524
28 0.997577754094
29 0.997857658065
30 0.998051437738
31 0.998277514022
32 0.998471293695
33 0.99865430783
34 0.998848087502
35 0.998998805025
36 0.999171053623
37 0.999311005609
38 0.999397129908
39 0.999504785281
40 0.999558612968
41 0.999580144043
42 0.999612440655
43 0.999623206192
44 0.999644737267
45 0.999698564954
46 0.999720096029
47 0.999741627103
48 0.999763158178
49 0.999806220327
51 0.999816985865
52 0.999827751402
53 0.999860048014
54 0.999881579089
55 0.999892344626
58 0.999903110164
61 0.999913875701
67 0.999935406776
71 0.999946172313
72 0.999956937851
79 0.999978468925
80 0.999989234463
85 1.0
