100 0.106202026074
101 0.135904143655
102 0.16787778962
103 0.195179192369
104 0.216774860317
105 0.237186319155
106 0.259546340256
107 0.284210186351
108 0.311866851834
109 0.342796240674
110 0.377332084531
111 0.41618490887
112 0.457018592083
113 0.501243419565
114 0.545855806393
115 0.591167953148
116 0.633573404817
117 0.673405893055
118 0.708673793452
119 0.741853179601
120 0.770726350806
121 0.796412922951
122 0.818428446856
123 0.838753781395
124 0.856549214654
125 0.872105416142
126 0.885756117517
127 0.897964236885
128 0.90908503698
129 0.91879555168
130 0.926579035193
131 0.934394815317
132 0.941596959812
133 0.947281163539
134 0.953320629999
135 0.958068231976
136 0.962105308486
137 0.966077791773
138 0.96939357728
139 0.972784721549
140 0.975605292338
141 0.978275145604
142 0.980578970599
143 0.982096911367
144 0.98327035494
145 0.984163894541
146 0.985132792903
147 0.985789490682
148 0.986284705401
149 0.986618437059
150 0.986952168718
151 0.987275134838
152 0.987619632034
153 0.988104081215
154 0.988588530396
155 0.98906221404
156 0.989578959834
157 0.990300250837
158 0.990946183079
159 0.991667474082
160 0.992485654921
161 0.993110056088
162 0.993659098494
163 0.994251203049
164 0.994746417767
165 0.995273929098
166 0.995822971504
167 0.996318186222
168 0.996759573254
169 0.997157898136
170 0.997642347318
171 0.997857658065
172 0.998159093111
173 0.998438997083
174 0.998643542292
175 0.998901915189
176 0.999095694862
177 0.999257177922
178 0.999364833296
179 0.999483254207
180 0.999601675118
181 0.999720096029
182 0.99979545479
183 0.999903110164
184 0.999946172313
185 0.999978468925
187 0.999989234463
189 1.0
