49 0
50 0.13633476515
51 0.189161256984
52 0.234301155142
53 0.27695421417
54 0.321749615132
55 0.370905058726
56 0.423193273692
57 0.478894164002
58 0.539321125214
59 0.602493298453
60 0.664136765387
61 0.720731195298
62 0.770048121952
63 0.811839937991
64 0.844825544467
65 0.872611396398
66 0.895940315861
67 0.914930723767
68 0.930185490209
69 0.943620880836
70 0.954504839109
71 0.962977317013
72 0.970459365479
73 0.975895961847
74 0.980665094898
75 0.984519157274
76 0.987996425842
77 0.990386375136
78 0.992474889384
79 0.994078954451
80 0.99530622571
81 0.99628588961
82 0.997157898136
83 0.997814595916
84 0.998212920798
85 0.998482059232
86 0.998783494278
87 0.999052632712
88 0.999321771146
89 0.999461723132
90 0.99959090958
91 0.99963397173
92 0.999709330491
93 0.999784689253
94 0.999816985865
95 0.999827751402
96 0.999860048014
97 0.999870813552
98 0.999881579089
100 0.999913875701
101 0.999935406776
102 0.999956937851
103 0.999978468925
104 1.0
