4 0
5 1.18889100247e-05
6 4.75556400989e-05
7 0.000154555830321
8 0.000356667300742
9 0.000915446071904
10 0.0023064485448
11 0.00467234163972
12 0.00947546128971
13 0.0169773635153
14 0.0286166064295
15 0.0451421913639
16 0.0673982309302
17 0.0948972798174
18 0.127758227126
19 0.164530625832
20 0.204025584934
21 0.246908883394
22 0.290743294655
23 0.337026821381
24 0.384927239871
25 0.434147327373
26 0.486268308921
27 0.536308731216
28 0.588298934754
29 0.638220467947
30 0.686073330797
31 0.732333079703
32 0.774586265931
33 0.814212003044
34 0.850330511699
35 0.881455678143
36 0.907052501427
37 0.928999429332
38 0.946321571238
39 0.959125927335
40 0.969611945977
41 0.977874738444
42 0.983938082557
43 0.988336979266
44 0.991665874073
45 0.994019878258
46 0.995922103862
47 0.997170439414
48 0.997990774206
49 0.998561441887
50 0.999001331558
51 0.999262887578
52 0.999571999239
53 0.999726555069
54 0.9997622218
55 0.99978599962
56 0.99980977744
57 0.99985733308
58 0.99989299981
60 0.99991677763
61 0.99992866654
62 0.99995244436
64 0.99996433327
75 0.99997622218
76 0.99998811109
86 1.0
