152 0.000418060200669
202 0.0848662207358
291 0.0852842809365
402 0.167642140468
492 0.168060200669
493 0.16889632107
494 0.169314381271
495 0.170150501672
496 0.172240802676
497 0.17474916388
498 0.177675585284
499 0.180602006689
500 0.186454849498
501 0.189799331104
502 0.193143812709
503 0.20025083612
504 0.20610367893
505 0.21237458194
506 0.214882943144
507 0.220735785953
508 0.224080267559
509 0.22491638796
510 0.228260869565
511 0.229515050167
512 0.231605351171
513 0.232859531773
514 0.234531772575
515 0.234949832776
516 0.235367892977
517 0.237040133779
518 0.237876254181
519 0.238294314381
520 0.239548494983
521 0.241220735786
522 0.242056856187
523 0.243311036789
525 0.24372909699
527 0.245819397993
528 0.246655518395
529 0.247073578595
530 0.248327759197
531 0.25
532 0.254180602007
533 0.257107023411
534 0.260869565217
535 0.265886287625
536 0.267976588629
537 0.270484949833
538 0.271321070234
539 0.272157190635
540 0.272575250836
541 0.272993311037
542 0.27508361204
543 0.276337792642
545 0.276755852843
546 0.277173913043
547 0.277591973244
548 0.278846153846
549 0.279682274247
557 0.280100334448
559 0.280936454849
560 0.282190635452
561 0.282608695652
563 0.283444816054
564 0.285535117057
565 0.28762541806
566 0.290969899666
567 0.293060200669
568 0.295986622074
569 0.297658862876
570 0.30016722408
571 0.301003344482
572 0.301839464883
573 0.303511705686
579 0.303929765886
581 0.304347826087
583 0.30643812709
584 0.307692307692
585 0.308528428094
586 0.309364548495
587 0.309782608696
588 0.3122909699
589 0.315635451505
590 0.320234113712
591 0.32525083612
592 0.33152173913
593 0.33737458194
594 0.341137123746
595 0.343227424749
596 0.345317725753
602 0.345735785953
604 0.346153846154
605 0.346989966555
606 0.348662207358
607 0.349498327759
608 0.351170568562
609 0.352842809365
610 0.353678929766
611 0.354933110368
613 0.355351170569
614 0.35618729097
615 0.359531772575
616 0.360367892977
617 0.362040133779
618 0.36245819398
619 0.363294314381
620 0.363712374582
621 0.364548494983
629 0.364966555184
631 0.366220735786
632 0.366638795987
633 0.367474916388
634 0.36872909699
635 0.369147157191
636 0.372073578595
637 0.376254180602
638 0.38127090301
639 0.383779264214
640 0.388377926421
641 0.392140468227
642 0.396739130435
643 0.401337792642
644 0.407190635452
645 0.413043478261
646 0.41889632107
647 0.422658862876
648 0.425585284281
649 0.428093645485
650 0.428511705686
651 0.430183946488
652 0.431856187291
654 0.433528428094
655 0.435200668896
656 0.435618729097
657 0.4372909699
658 0.439381270903
659 0.440217391304
660 0.441471571906
661 0.442725752508
662 0.44397993311
663 0.445652173913
664 0.446906354515
665 0.449414715719
666 0.451505016722
667 0.453177257525
668 0.455685618729
669 0.461956521739
670 0.467809364548
671 0.474498327759
672 0.480769230769
673 0.489966555184
674 0.502508361204
675 0.513795986622
676 0.524247491639
677 0.534698996656
678 0.544314381271
679 0.555183946488
680 0.563545150502
681 0.573160535117
682 0.583193979933
683 0.588628762542
684 0.596989966555
685 0.602006688963
686 0.60618729097
687 0.612876254181
688 0.616638795987
689 0.621655518395
690 0.626672240803
691 0.629598662207
692 0.632943143813
693 0.635451505017
694 0.638377926421
695 0.640886287625
696 0.642140468227
697 0.645903010033
698 0.648829431438
699 0.652173913043
700 0.65635451505
701 0.660535117057
702 0.668060200669
703 0.676421404682
704 0.688963210702
705 0.697324414716
706 0.707357859532
707 0.716555183946
708 0.722826086957
709 0.729096989967
710 0.734531772575
711 0.737876254181
712 0.745819397993
713 0.749581939799
714 0.751672240803
715 0.753762541806
716 0.75627090301
717 0.758779264214
718 0.762123745819
719 0.765886287625
720 0.767976588629
721 0.772993311037
722 0.77508361204
723 0.778428093645
724 0.785535117057
725 0.791806020067
726 0.798913043478
727 0.801839464883
728 0.807692307692
729 0.8122909699
730 0.816889632107
731 0.821906354515
732 0.82525083612
733 0.831939799331
734 0.835702341137
735 0.842809364548
736 0.849498327759
737 0.854515050167
738 0.861204013378
739 0.867056856187
740 0.869147157191
741 0.874163879599
742 0.877926421405
743 0.884615384615
744 0.888377926421
745 0.89381270903
746 0.900919732441
747 0.905518394649
748 0.913461538462
749 0.920568561873
750 0.926839464883
751 0.932692307692
752 0.941471571906
753 0.946488294314
754 0.952341137124
755 0.957775919732
756 0.963210702341
757 0.96864548495
758 0.973662207358
759 0.980769230769
760 0.984949832776
761 0.989130434783
762 0.991638795987
763 0.995819397993
764 0.997909698997
765 0.998745819398
767 0.999581939799
768 1.0
