0 0
1 23
2 24
3 21
4 32
5 25
6 24
7 35
8 8
9 36
10 0
10 0
11 33
12 24
13 13
14 42
15 15
16 16
17 17
18 54
19 19
20 20
21 0
24 0
25 50
26 26
27 27
28 0
28 0
29 87
30 30
31 0
32 0
33 33
34 0
35 0
36 72
37 37
38 0
38 0
39 39
40 0
45 0
46 46
47 0
48 0
49 98
50 0
51 0
52 52
53 0
54 0
55 55
56 56
57 0
57 0
58 58
59 59
60 0
64 0
65 65
66 0
69 0
70 70
71 0
71 0
72 72
73 0
75 0
76 76
77 77
78 0
79 0
80 80
81 81
82 0
83 0
84 84
85 0
95 0
96 96
97 0
104 0
105 105
106 0
107 0
108 108
109 0
116 0
117 117
118 0
119 0
120 120
121 0
127 0
128 128
129 0
129 0
130 130
131 0
145 0
146 146
147 0
168 0
169 169
170 0
172 0
173 173
174 0
186 0
187 374
188 0
199 0
200 89312
