0 0
1 0.0167270547852
2 0.0515705451276
3 0.0900373225815
4 0.123981801836
5 0.154766120903
6 0.184978342006
7 0.213801182336
8 0.240880486011
9 0.267060778598
10 0.291361320729
11 0.316233960825
12 0.341842155447
13 0.363527392595
14 0.383414607568
15 0.403901163266
16 0.422453482987
17 0.440515433024
18 0.457950799575
19 0.475140981284
20 0.492957746479
21 0.508513362574
22 0.524613833874
23 0.540196692729
24 0.554444656333
25 0.569264717901
26 0.582014329692
27 0.594246329038
28 0.60596071594
29 0.618737570491
30 0.630860598796
31 0.641594246329
32 0.653771760155
33 0.664151251805
34 0.674067616531
35 0.683793281935
36 0.693900345983
37 0.701528318849
38 0.710654643528
39 0.718800228839
40 0.727626883156
41 0.735963167788
42 0.743645626175
43 0.751001171439
44 0.758601901545
45 0.765821233007
46 0.772822622388
47 0.779061214482
48 0.785544991419
49 0.791865311793
50 0.798076661127
51 0.803906611818
52 0.809518620427
53 0.815239600076
54 0.821069550767
55 0.825918762089
56 0.831040401013
57 0.835835126815
58 0.840766066418
59 0.845506306699
60 0.850028604898
61 0.854169504454
62 0.858555588852
63 0.862750973929
64 0.86637426104
65 0.870324461274
66 0.873593592503
67 0.87678099545
68 0.880022883919
69 0.883564442749
70 0.887187729861
71 0.890238919007
72 0.893181137113
73 0.896150597979
74 0.898384504318
75 0.901599150026
76 0.90435066881
77 0.906339390307
78 0.908845724249
79 0.911570000272
80 0.914103576974
81 0.916174026752
82 0.918326204811
83 0.920260440788
84 0.922031220203
85 0.924156155502
86 0.926117634239
87 0.927507015011
88 0.928869153023
89 0.930612689678
90 0.931947584929
91 0.933527665023
92 0.935080502356
93 0.93663333969
94 0.938322390825
95 0.939384858474
96 0.940937695807
97 0.942163620018
98 0.943389544229
99 0.944833410521
100 0.945923120931
101 0.947394229983
102 0.948511183153
103 0.949628136323
104 0.950881303294
105 0.952025499224
106 0.952870024791
107 0.953714550358
108 0.954395619364
109 0.955512572534
110 0.956357098101
111 0.957256109189
112 0.958291334078
113 0.959108616885
114 0.960089356254
115 0.961070095622
116 0.961887378429
117 0.962541204675
118 0.963331244722
119 0.964094042008
120 0.964829596535
121 0.965510665541
122 0.966191734547
123 0.966927289073
124 0.967662843599
125 0.968425640886
126 0.969242923693
127 0.969651565097
128 0.970250905822
129 0.970686789986
130 0.971122674149
131 0.971558558313
132 0.97229411284
133 0.972757239764
134 0.973165881167
135 0.973710736372
136 0.974310077097
137 0.97469147574
138 0.974963903343
139 0.975590486828
140 0.97583567167
141 0.976380526875
142 0.976652954477
143 0.977088838641
144 0.977524722805
145 0.978015092489
146 0.978587190454
147 0.978859618057
148 0.97921377394
149 0.979567929823
150 0.979894842945
151 0.980330727109
152 0.980684882992
153 0.981066281636
154 0.981311466478
155 0.98155665132
156 0.981801836162
157 0.981992535484
158 0.982292205846
159 0.982510147928
160 0.982973274852
161 0.983272945215
162 0.983572615577
163 0.983954014221
164 0.984226441823
165 0.984689568747
166 0.984880268069
167 0.985098210151
168 0.985425123273
169 0.985534094314
170 0.985752036396
171 0.985942735718
172 0.986324134361
173 0.986487590923
174 0.986596561964
175 0.986841746806
176 0.986950717847
177 0.987195902689
178 0.987441087531
179 0.987604544092
180 0.987822486174
181 0.988094913777
182 0.98844906966
183 0.98853079794
184 0.988667011742
185 0.988803225543
186 0.988912196584
187 0.988966682104
188 0.989184624186
189 0.989402566268
190 0.98959326559
191 0.989783964911
192 0.989947421473
193 0.990083635274
194 0.990274334596
195 0.990519519438
196 0.990655733239
197 0.9908191898
198 0.990955403601
199 0.991146102923
200 0.991336802245
201 0.991445773286
202 0.991581987087
203 0.991827171929
204 0.99188165745
205 0.992017871251
206 0.992126842292
207 0.992263056093
208 0.992344784374
209 0.992508240935
210 0.992562726455
211 0.992617211976
212 0.992780668537
213 0.992916882339
214 0.99305309614
215 0.9930803389
216 0.99310758166
217 0.993162067181
218 0.993325523742
219 0.993352766502
220 0.993434494783
221 0.993543465824
222 0.993679679625
223 0.993761407906
224 0.993815893426
225 0.993952107228
226 0.994061078268
227 0.994115563789
228 0.994170049309
229 0.99425177759
230 0.994333505871
231 0.994442476912
232 0.994469719672
233 0.994578690713
234 0.994660418994
235 0.994742147274
236 0.994878361076
237 0.994905603836
238 0.994932846596
239 0.994987332116
240 0.995123545918
241 0.995205274198
242 0.995287002479
243 0.995341488
247 0.99536873076
248 0.995450459041
249 0.995477701801
250 0.995586672842
251 0.995613915602
252 0.995641158362
253 0.995722886643
254 0.995750129403
255 0.995804614924
256 0.995995314245
257 0.996077042526
258 0.996158770807
259 0.996240499087
260 0.996322227368
261 0.996349470128
262 0.996403955649
263 0.996431198409
264 0.99654016945
266 0.99656741221
267 0.996621897731
268 0.996703626011
269 0.996758111532
271 0.996812597052
272 0.996867082573
273 0.996921568093
276 0.996976053614
277 0.997030539134
278 0.997057781894
279 0.997085024655
280 0.997139510175
281 0.997193995696
283 0.997221238456
284 0.997248481216
286 0.997302966737
287 0.997330209497
288 0.997357452257
289 0.997384695017
290 0.997411937778
291 0.997439180538
295 0.997466423298
297 0.997548151579
298 0.997575394339
300 0.997602637099
302 0.997629879859
303 0.99765712262
305 0.99768436538
306 0.997766093661
307 0.997820579181
309 0.997902307462
310 0.997929550222
311 0.997956792982
315 0.997984035743
316 0.998038521263
320 0.998065764023
321 0.998120249544
322 0.998147492304
323 0.998174735064
324 0.998229220585
326 0.998256463345
327 0.998310948865
329 0.998338191626
330 0.998365434386
331 0.998392677146
332 0.998474405427
334 0.998501648187
335 0.998528890947
336 0.998556133707
337 0.998610619228
342 0.998637861988
343 0.998665104748
347 0.998692347509
348 0.998719590269
354 0.998746833029
361 0.998774075789
362 0.99880131855
364 0.99885580407
368 0.99888304683
370 0.998910289591
371 0.998937532351
372 0.998992017871
373 0.999019260631
374 0.999046503392
378 0.999073746152
379 0.999100988912
384 0.999128231672
386 0.999155474433
388 0.999182717193
389 0.999237202713
391 0.999264445474
392 0.999291688234
393 0.999318930994
396 0.999373416515
410 0.999400659275
414 0.999427902035
416 0.999455144795
431 0.999482387556
435 0.999509630316
437 0.999536873076
446 0.999564115836
448 0.999591358596
455 0.999618601357
456 0.999645844117
465 0.999673086877
467 0.999700329637
470 0.999727572398
478 0.999754815158
526 0.999782057918
539 0.999809300678
571 0.999836543439
595 0.999863786199
606 0.999891028959
608 0.999918271719
666 0.99994551448
733 0.99997275724
845 1.0
