0 0
1 0.0620633228908
2 0.138014188978
3 0.204491382187
4 0.265165950758
5 0.320307033126
6 0.37019453326
7 0.416604764827
8 0.4595592589
9 0.497507778101
10 0.532463477915
11 0.565459849928
12 0.595560292392
13 0.624045904251
14 0.649915490532
15 0.673728859176
16 0.695722852006
17 0.716005124396
18 0.735113953213
19 0.752607951426
20 0.768207215063
21 0.783408153818
22 0.798103112317
23 0.811118646987
24 0.823617435864
25 0.835201154066
26 0.846429609534
27 0.856312372832
28 0.865161644543
29 0.873634122447
30 0.881363778273
31 0.888469032932
32 0.895746536188
33 0.901506098677
34 0.907620923898
35 0.912906802743
36 0.917643639182
37 0.922531193145
38 0.927138843135
39 0.931100560884
40 0.934707015901
41 0.938367298604
42 0.941779973947
43 0.9445036549
44 0.947291929077
45 0.950209389702
46 0.952588573459
47 0.954892398454
48 0.957217754524
49 0.959446220758
50 0.961470141782
51 0.963074206849
52 0.964915113738
53 0.966486882193
54 0.967897167587
55 0.969339749594
56 0.970642379614
57 0.972031133934
58 0.973172280894
59 0.974345724467
60 0.97527156068
61 0.97620816243
62 0.977220122942
63 0.978102897006
64 0.979061029831
65 0.980040693731
66 0.980772750272
67 0.981601696649
68 0.982279925502
69 0.982968919894
70 0.983582555523
71 0.984110066854
72 0.984755999096
73 0.985337338113
74 0.985940208205
75 0.986543078298
76 0.987156713927
77 0.987694990795
78 0.988211736589
79 0.988653123621
80 0.989191400489
81 0.989568194296
82 0.989858863805
83 0.990128002239
84 0.990601685883
85 0.990903120929
86 0.9912691492
87 0.991645943007
88 0.991968909128
89 0.992270344174
90 0.992593310295
91 0.992797855505
92 0.99298086964
93 0.993228476999
94 0.993465318821
95 0.993691395106
96 0.993895940316
97 0.994025126764
98 0.994283499661
99 0.994455748259
100 0.994671059006
101 0.994843307604
102 0.995047852814
103 0.995187804799
104 0.995284694636
105 0.995424646621
106 0.995543067532
107 0.99571531613
108 0.99587679919
109 0.995952157952
110 0.996092109938
111 0.996296655148
112 0.996447372671
113 0.996565793582
114 0.996641152343
115 0.996727276642
116 0.996781104329
117 0.99689952524
118 0.996964118464
119 0.996996415076
120 0.997125601524
121 0.997190194749
122 0.997233256898
123 0.997340912272
124 0.997502395332
125 0.99763158178
126 0.997728471617
127 0.997739237154
128 0.997793064841
129 0.99787918914
130 0.997986844513
131 0.9980406722
132 0.998116030962
133 0.998159093111
134 0.998234451873
135 0.998288279559
136 0.998352872784
137 0.998374403858
138 0.99840670047
139 0.998460528157
140 0.998546652456
141 0.998589714606
142 0.998686604442
143 0.998718901054
144 0.998729666591
145 0.998740432129
146 0.998772728741
147 0.998805025353
148 0.99881579089
149 0.998880384114
150 0.998912680726
151 0.998955742876
152 0.9990203361
153 0.999052632712
154 0.99906339825
155 0.999084929324
156 0.999127991474
157 0.999138757011
158 0.999181819161
159 0.999214115773
160 0.99922488131
161 0.999235646847
162 0.999257177922
164 0.999267943459
165 0.999300240071
166 0.999321771146
167 0.999343302221
168 0.999354067758
169 0.999375598833
170 0.999418660982
171 0.99942942652
172 0.999461723132
176 0.999472488669
178 0.999515550819
179 0.999526316356
180 0.999547847431
182 0.999558612968
184 0.999580144043
186 0.999612440655
187 0.99963397173
188 0.999655502804
189 0.999687799417
190 0.999698564954
193 0.999709330491
196 0.999730861566
197 0.999741627103
207 0.999752392641
214 0.999773923715
216 0.999784689253
222 0.99979545479
223 0.999806220327
225 0.999816985865
229 0.999827751402
238 0.99983851694
239 0.999849282477
243 0.999860048014
244 0.999870813552
247 0.999881579089
255 0.999892344626
276 0.999903110164
284 0.999913875701
296 0.999924641238
297 0.999935406776
304 0.999956937851
317 0.999967703388
321 0.999978468925
322 0.999989234463
386 1.0
