0 0
1 0.000244992956453
2 0.000918723586697
3 0.00391988730324
4 0.00986096649721
5 0.0203956636247
6 0.0347889998163
7 0.0502848043119
8 0.063881913395
9 0.0755803270656
10 0.0851350523672
11 0.0925460892999
12 0.0997121332762
13 0.107919397317
14 0.115452930728
15 0.122373981748
16 0.130030011637
17 0.139094751026
18 0.147547008024
19 0.157224229803
20 0.165860231518
21 0.175108715624
22 0.182213511362
23 0.191645740185
24 0.198444294727
25 0.206345317572
26 0.21338886507
27 0.220493660807
28 0.227659704783
29 0.234580755803
30 0.241930544497
31 0.249402829669
32 0.256691370123
33 0.264653641208
34 0.271084706315
35 0.278924480921
36 0.285661787224
37 0.292950327678
38 0.298523917437
39 0.304403748392
40 0.310161082869
41 0.31628590678
42 0.323023213083
43 0.329883015863
44 0.33564035034
45 0.341520181295
46 0.348379984075
47 0.354443559748
48 0.359649660072
49 0.365406994549
50 0.370551846634
51 0.376799167024
52 0.382189012066
53 0.387272615912
54 0.393703681019
55 0.399767256691
56 0.405340846451
57 0.41091443621
58 0.415875543578
59 0.421510381577
60 0.426655233662
61 0.431983830465
62 0.435536228333
63 0.440252342745
64 0.445397194831
65 0.45029705396
66 0.454645678937
67 0.459055552153
68 0.463710418325
69 0.467997795063
70 0.472530164758
71 0.476695045017
72 0.481288662951
73 0.485698536167
74 0.489557175231
75 0.493477062534
76 0.496906963925
77 0.501071844184
78 0.505481717401
79 0.510197831812
80 0.514301463833
81 0.518527592332
82 0.522631224352
83 0.525754884547
84 0.529736020089
85 0.53383965211
86 0.537208305261
87 0.54076070313
88 0.544129356281
89 0.548110491823
90 0.551417896735
91 0.555154039321
92 0.558522692473
93 0.562075090341
94 0.565076254058
95 0.569241134317
96 0.572181049795
97 0.576529674772
98 0.580265817358
99 0.583450725792
100 0.586574385986
101 0.589636797942
102 0.593189195811
103 0.596312856005
104 0.599007778526
105 0.602560176395
106 0.605316347155
107 0.607950021437
108 0.610338702762
109 0.613217370001
110 0.616769767869
111 0.619097200955
112 0.621914619955
113 0.624425797758
114 0.628039443866
115 0.631285600539
116 0.634286764256
117 0.637165431494
118 0.639982850493
119 0.642555276536
120 0.645433943774
121 0.648128866295
122 0.651007533533
123 0.653457463098
124 0.656397378575
125 0.658786059901
126 0.66092974827
127 0.663992160225
128 0.666197096833
129 0.669259508789
130 0.672015679549
131 0.674649353831
132 0.676915538678
133 0.679855454156
134 0.682611624916
135 0.685184050959
136 0.687327739327
137 0.689716420653
138 0.692350094935
139 0.694983769217
140 0.697923684694
141 0.700434862498
142 0.702394806149
143 0.704232253323
144 0.706865927605
145 0.70925460893
146 0.711949531451
147 0.713970723342
148 0.71617565995
149 0.718625589514
150 0.720463036688
151 0.723280455687
152 0.725056654621
153 0.727261591229
154 0.729099038403
155 0.730752740859
156 0.732835180989
157 0.73553010351
158 0.737673791878
159 0.739388742574
160 0.74171617566
161 0.743676119312
162 0.745819807681
163 0.747657254854
164 0.749494702027
165 0.751087156244
166 0.753537085809
167 0.755680774178
168 0.757334476634
169 0.758865682612
170 0.760274392111
171 0.761499356893
172 0.763765541741
173 0.765970478349
174 0.767562932566
175 0.769032890304
176 0.770870337478
177 0.772524039934
178 0.773993997673
179 0.776076437802
180 0.778158877932
181 0.779567587432
182 0.781221289888
183 0.7831199853
184 0.784099957126
185 0.786059900778
186 0.787162369082
187 0.788571078581
188 0.789796043364
189 0.791388497581
190 0.793225944754
191 0.794940895449
192 0.796349604949
193 0.797697066209
194 0.798799534513
195 0.799963251057
196 0.801004471121
197 0.802596925338
198 0.804066883077
199 0.805843082011
200 0.807129295033
201 0.808354259815
202 0.809640472836
203 0.810865437619
204 0.812090402401
205 0.813866601335
206 0.815520303791
207 0.816867765052
208 0.817970233356
209 0.819256446377
210 0.820971397072
211 0.82182887242
212 0.823115085441
213 0.82391131255
214 0.825320022049
215 0.827096220984
216 0.828259937527
217 0.829729895266
218 0.83077111533
219 0.831873583634
220 0.833527286091
221 0.834691002634
222 0.836099712133
223 0.837569669872
224 0.838978379372
225 0.839897102958
226 0.840877074784
227 0.841795798371
228 0.842775770197
229 0.843816990262
230 0.844551969131
231 0.845531940957
232 0.846634409261
233 0.847491884608
234 0.848594352912
235 0.84945182826
236 0.850554296564
237 0.852146750781
238 0.853065474368
239 0.853739204998
240 0.854596680345
241 0.85563790041
242 0.857169106388
243 0.857536595823
244 0.858577815888
245 0.859680284192
246 0.860660256018
247 0.861701476083
248 0.862681447908
249 0.864151405647
250 0.865131377473
251 0.866417590494
252 0.867213817603
253 0.868132541189
254 0.869602498928
255 0.870643718993
256 0.871072456667
257 0.871929932014
258 0.872787407362
259 0.873951123905
260 0.874747351014
261 0.875604826361
262 0.876462301709
263 0.877197280578
264 0.878054755926
265 0.878605990078
266 0.879279720708
267 0.880137196056
268 0.880749678447
269 0.881852146751
270 0.882464629142
271 0.883199608011
272 0.883812090402
273 0.884792062228
274 0.885710785815
275 0.886384516445
276 0.886935750597
277 0.887976970662
278 0.888956942488
279 0.889753169596
280 0.890549396705
281 0.891100630857
282 0.891835609726
283 0.892509340356
284 0.893489312182
285 0.894101794573
286 0.895204262877
287 0.895755497029
288 0.89642922766
289 0.897164206529
290 0.897899185398
291 0.898940405463
292 0.89985912905
293 0.900777852637
294 0.901451583267
295 0.902186562136
296 0.902737796288
297 0.903595271636
298 0.904085257549
299 0.904758988179
300 0.904942732896
301 0.905616463527
302 0.906228945918
303 0.906902676548
304 0.907331414222
305 0.907882648374
306 0.90812764133
307 0.908372634287
308 0.908985116678
309 0.909413854352
310 0.910271329699
311 0.911006308569
312 0.911373798003
313 0.911986280394
314 0.912476266307
315 0.913027500459
316 0.913578734611
317 0.914252465242
318 0.914742451155
319 0.915293685307
320 0.915599926502
321 0.916151160654
322 0.916702394806
323 0.917069884241
324 0.917743614871
325 0.918294849023
326 0.918417345501
327 0.918907331414
328 0.919581062044
329 0.920254792675
330 0.920683530349
331 0.921418509218
332 0.921908495131
333 0.922337232805
334 0.922582225761
335 0.923072211674
336 0.923623445826
337 0.9240521835
338 0.924542169413
339 0.924848410608
340 0.925522141238
341 0.925950878912
342 0.926195871869
343 0.926563361303
344 0.927237091934
345 0.927665829607
346 0.927849574325
347 0.928278311999
348 0.928645801433
349 0.929074539107
350 0.929380780303
351 0.929932014455
352 0.930422000367
353 0.930789489802
354 0.93097323452
355 0.931463220432
356 0.932198199302
357 0.932443192258
358 0.93299442641
359 0.933361915845
360 0.93372940528
361 0.934035646475
362 0.934525632388
363 0.934893121823
364 0.935260611257
365 0.935873093649
366 0.936118086605
367 0.936546824279
368 0.936853065474
369 0.937281803148
370 0.937588044344
371 0.9378330373
372 0.938200526735
373 0.938690512648
374 0.938813009126
375 0.939302995039
376 0.939547987995
377 0.93991547743
378 0.940405463343
379 0.940834201017
380 0.941079193973
381 0.94132418693
382 0.941507931647
383 0.942120414038
384 0.942181662277
385 0.942549151712
386 0.943039137625
387 0.943222882342
388 0.943529123538
389 0.943651620016
390 0.944019109451
391 0.944386598885
392 0.944631591842
393 0.944937833037
394 0.945244074233
395 0.945366570711
396 0.945734060146
397 0.94616279782
398 0.946346542537
399 0.946591535493
400 0.947020273167
401 0.947081521406
402 0.947204017884
403 0.947326514363
404 0.947632755558
405 0.948061493232
406 0.948367734428
407 0.948735223862
408 0.948796472101
409 0.948980216819
410 0.949225209775
411 0.949408954493
412 0.94959269921
413 0.950082685123
414 0.95026642984
415 0.950572671036
416 0.95094016047
417 0.951307649905
418 0.951491394622
419 0.951858884057
421 0.952103877014
422 0.952287621731
423 0.952532614687
424 0.952655111166
425 0.952838855883
427 0.953328841796
428 0.953512586513
429 0.953818827709
430 0.953880075948
431 0.954247565382
432 0.954492558339
433 0.954798799535
434 0.955166288969
435 0.955227537208
436 0.955472530165
437 0.955595026643
438 0.955717523121
439 0.955901267839
440 0.956146260795
441 0.956391253751
442 0.956697494947
443 0.957064984382
444 0.95718748086
445 0.957309977338
446 0.957554970295
447 0.957738715012
448 0.957983707968
449 0.958473693881
450 0.95853494212
451 0.958779935077
452 0.959208672751
453 0.95926992099
454 0.959514913946
455 0.959637410424
456 0.959821155142
457 0.960066148098
458 0.960372389294
459 0.96061738225
460 0.960862375207
461 0.961168616402
463 0.961291112881
464 0.961413609359
465 0.961597354076
466 0.961903595272
467 0.962087339989
468 0.962209836467
469 0.962516077663
470 0.962638574141
471 0.962944815337
472 0.963067311815
473 0.963251056532
474 0.963312304771
475 0.963496049489
476 0.963618545967
477 0.963741042445
478 0.963924787162
479 0.963986035401
480 0.96410853188
481 0.964292276597
482 0.964353524836
483 0.964476021314
484 0.964659766032
485 0.964721014271
486 0.96478226251
487 0.964843510749
488 0.965027255466
489 0.965149751945
490 0.965272248423
491 0.965639737858
492 0.965884730814
493 0.96612972377
494 0.96619097201
495 0.966313468488
497 0.966558461444
498 0.966680957922
499 0.96686470264
500 0.967048447357
501 0.967109695596
502 0.967232192074
503 0.967354688553
504 0.967599681509
505 0.967722177987
506 0.967783426226
507 0.968028419183
508 0.968150915661
509 0.968273412139
510 0.968640901574
511 0.968824646291
512 0.968885894531
514 0.96894714277
515 0.969008391009
516 0.969130887487
518 0.969253383965
519 0.969314632204
520 0.969498376922
521 0.969682121639
522 0.969865866356
523 0.969927114595
524 0.969988362835
525 0.970110859313
526 0.97029460403
527 0.970478348747
529 0.970662093465
530 0.970723341704
531 0.970784589943
532 0.970845838182
533 0.971029582899
534 0.971090831139
535 0.971213327617
536 0.971335824095
537 0.971642065291
538 0.971887058247
539 0.971948306486
540 0.972070802964
541 0.972254547682
543 0.972315795921
544 0.972499540638
545 0.972683285356
546 0.972928278312
547 0.97305077479
548 0.973173271268
551 0.973295767747
552 0.973357015986
553 0.973418264225
554 0.973540760703
555 0.97378575366
556 0.973847001899
558 0.974091994855
559 0.974275739572
560 0.974398236051
561 0.974581980768
562 0.974704477246
563 0.974826973725
564 0.974949470203
566 0.975071966681
567 0.975255711398
568 0.975316959637
569 0.975439456116
570 0.975561952594
572 0.975623200833
574 0.975684449072
575 0.975745697311
577 0.97580694555
578 0.976051938507
579 0.976113186746
580 0.976174434985
582 0.976235683224
583 0.976480676181
585 0.976603172659
586 0.976909413854
587 0.976970662093
588 0.977031910333
589 0.977093158572
590 0.977154406811
591 0.977276903289
593 0.977460648006
594 0.977521896245
595 0.977705640963
596 0.977828137441
597 0.97788938568
600 0.977950633919
602 0.978011882158
603 0.978073130398
605 0.978134378637
606 0.978318123354
607 0.97856311631
608 0.97862436455
610 0.978808109267
611 0.978930605745
612 0.978991853984
613 0.979114350462
614 0.979175598702
615 0.97929809518
616 0.979359343419
617 0.979543088136
618 0.979665584614
621 0.979788081093
623 0.979849329332
624 0.979910577571
625 0.97997182581
626 0.980033074049
627 0.980216818766
628 0.980278067006
631 0.980339315245
635 0.980400563484
637 0.980461811723
639 0.980584308201
640 0.980706804679
641 0.980829301158
642 0.980890549397
643 0.980951797636
644 0.981013045875
645 0.981135542353
646 0.981196790592
648 0.98138053531
650 0.981441783549
651 0.981503031788
654 0.981625528266
657 0.981748024744
658 0.981870521223
659 0.981931769462
661 0.981993017701
662 0.98205426594
663 0.982176762418
665 0.982299258896
666 0.982360507135
668 0.982421755375
669 0.982483003614
671 0.982666748331
673 0.98272799657
674 0.982850493048
681 0.982911741287
682 0.982972989527
684 0.983034237766
685 0.983156734244
686 0.983217982483
687 0.9834017272
689 0.983462975439
690 0.983585471918
691 0.983769216635
696 0.983830464874
698 0.984014209591
699 0.984075457831
700 0.98413670607
704 0.984259202548
707 0.984320450787
709 0.984381699026
711 0.984442947265
712 0.984504195504
713 0.984565443743
714 0.984687940222
715 0.984749188461
716 0.9848104367
721 0.984871684939
724 0.984932933178
725 0.984994181417
728 0.985116677896
729 0.985300422613
730 0.985361670852
731 0.985422919091
732 0.98548416733
736 0.985545415569
737 0.985606663808
740 0.985729160287
741 0.985790408526
742 0.985851656765
743 0.985912905004
744 0.986035401482
745 0.986096649721
749 0.98615789796
755 0.9862191462
756 0.986341642678
757 0.986464139156
758 0.986525387395
759 0.986647883873
761 0.986709132112
762 0.986770380352
765 0.98689287683
767 0.986954125069
768 0.987015373308
769 0.987076621547
775 0.987199118025
778 0.987260366264
781 0.987321614504
782 0.987382862743
784 0.987444110982
785 0.987505359221
790 0.98756660746
793 0.987689103938
796 0.987811600416
797 0.987934096895
804 0.988117841612
806 0.988179089851
810 0.98824033809
812 0.988301586329
816 0.988362834569
817 0.988424082808
818 0.988607827525
819 0.988852820481
820 0.98897531696
821 0.989036565199
823 0.989097813438
827 0.989159061677
828 0.989281558155
836 0.989342806394
837 0.989404054633
842 0.989465302873
846 0.989526551112
848 0.989587799351
850 0.989710295829
856 0.989832792307
858 0.989894040546
878 0.990016537025
880 0.990077785264
881 0.990139033503
885 0.990200281742
887 0.990261529981
888 0.99032277822
894 0.990384026459
897 0.990445274698
899 0.990506522937
903 0.990567771177
904 0.990690267655
907 0.990751515894
909 0.990812764133
910 0.990874012372
911 0.990935260611
915 0.991057757089
918 0.991119005329
920 0.991180253568
923 0.991241501807
930 0.991302750046
934 0.991425246524
935 0.991486494763
936 0.991547743002
937 0.991608991242
939 0.991792735959
943 0.991853984198
946 0.991915232437
950 0.991976480676
951 0.992037728915
953 0.992098977154
954 0.992160225394
959 0.992221473633
961 0.992282721872
963 0.992343970111
970 0.992466466589
971 0.992527714828
975 0.992588963067
976 0.992650211306
978 0.992711459546
980 0.992772707785
981 0.992833956024
983 0.992895204263
989 0.992956452502
1001 0.993017700741
1006 0.99307894898
1008 0.993140197219
1010 0.993201445458
1011 0.993262693698
1015 0.993323941937
1024 0.993385190176
1027 0.993446438415
1032 0.993507686654
1033 0.993568934893
1035 0.993630183132
1037 0.993691431371
1041 0.99375267961
1046 0.99381392785
1047 0.993875176089
1050 0.993936424328
1052 0.993997672567
1059 0.994120169045
1062 0.994181417284
1064 0.994242665523
1070 0.99448765848
1071 0.994548906719
1076 0.994610154958
1077 0.994671403197
1080 0.994732651436
1082 0.994793899675
1093 0.994855147914
1095 0.994977644393
1126 0.995038892632
1130 0.995100140871
1134 0.99516138911
1139 0.995283885588
1167 0.995345133827
1168 0.995406382067
1185 0.995467630306
1187 0.995528878545
1189 0.995590126784
1205 0.995651375023
1207 0.995712623262
1211 0.995773871501
1224 0.99583511974
1233 0.995896367979
1240 0.995957616219
1246 0.996018864458
1250 0.996080112697
1260 0.996141360936
1271 0.996202609175
1272 0.996263857414
1301 0.996325105653
1309 0.996508850371
1321 0.99657009861
1327 0.996631346849
1332 0.996692595088
1336 0.996753843327
1356 0.996815091566
1373 0.996876339805
1399 0.996937588044
1400 0.996998836283
1415 0.997121332762
1425 0.997182581001
1444 0.99724382924
1447 0.997305077479
1449 0.997366325718
1461 0.997427573957
1469 0.997488822196
1477 0.997550070435
1492 0.997611318675
1512 0.997672566914
1530 0.997733815153
1535 0.997795063392
1585 0.997856311631
1601 0.99791755987
1606 0.997978808109
1618 0.998040056348
1628 0.998101304587
1637 0.998162552827
1640 0.998223801066
1641 0.998285049305
1654 0.998346297544
1667 0.998407545783
1683 0.998468794022
1722 0.998530042261
1756 0.9985912905
1760 0.99865253874
1802 0.998713786979
1827 0.998775035218
1841 0.998836283457
1866 0.998897531696
1877 0.998958779935
1952 0.999020028174
2035 0.999081276413
2068 0.999142524652
2182 0.999203772892
2226 0.999265021131
2257 0.99932626937
2409 0.999387517609
2537 0.999448765848
2626 0.999510014087
2712 0.999571262326
2763 0.999632510565
2858 0.999693758804
3058 0.999755007044
3313 0.999816255283
4391 0.999877503522
4618 0.999938751761
7970 1.0
