# Statistics for m=1, N=200, S=50000, all M
# k-definiteness count
1 4
2 11
3 49
4 97
5 172
6 235
7 253
8 222
9 191
10 156
11 121
12 117
13 134
14 123
15 113
16 125
17 148
18 138
19 158
20 141
21 151
22 116
23 154
24 111
25 129
26 115
27 116
28 117
29 113
30 120
31 122
32 119
33 130
34 105
35 128
36 110
37 119
38 91
39 96
40 94
41 100
42 110
43 112
44 94
45 96
46 112
47 99
48 85
49 94
50 84
51 102
52 88
53 83
54 105
55 99
56 91
57 91
58 81
59 92
60 84
61 87
62 58
63 77
64 84
65 80
66 71
67 72
68 76
69 70
70 74
71 68
72 75
73 72
74 63
75 64
76 56
77 68
78 72
79 77
80 67
81 69
82 67
83 51
84 65
85 67
86 55
87 58
88 55
89 65
90 54
91 61
92 55
93 58
94 49
95 68
96 48
97 71
98 61
99 52
100 51
101 50
102 58
103 51
104 44
105 58
106 45
107 43
108 39
109 47
110 58
111 38
112 46
113 41
114 59
115 53
116 49
117 47
118 46
119 42
120 47
121 44
122 47
123 40
124 48
125 39
126 35
127 50
128 36
129 50
130 45
131 43
132 37
133 48
134 45
135 42
136 35
137 39
138 43
139 43
140 48
141 41
142 32
143 30
144 43
145 39
146 44
147 33
148 36
149 40
150 30
151 46
152 29
153 36
154 30
155 27
156 34
157 44
158 35
159 28
160 38
161 32
162 35
163 30
164 30
165 26
166 40
167 35
168 27
169 25
170 23
171 20
172 37
173 36
174 26
175 24
176 30
177 27
178 24
179 34
180 34
181 23
182 27
183 31
184 16
185 32
186 18
187 23
188 20
189 26
190 30
191 28
192 23
193 22
194 18
195 19
196 17
197 26
198 24
199 29
200 21
201 20
202 21
203 20
204 20
205 29
206 27
207 22
208 18
209 21
210 28
211 14
212 21
213 13
214 23
215 29
216 19
217 24
218 17
219 18
220 27
221 19
222 23
223 24
224 23
225 15
226 16
227 15
228 16
229 17
230 12
231 16
232 18
233 14
234 18
235 14
236 18
237 26
238 15
239 11
240 14
241 17
242 25
243 6
244 17
245 18
246 16
247 17
248 16
249 24
250 16
251 21
252 13
253 15
254 24
255 17
256 7
257 14
258 14
259 19
260 13
261 14
262 14
263 12
264 14
265 9
266 11
267 14
268 10
269 18
270 10
271 12
272 10
273 16
274 15
275 11
276 9
277 17
278 16
279 13
280 13
281 9
282 12
283 11
284 16
285 10
286 18
287 9
288 11
289 12
290 12
291 17
292 15
293 15
294 11
295 12
296 9
297 14
298 8
299 11
300 3
301 11
302 10
303 11
304 7
305 9
306 4
307 4
308 10
309 7
310 14
311 12
312 6
313 10
314 8
315 9
316 9
317 11
318 8
319 9
320 5
321 9
322 9
323 6
324 11
325 9
326 2
327 8
328 11
329 11
330 7
331 12
332 8
333 7
334 4
335 8
336 9
337 7
338 8
339 5
340 11
341 7
342 4
343 6
344 11
345 7
346 3
347 7
348 6
349 7
350 5
351 9
352 8
353 6
354 3
355 8
356 12
357 4
358 9
359 6
360 6
361 5
362 8
363 6
364 6
365 10
366 4
367 7
368 5
369 7
370 5
371 4
372 6
373 8
374 2
375 8
376 4
377 6
378 8
379 7
380 4
381 4
382 3
383 10
384 1
385 6
386 8
387 3
388 5
389 2
390 6
391 6
392 4
393 5
394 5
395 2
396 6
397 7
398 3
399 4
400 7
401 1
402 2
403 2
404 5
405 7
406 5
407 6
408 1
409 3
410 4
411 3
412 3
413 8
414 3
415 5
416 6
417 6
418 3
419 6
421 4
422 3
423 4
424 2
425 3
427 8
428 3
429 5
430 1
431 6
432 4
433 5
434 6
435 1
436 4
437 2
438 2
439 3
440 4
441 4
442 5
443 6
444 2
445 2
446 4
447 3
448 4
449 8
450 1
451 4
452 7
453 1
454 4
455 2
456 3
457 4
458 5
459 4
460 4
461 5
463 2
464 2
465 3
466 5
467 3
468 2
469 5
470 2
471 5
472 2
473 3
474 1
475 3
476 2
477 2
478 3
479 1
480 2
481 3
482 1
483 2
484 3
485 1
486 1
487 1
488 3
489 2
490 2
491 6
492 4
493 4
494 1
495 2
497 4
498 2
499 3
500 3
501 1
502 2
503 2
504 4
505 2
506 1
507 4
508 2
509 2
510 6
511 3
512 1
514 1
515 1
516 2
518 2
519 1
520 3
521 3
522 3
523 1
524 1
525 2
526 3
527 3
529 3
530 1
531 1
532 1
533 3
534 1
535 2
536 2
537 5
538 4
539 1
540 2
541 3
543 1
544 3
545 3
546 4
547 2
548 2
551 2
552 1
553 1
554 2
555 4
556 1
558 4
559 3
560 2
561 3
562 2
563 2
564 2
566 2
567 3
568 1
569 2
570 2
572 1
574 1
575 1
577 1
578 4
579 1
580 1
582 1
583 4
585 2
586 5
587 1
588 1
589 1
590 1
591 2
593 3
594 1
595 3
596 2
597 1
600 1
602 1
603 1
605 1
606 3
607 4
608 1
610 3
611 2
612 1
613 2
614 1
615 2
616 1
617 3
618 2
621 2
623 1
624 1
625 1
626 1
627 3
628 1
631 1
635 1
637 1
639 2
640 2
641 2
642 1
643 1
644 1
645 2
646 1
648 3
650 1
651 1
654 2
657 2
658 2
659 1
661 1
662 1
663 2
665 2
666 1
668 1
669 1
671 3
673 1
674 2
681 1
682 1
684 1
685 2
686 1
687 3
689 1
690 2
691 3
696 1
698 3
699 1
700 1
704 2
707 1
709 1
711 1
712 1
713 1
714 2
715 1
716 1
721 1
724 1
725 1
728 2
729 3
730 1
731 1
732 1
736 1
737 1
740 2
741 1
742 1
743 1
744 2
745 1
749 1
755 1
756 2
757 2
758 1
759 2
761 1
762 1
765 2
767 1
768 1
769 1
775 2
778 1
781 1
782 1
784 1
785 1
790 1
793 2
796 2
797 2
804 3
806 1
810 1
812 1
816 1
817 1
818 3
819 4
820 2
821 1
823 1
827 1
828 2
836 1
837 1
842 1
846 1
848 1
850 2
856 2
858 1
878 2
880 1
881 1
885 1
887 1
888 1
894 1
897 1
899 1
903 1
904 2
907 1
909 1
910 1
911 1
915 2
918 1
920 1
923 1
930 1
934 2
935 1
936 1
937 1
939 3
943 1
946 1
950 1
951 1
953 1
954 1
959 1
961 1
963 1
970 2
971 1
975 1
976 1
978 1
980 1
981 1
983 1
989 1
1001 1
1006 1
1008 1
1010 1
1011 1
1015 1
1024 1
1027 1
1032 1
1033 1
1035 1
1037 1
1041 1
1046 1
1047 1
1050 1
1052 1
1059 2
1062 1
1064 1
1070 4
1071 1
1076 1
1077 1
1080 1
1082 1
1093 1
1095 2
1126 1
1130 1
1134 1
1139 2
1167 1
1168 1
1185 1
1187 1
1189 1
1205 1
1207 1
1211 1
1224 1
1233 1
1240 1
1246 1
1250 1
1260 1
1271 1
1272 1
1301 1
1309 3
1321 1
1327 1
1332 1
1336 1
1356 1
1373 1
1399 1
1400 1
1415 2
1425 1
1444 1
1447 1
1449 1
1461 1
1469 1
1477 1
1492 1
1512 1
1530 1
1535 1
1585 1
1601 1
1606 1
1618 1
1628 1
1637 1
1640 1
1641 1
1654 1
1667 1
1683 1
1722 1
1756 1
1760 1
1802 1
1827 1
1841 1
1866 1
1877 1
1952 1
2035 1
2068 1
2182 1
2226 1
2257 1
2409 1
2537 1
2626 1
2712 1
2763 1
2858 1
3058 1
3313 1
4391 1
4618 1
7970 1
