0 0
1 22
2 26
3 33
4 20
5 25
6 18
7 28
8 16
9 18
10 10
11 55
12 12
13 0
13 0
14 42
15 15
16 0
16 0
17 17
18 18
19 19
20 0
21 0
22 66
23 23
24 0
24 0
25 25
26 0
26 0
27 54
28 28
29 29
30 0
32 0
33 66
34 0
35 0
36 36
37 37
38 0
40 0
41 82
42 0
43 0
44 44
45 45
46 0
47 0
48 48
49 0
56 0
57 57
58 58
59 0
60 0
61 61
62 0
64 0
65 65
66 0
74 0
75 75
76 0
78 0
79 158
80 0
87 0
88 88
89 0
99 0
100 100
101 101
102 0
104 0
105 105
106 0
126 0
127 254
128 0
130 0
131 131
132 0
138 0
139 139
140 0
166 0
167 167
168 0
171 0
172 172
173 0
180 0
181 181
182 0
199 0
200 33818
