0 0
1 0.000599340725202
2 0.00130765249135
3 0.00220666357915
4 0.00275151878388
5 0.00343258778979
6 0.00392295747405
7 0.00468575476067
8 0.00512163892446
9 0.00561200860871
10 0.00588443621108
11 0.00738278802408
12 0.00770970114692
14 0.00885389707685
15 0.0092625384804
17 0.00972566540442
18 0.0102160350887
19 0.0107336475332
22 0.0125316697088
23 0.0131582531942
25 0.0138393222001
27 0.0153104312529
28 0.0160732285395
29 0.0168632685864
33 0.018661290762
36 0.0196420301305
37 0.0206500122592
41 0.0228839185986
44 0.024082600049
45 0.0253085242597
48 0.026616176751
57 0.0281690140845
58 0.0297490941782
61 0.0314109025526
65 0.033181681968
75 0.0352248889858
79 0.0395292451031
88 0.0419266080039
100 0.0446508840276
101 0.0474024028115
105 0.0502628926363
127 0.0571825537363
131 0.0607513553273
139 0.0645380990002
167 0.0690876399597
172 0.0737733947204
181 0.0787043343232
200 1.0
