200 0.0927910822564
201 0.10357077234
202 0.121883995835
203 0.142585900655
204 0.163900287867
205 0.182213511362
206 0.201200465487
207 0.214491333374
208 0.226740981197
209 0.237336926563
210 0.247442886017
211 0.258038831384
212 0.271023458076
213 0.286274269615
214 0.300300116372
215 0.314264714889
216 0.333190420775
217 0.350523672444
218 0.367550682918
219 0.388620077173
220 0.40815826545
221 0.434617504747
222 0.461627978196
223 0.489985912905
224 0.518772585288
225 0.552826606235
226 0.583634470509
227 0.616647271391
228 0.649966313468
229 0.679610461199
230 0.707417161757
231 0.732406443315
232 0.752802106939
233 0.773075274086
234 0.789979788081
235 0.806394316163
236 0.817786488638
237 0.828198689288
238 0.839590861763
239 0.848349359956
240 0.856740368714
241 0.862007717278
242 0.867275065842
243 0.870582470754
244 0.87431861334
245 0.88883444601
246 0.8922643474
247 0.892448092117
248 0.893734305139
255 0.893795553378
256 0.893856801617
258 0.894040546334
259 0.894285539291
260 0.895755497029
261 0.898205426594
262 0.900471611441
263 0.903534023397
264 0.906473938874
265 0.909903840265
266 0.911802535677
267 0.914129968763
268 0.916396153611
269 0.917376125436
270 0.919152324371
271 0.921541005696
272 0.923623445826
273 0.924358424695
274 0.925215900043
275 0.925460892999
276 0.925767134195
277 0.92607337539
278 0.926930850738
279 0.927910822564
280 0.928768297911
281 0.92956452502
282 0.930544496846
283 0.931830709867
284 0.933239419367
285 0.935260611257
286 0.937343051387
287 0.939302995039
288 0.94132418693
289 0.943222882342
290 0.944876584798
291 0.946591535493
292 0.947694003797
293 0.949286458014
294 0.950511422797
295 0.951430146383
296 0.952655111166
297 0.954186317143
298 0.955962516078
299 0.957248729099
300 0.959208672751
301 0.961842347033
302 0.964169780119
303 0.966619709683
304 0.96894714277
305 0.972315795921
306 0.974643229007
307 0.976725669137
308 0.978991853984
309 0.981993017701
310 0.983830464874
311 0.986525387395
312 0.989036565199
313 0.990935260611
314 0.992895204263
315 0.99448765848
316 0.995773871501
317 0.997060084523
318 0.997795063392
319 0.998407545783
320 0.998897531696
321 0.999081276413
322 0.999448765848
323 0.999816255283
324 0.999877503522
326 0.999938751761
327 1.0
