50 0.119983277592
51 0.176421404682
52 0.224498327759
53 0.272575250836
54 0.329849498328
55 0.382107023411
56 0.428929765886
57 0.477006688963
58 0.551839464883
59 0.608695652174
60 0.669314381271
61 0.727424749164
62 0.760451505017
63 0.78720735786
64 0.801421404682
65 0.802675585284
66 0.805602006689
67 0.806856187291
68 0.808528428094
69 0.82525083612
70 0.835702341137
71 0.841973244147
72 0.848244147157
73 0.853260869565
74 0.867892976589
75 0.877508361204
76 0.888377926421
77 0.908026755853
78 0.930602006689
79 0.946070234114
80 0.959866220736
81 0.973662207358
82 0.983277591973
83 0.989130434783
84 0.994565217391
85 0.997073578595
86 0.998327759197
87 0.999163879599
88 1.0
