0 0
1 0.770769412955
2 0.790308863267
3 0.796154550054
4 0.798286126452
5 0.799997846893
6 0.802915307518
7 0.80682319758
8 0.811075584838
9 0.816038497562
10 0.821604280378
11 0.826502599877
12 0.831573167975
13 0.836762156983
14 0.842769326831
15 0.849368601234
16 0.857754954839
17 0.86774537351
18 0.878597035171
19 0.891321900333
20 0.903476192014
21 0.916125698414
22 0.927913961825
23 0.938776389023
24 0.948346951738
25 0.956797898567
26 0.96458138208
27 0.970954580198
28 0.976057444907
29 0.980761984734
30 0.98498207538
31 0.988254798738
32 0.990946183079
33 0.992937807491
34 0.994638762394
35 0.996145937624
36 0.997222491361
37 0.99808373435
38 0.998805025353
39 0.999192584698
40 0.999494019744
41 0.999709330491
42 0.999849282477
43 0.999903110164
44 0.999946172313
45 0.999967703388
46 0.999978468925
47 0.999989234463
48 1.0
