# patLength mMax dMax mMedian dMedian mMean dMean mQ1 dQ1 mQ3 dQ3
0 0 0 0 0 0 0 0 0 0
1 0.006344 0.046613 0.000000 0.000000 0.000101 0.000009 0.000000 0.000000 0.000000 0.000000
2 0.255133 0.148898 0.014792 0.018711 0.026120 0.027579 0.000000 0.000000 0.032049 0.040541
3 0.313520 0.171062 0.019708 0.019473 0.029761 0.026375 0.000000 0.000000 0.041217 0.040468
4 0.373432 0.197944 0.021248 0.020061 0.031164 0.024015 0.000000 0.000000 0.044516 0.039132
5 0.367792 0.188899 0.024312 0.020890 0.033236 0.023075 0.000000 0.000000 0.049192 0.038443
6 0.367708 0.180036 0.027388 0.020489 0.035075 0.021851 0.000000 0.000000 0.052748 0.036612
7 0.388986 0.170546 0.029111 0.021632 0.036788 0.022166 0.000000 0.000000 0.054892 0.036512
8 0.407102 0.182684 0.031527 0.022480 0.039382 0.022781 0.000000 0.000000 0.058426 0.035382
9 0.391438 0.174999 0.029418 0.021190 0.036508 0.021590 0.000000 0.000000 0.053853 0.033485
10 0.401513 0.180524 0.031478 0.022307 0.039562 0.023412 0.000122 0.001652 0.057125 0.034697
11 0.409342 0.180937 0.031498 0.021598 0.039320 0.023413 0.000273 0.002157 0.057064 0.034426
12 0.393841 0.183487 0.030655 0.020580 0.038140 0.022193 0.000135 0.001695 0.054159 0.032555
13 0.405875 0.191518 0.031179 0.020865 0.040041 0.023348 0.000527 0.003391 0.056717 0.034141
14 0.391111 0.174812 0.032496 0.019581 0.042045 0.022912 0.000610 0.003620 0.059989 0.033191
15 0.394693 0.170132 0.030170 0.020622 0.041666 0.023802 0.000448 0.002793 0.059533 0.035407
16 0.403443 0.170721 0.030251 0.019630 0.041550 0.024563 0.001172 0.004731 0.059896 0.036838
17 0.411296 0.189248 0.029960 0.018406 0.042360 0.023185 0.001016 0.004427 0.060966 0.034500
18 0.410910 0.182947 0.031156 0.017493 0.045100 0.024287 0.001697 0.005475 0.066178 0.037002
19 0.403595 0.160590 0.032603 0.016116 0.046470 0.022427 0.002718 0.006919 0.067548 0.034816
20 0.393572 0.155363 0.030555 0.016587 0.045694 0.023227 0.002584 0.006642 0.067395 0.036253
21 0.383398 0.142038 0.030111 0.014835 0.044550 0.022234 0.003066 0.007452 0.066243 0.034127
22 0.422944 0.182679 0.028306 0.015141 0.042607 0.022289 0.002324 0.006468 0.063543 0.035062
23 0.411482 0.159483 0.027670 0.015285 0.044660 0.023481 0.003921 0.007752 0.066607 0.037650
24 0.417585 0.158648 0.028417 0.014297 0.048282 0.021692 0.003710 0.007789 0.072660 0.034610
25 0.411610 0.187872 0.026745 0.013655 0.043429 0.020841 0.003279 0.006909 0.065832 0.033418
26 0.402804 0.177142 0.025722 0.014239 0.043318 0.021892 0.003952 0.007754 0.064990 0.035396
27 0.400945 0.140458 0.027942 0.012195 0.045729 0.019391 0.005085 0.008625 0.068798 0.031671
28 0.391196 0.117353 0.025278 0.014395 0.044781 0.020540 0.005109 0.008568 0.068421 0.033256
29 0.387262 0.142084 0.024926 0.013212 0.045507 0.019034 0.005375 0.008336 0.070237 0.030677
30 0.384998 0.142515 0.025638 0.011594 0.043540 0.018569 0.005374 0.008319 0.066724 0.029893
31 0.357379 0.111515 0.023647 0.011275 0.042191 0.017425 0.004948 0.007841 0.064077 0.029144
32 0.377847 0.118671 0.025397 0.010785 0.043718 0.017881 0.004122 0.007637 0.066882 0.029882
33 0.400971 0.176249 0.025018 0.011959 0.044793 0.020649 0.006882 0.008730 0.068906 0.034539
34 0.384876 0.131009 0.025666 0.011485 0.046307 0.017837 0.007066 0.008799 0.071576 0.029542
35 0.392759 0.133765 0.025562 0.009875 0.044441 0.016771 0.007251 0.008662 0.069432 0.028476
36 0.408056 0.148737 0.023553 0.012240 0.043286 0.016635 0.005366 0.008123 0.067230 0.027907
37 0.406732 0.169777 0.022307 0.010674 0.041788 0.017477 0.004269 0.007314 0.064885 0.028985
38 0.414696 0.142594 0.026900 0.008602 0.047362 0.014158 0.009367 0.008334 0.073750 0.023754
39 0.399896 0.105301 0.022961 0.008675 0.042886 0.015291 0.006193 0.007975 0.067141 0.025189
40 0.353696 0.132827 0.022105 0.009093 0.040693 0.013753 0.005440 0.007682 0.062902 0.023406
41 0.372323 0.127998 0.020894 0.010035 0.038231 0.016476 0.005674 0.007508 0.059115 0.028051
42 0.435058 0.145026 0.023966 0.007656 0.044902 0.014120 0.007837 0.008044 0.069466 0.023837
43 0.381042 0.117219 0.022337 0.010433 0.043097 0.016597 0.007385 0.007901 0.067247 0.028030
44 0.398452 0.117700 0.023856 0.010388 0.041307 0.014810 0.007999 0.007629 0.064381 0.025925
45 0.397949 0.115895 0.017844 0.009754 0.034452 0.014344 0.004916 0.007054 0.053577 0.025580
46 0.434482 0.130761 0.018890 0.010948 0.037948 0.016568 0.005093 0.006848 0.057805 0.028710
47 0.423039 0.142779 0.017724 0.010455 0.037025 0.013878 0.004873 0.007040 0.058826 0.022902
48 0.402312 0.165910 0.018919 0.008765 0.039380 0.013222 0.008158 0.006946 0.060345 0.022440
49 0.434035 0.140360 0.024080 0.008538 0.043886 0.013472 0.008686 0.007275 0.068403 0.024408
50 0.412169 0.142977 0.020773 0.007602 0.036770 0.014196 0.005083 0.006843 0.056032 0.023758
51 0.373353 0.069333 0.023800 0.007180 0.040772 0.012828 0.010261 0.006559 0.062811 0.023548
52 0.388480 0.140165 0.021055 0.008546 0.036279 0.013750 0.006228 0.006933 0.056029 0.024392
53 0.409667 0.133202 0.019160 0.006160 0.037693 0.012406 0.006736 0.006767 0.059912 0.021586
54 0.501246 0.134550 0.021925 0.006658 0.044142 0.010156 0.006679 0.006788 0.067042 0.021452
55 0.386496 0.105528 0.016009 0.011296 0.033121 0.012460 0.005236 0.006678 0.049887 0.021873
56 0.403187 0.171948 0.018760 0.006059 0.038047 0.008436 0.005543 0.006177 0.057953 0.014638
57 0.412476 0.169381 0.023561 0.007207 0.042140 0.011872 0.008333 0.006537 0.065935 0.020957
58 0.492835 0.155290 0.017641 0.007886 0.035972 0.014352 0.004191 0.006298 0.053515 0.024694
59 0.434281 0.130636 0.018962 0.009835 0.040062 0.012869 0.009023 0.005864 0.061825 0.024137
60 0.439510 0.164788 0.020883 0.006193 0.041276 0.009193 0.009076 0.005641 0.066727 0.015357
61 0.421112 0.144526 0.021982 0.006123 0.034420 0.011589 0.007511 0.006143 0.049083 0.021952
62 0.451851 0.137572 0.017604 0.006158 0.035146 0.011429 0.004839 0.005732 0.052554 0.020759
63 0.481817 0.178021 0.017386 0.005579 0.034160 0.010384 0.005876 0.005916 0.050550 0.019003
64 0.454931 0.138063 0.017953 0.003370 0.041003 0.006618 0.011707 0.000709 0.063285 0.013536
65 0.409972 0.132494 0.017662 0.004137 0.039207 0.004216 0.005938 0.005942 0.061523 0.010358
66 0.417890 0.223113 0.020316 0.009786 0.035912 0.016569 0.009932 0.004477 0.058118 0.027107
67 0.454110 0.167003 0.018503 0.004756 0.035870 0.006778 0.007365 0.005532 0.052567 0.012339
68 0.547365 0.160726 0.021082 0.005647 0.038246 0.011223 0.007760 0.005817 0.057587 0.018877
69 0.460559 0.183105 0.015918 0.008642 0.031978 0.013330 0.004295 0.005627 0.047146 0.023130
70 0.523491 0.112598 0.021306 0.005195 0.040820 0.009595 0.009941 0.003463 0.060871 0.016864
71 0.476730 0.112792 0.023973 0.002331 0.040194 0.005886 0.011554 0.000502 0.059548 0.012035
72 0.517191 0.118969 0.019920 0.004938 0.042276 0.007985 0.010867 0.000550 0.065153 0.014050
73 0.431156 0.106212 0.016226 0.004468 0.036654 0.006391 0.007812 0.004225 0.056523 0.013866
74 0.555556 0.000000 0.013158 0.000000 0.027011 0.000000 0.009901 0.000000 0.041667 0.000000
75 0.414478 0.163393 0.011111 0.008550 0.025475 0.007817 0.006097 0.004434 0.035823 0.013472
76 0.455123 0.159898 0.017060 0.004788 0.038411 0.004734 0.010341 0.000575 0.059382 0.007675
77 0 0 0 0 0 0 0 0 0
78 0.416128 0.150053 0.015678 0.004447 0.035638 0.004733 0.008327 0.003613 0.054380 0.007336
79 0.465625 0.065625 0.022291 0.001238 0.041678 0.006914 0.010527 0.000111 0.060106 0.015162
80 0.439459 0.100627 0.015697 0.005158 0.031366 0.009186 0.003436 0.004860 0.045006 0.018912
81 0.603845 0.042620 0.017862 0.005667 0.040720 0.005197 0.009922 0.000831 0.060087 0.008541
82 0.538340 0.084009 0.015975 0.004796 0.036143 0.006015 0.006448 0.004566 0.052271 0.011037
83 0.495672 0.072795 0.019804 0.003684 0.038224 0.004290 0.009738 0.000667 0.055128 0.009243
84 0.524306 0.165410 0.018933 0.005136 0.040336 0.010708 0.010088 0.000455 0.058910 0.020333
85 0 0 0 0 0 0 0 0 0
86 0.475591 0.089626 0.021627 0.000351 0.041683 0.000589 0.010102 0.000102 0.063579 0.000421
87 0.340000 0.000000 0.000000 0.000000 0.027316 0.000000 0.000000 0.000000 0.044444 0.000000
88 0.462610 0.105978 0.018779 0.003896 0.038737 0.005152 0.007843 0.003922 0.055902 0.012383
89 0 0 0 0 0 0 0 0 0
90 0.547988 0.118172 0.020363 0.001342 0.041540 0.005458 0.009628 0.000298 0.062098 0.008984
91 0.571169 0.006813 0.019419 0.000189 0.039292 0.001727 0.009346 0.000000 0.058081 0.002525
92 0.528614 0.000312 0.019174 0.000826 0.033488 0.002236 0.009303 0.000043 0.046316 0.006316
93 0.538914 0.043215 0.015581 0.004084 0.032675 0.005890 0.006008 0.004265 0.045003 0.010651
94 0.333162 0.062009 0.018439 0.003974 0.041121 0.003578 0.009289 0.000337 0.064049 0.004395
95 0.514020 0.040500 0.019564 0.001166 0.039414 0.006580 0.009222 0.000213 0.057448 0.012651
96 0.496094 0.003906 0.014678 0.004369 0.032403 0.001062 0.008401 0.000527 0.046162 0.001915
97 0.544524 0.047709 0.015203 0.004999 0.039614 0.007238 0.004630 0.004630 0.058673 0.011503
98 0.561983 0.000000 0.019048 0.000000 0.032163 0.000000 0.009009 0.000000 0.044643 0.000000
99 0 0 0 0 0 0 0 0 0
100 0 0 0 0 0 0 0 0 0
101 0.449664 0.000000 0.009434 0.000000 0.021296 0.000000 0.000000 0.000000 0.025210 0.000000
102 0 0 0 0 0 0 0 0 0
103 0.467451 0.015599 0.013817 0.004201 0.036432 0.002464 0.008144 0.000331 0.054330 0.003047
104 0.576159 0.000000 0.009524 0.000000 0.032936 0.000000 0.000000 0.000000 0.045455 0.000000
105 0.361538 0.000000 0.017241 0.000000 0.028096 0.000000 0.008333 0.000000 0.039370 0.000000
106 0.503704 0.000000 0.017857 0.000000 0.040915 0.000000 0.008264 0.000000 0.061947 0.000000
107 0 0 0 0 0 0 0 0 0
108 0 0 0 0 0 0 0 0 0
109 0 0 0 0 0 0 0 0 0
110 0 0 0 0 0 0 0 0 0
111 0 0 0 0 0 0 0 0 0
112 0 0 0 0 0 0 0 0 0
113 0 0 0 0 0 0 0 0 0
114 0.604651 0.000000 0.017094 0.000000 0.038512 0.000000 0.008065 0.000000 0.056000 0.000000
115 0.490798 0.000000 0.016807 0.000000 0.038328 0.000000 0.007937 0.000000 0.055172 0.000000
116 0.404494 0.000000 0.008547 0.000000 0.027446 0.000000 0.007143 0.000000 0.040984 0.000000
117 0.314685 0.000000 0.015873 0.000000 0.034236 0.000000 0.007519 0.000000 0.053435 0.000000
118 0 0 0 0 0 0 0 0 0
119 0 0 0 0 0 0 0 0 0
120 0 0 0 0 0 0 0 0 0
121 0.447853 0.000000 0.015873 0.000000 0.036370 0.000000 0.007519 0.000000 0.053030 0.000000
122 0.458065 0.000000 0.007937 0.000000 0.019118 0.000000 0.000000 0.000000 0.019868 0.000000
123 0.460123 0.000000 0.013986 0.000000 0.031780 0.000000 0.006173 0.000000 0.045455 0.000000
124 0 0 0 0 0 0 0 0 0
125 0.546512 0.000000 0.013072 0.000000 0.028274 0.000000 0.006452 0.000000 0.035971 0.000000
126 0 0 0 0 0 0 0 0 0
127 0 0 0 0 0 0 0 0 0
128 0.578571 0.000000 0.015385 0.000000 0.034564 0.000000 0.007194 0.000000 0.050725 0.000000
129 0.167742 0.000000 0.007634 0.000000 0.017439 0.000000 0.000000 0.000000 0.028571 0.000000
130 0.434783 0.000000 0.007519 0.000000 0.021038 0.000000 0.000000 0.000000 0.028986 0.000000
131 0 0 0 0 0 0 0 0 0
132 0 0 0 0 0 0 0 0 0
133 0 0 0 0 0 0 0 0 0
134 0.548412 0.059775 0.014292 0.000306 0.029993 0.003910 0.006760 0.000137 0.041520 0.008840
135 0 0 0 0 0 0 0 0 0
136 0 0 0 0 0 0 0 0 0
137 0 0 0 0 0 0 0 0 0
138 0.510823 0.070572 0.010590 0.003396 0.027584 0.000905 0.006364 0.000303 0.039440 0.001940
139 0 0 0 0 0 0 0 0 0
140 0 0 0 0 0 0 0 0 0
141 0.608187 0.000000 0.007042 0.000000 0.026943 0.000000 0.005650 0.000000 0.036364 0.000000
142 0 0 0 0 0 0 0 0 0
143 0 0 0 0 0 0 0 0 0
144 0 0 0 0 0 0 0 0 0
145 0 0 0 0 0 0 0 0 0
146 0 0 0 0 0 0 0 0 0
147 0 0 0 0 0 0 0 0 0
148 0 0 0 0 0 0 0 0 0
149 0 0 0 0 0 0 0 0 0
150 0 0 0 0 0 0 0 0 0
151 0 0 0 0 0 0 0 0 0
152 0 0 0 0 0 0 0 0 0
153 0 0 0 0 0 0 0 0 0
154 0 0 0 0 0 0 0 0 0
155 0.487310 0.000000 0.006369 0.000000 0.023952 0.000000 0.000000 0.000000 0.032051 0.000000
