0 0
1 0.147546789441
2 0.28566758384
3 0.399460593347
4 0.490941782221
5 0.569564388264
6 0.632304465088
7 0.684637807503
8 0.730732557823
9 0.770888386411
10 0.803416242134
11 0.830441060288
12 0.853352221647
13 0.873402893181
14 0.889884763124
15 0.90443239709
16 0.915656414308
17 0.926063148718
18 0.934835317514
19 0.942762960743
20 0.949028795598
21 0.954504590405
22 0.959408287248
23 0.963603672324
24 0.967444901517
25 0.970768518266
26 0.973029667366
27 0.97580842891
28 0.97806957801
29 0.980058299507
30 0.981992535484
31 0.983490887297
32 0.985098210151
33 0.986269648841
34 0.98727763097
35 0.988612526221
36 0.989865693192
37 0.990655733239
38 0.991391287765
39 0.992017871251
40 0.992562726455
41 0.99305309614
42 0.993488980303
43 0.994142806549
44 0.994605933473
45 0.994987332116
46 0.995532187321
47 0.995641158362
48 0.996022557005
49 0.996322227368
50 0.996621897731
51 0.996785354292
52 0.997030539134
53 0.997221238456
54 0.997439180538
55 0.997575394339
56 0.99768436538
57 0.997793336421
58 0.997902307462
59 0.997984035743
60 0.998120249544
61 0.998229220585
62 0.998392677146
63 0.998556133707
64 0.998719590269
65 0.998774075789
66 0.99885580407
67 0.998910289591
68 0.998937532351
70 0.998992017871
71 0.999046503392
72 0.999100988912
73 0.999155474433
74 0.999209959953
75 0.999291688234
76 0.999318930994
78 0.999346173754
79 0.999455144795
80 0.999509630316
81 0.999536873076
83 0.999591358596
84 0.999618601357
85 0.999645844117
88 0.999673086877
90 0.999727572398
91 0.999754815158
93 0.999782057918
97 0.999809300678
100 0.999836543439
106 0.999863786199
107 0.999891028959
119 0.999918271719
127 0.99994551448
137 0.99997275724
149 1.0
