0 0
1 5416
2 5070
3 4177
4 3358
5 2886
6 2303
7 1921
8 1692
9 1474
10 1194
11 992
12 841
13 736
14 605
15 534
16 412
17 382
18 322
19 291
20 230
21 201
22 180
23 154
24 141
25 122
26 83
27 102
28 83
29 73
30 71
31 55
32 59
33 43
34 37
35 49
36 46
37 29
38 27
39 23
40 20
41 18
42 16
43 24
44 17
45 14
46 20
47 4
48 14
49 11
51 6
52 9
53 7
54 8
55 5
56 4
59 3
60 5
61 4
62 6
65 2
66 3
67 2
68 1
69 0
69 0
70 2
75 3
76 1
77 0
77 0
78 1
79 4
80 2
81 1
82 0
82 0
83 2
84 1
86 0
87 0
88 1
89 0
89 0
90 2
91 1
92 0
92 0
93 1
94 0
96 0
97 1
98 0
99 0
100 1
101 0
105 0
106 1
108 0
118 0
119 1
120 0
126 0
127 1
128 0
136 0
137 1
138 0
148 0
149 1
