100 0.0982441471572
101 0.131688963211
102 0.164297658863
103 0.184364548495
104 0.203595317726
105 0.230769230769
106 0.261287625418
107 0.283026755853
108 0.301839464883
109 0.331939799331
110 0.363712374582
111 0.394648829431
112 0.425585284281
113 0.487040133779
114 0.510869565217
115 0.525919732441
116 0.542642140468
117 0.554347826087
121 0.55643812709
122 0.5622909699
123 0.568143812709
124 0.586956521739
125 0.610785953177
126 0.63127090301
127 0.642558528428
128 0.653010033445
129 0.655518394649
130 0.663461538462
131 0.671404682274
132 0.678929765886
133 0.68143812709
134 0.692307692308
135 0.701923076923
136 0.710702341137
137 0.729096989967
138 0.73745819398
139 0.746237458194
140 0.753762541806
141 0.76881270903
142 0.782190635452
143 0.800585284281
144 0.819816053512
145 0.840719063545
146 0.856605351171
147 0.876254180602
148 0.898829431438
149 0.927257525084
150 0.938127090301
151 0.948996655518
152 0.957775919732
153 0.96864548495
154 0.979096989967
155 0.986204013378
156 0.990384615385
157 0.994983277592
158 0.997491638796
159 0.998327759197
160 0.998745819398
161 0.999581939799
163 1.0
