2 0.301218839958
3 0.420407913272
4 0.515832669811
5 0.592209223985
6 0.654069945489
7 0.7085808783
8 0.749004716114
9 0.785998652539
10 0.818643963986
11 0.845041955044
12 0.867275065842
13 0.886996998836
14 0.903166533962
15 0.917498621915
16 0.928645801433
17 0.938261774974
18 0.946285294298
19 0.953635082991
20 0.959576162185
21 0.963496049489
22 0.968028419183
23 0.970600845226
24 0.973234519508
25 0.976113186746
26 0.977828137441
27 0.980094322288
28 0.982421755375
29 0.983707968396
30 0.985239174374
31 0.987015373308
32 0.988056593373
33 0.98897531696
34 0.989832792307
35 0.990751515894
36 0.99173148772
37 0.992650211306
38 0.993140197219
39 0.993446438415
40 0.993936424328
41 0.994365162002
42 0.994977644393
43 0.995406382067
44 0.995712623262
45 0.996141360936
46 0.996447602131
47 0.996815091566
48 0.99724382924
49 0.997488822196
50 0.997611318675
51 0.997795063392
52 0.997978808109
53 0.998101304587
54 0.998223801066
55 0.998346297544
56 0.998530042261
57 0.99865253874
59 0.998836283457
60 0.998897531696
61 0.999020028174
62 0.999081276413
64 0.999142524652
65 0.999203772892
66 0.99932626937
69 0.999387517609
72 0.999448765848
75 0.999510014087
78 0.999632510565
80 0.999693758804
87 0.999816255283
93 0.999877503522
99 0.999938751761
122 1.0
