0 0
1 2543
2 2375
3 1946
4 1558
5 1247
6 1010
7 890
8 660
9 604
10 533
11 431
12 363
13 322
14 264
15 234
16 182
17 157
18 131
19 120
20 97
21 64
22 74
23 42
24 43
25 47
26 28
27 37
28 38
29 21
30 25
31 29
32 17
33 15
34 14
35 15
36 16
37 15
38 8
39 5
40 8
41 7
42 10
43 7
44 5
45 7
46 5
47 6
48 7
49 4
50 2
51 3
53 2
56 3
57 2
58 0
58 0
59 3
60 1
61 2
62 1
63 0
63 0
64 1
66 2
67 0
68 0
69 1
70 0
71 0
72 1
73 0
74 0
75 1
76 0
77 0
78 2
79 0
79 0
80 1
81 0
86 0
87 2
88 0
92 0
93 1
94 0
98 0
99 1
100 0
121 0
122 1
