2 0.0375
3 0.0875
4 0.125
5 0.1375
6 0.1625
7 0.171875
8 0.2
9 0.2375
10 0.25
11 0.26875
12 0.278125
13 0.296875
14 0.3125
15 0.33125
16 0.35
17 0.35625
18 0.375
20 0.384375
21 0.390625
22 0.39375
23 0.40625
24 0.415625
25 0.425
26 0.4375
27 0.446875
28 0.45625
29 0.4625
30 0.46875
31 0.48125
32 0.490625
33 0.50625
34 0.509375
35 0.5125
36 0.521875
37 0.5375
38 0.540625
39 0.559375
40 0.5625
41 0.565625
42 0.571875
43 0.5875
44 0.59375
45 0.596875
48 0.6
49 0.60625
50 0.6125
51 0.615625
52 0.61875
54 0.625
55 0.634375
56 0.64375
57 0.65
58 0.653125
59 0.65625
60 0.659375
61 0.6625
63 0.665625
64 0.66875
65 0.671875
67 0.675
71 0.678125
72 0.68125
73 0.684375
77 0.69375
85 0.696875
92 0.7
93 0.703125
95 0.70625
97 0.709375
98 0.7125
100 0.715625
102 0.721875
105 0.725
111 0.728125
128 0.734375
141 0.7375
142 0.740625
145 0.74375
147 0.746875
157 0.75
161 0.753125
167 0.75625
184 0.759375
206 0.7625
209 0.765625
225 0.76875
228 0.771875
248 0.775
256 0.778125
258 0.78125
293 0.784375
326 0.7875
334 0.790625
335 0.79375
339 0.8
341 0.803125
343 0.80625
363 1.0
