0 0
1 5
2 7
3 16
4 12
5 4
6 8
7 3
8 9
9 12
10 4
11 6
12 3
13 6
14 5
15 6
17 2
18 6
19 0
19 0
20 3
21 2
22 1
23 4
24 3
26 4
27 3
29 2
31 4
32 3
33 5
34 1
36 3
37 5
38 1
39 6
40 1
42 2
43 5
44 2
45 1
46 0
47 0
48 1
49 2
51 1
53 0
53 0
54 2
55 3
57 2
58 1
62 0
62 0
63 1
66 0
66 0
67 1
68 0
70 0
71 1
74 0
76 0
77 3
78 0
84 0
85 1
86 0
91 0
92 1
94 0
94 0
95 1
96 0
96 0
97 1
99 0
99 0
100 1
101 0
101 0
102 2
103 0
104 0
105 1
106 0
110 0
111 1
112 0
127 0
128 2
129 0
140 0
141 1
143 0
144 0
145 1
146 0
146 0
147 1
148 0
156 0
157 1
158 0
160 0
161 1
162 0
166 0
167 1
168 0
183 0
184 1
185 0
205 0
206 1
207 0
208 0
209 1
210 0
224 0
225 1
226 0
227 0
228 1
229 0
247 0
248 1
249 0
255 0
256 1
257 0
257 0
258 1
259 0
292 0
293 1
294 0
325 0
326 1
327 0
333 0
334 1
336 0
338 0
339 2
340 0
340 0
341 1
342 0
342 0
343 1
344 0
362 0
363 62
