0 0
1 0.855313700384
2 0.8686626529
3 0.871659356526
4 0.873784291824
5 0.876399596807
6 0.880676710164
7 0.886179747732
8 0.891982455662
9 0.898275533277
10 0.903860299126
11 0.908437082845
12 0.913422507969
13 0.91818999101
14 0.924537554145
15 0.932519682894
16 0.941591522053
17 0.949846078405
18 0.959054131365
19 0.967417658757
20 0.974827689542
21 0.981365951998
22 0.986569319203
23 0.990465033917
24 0.993788650666
25 0.996131528046
26 0.99771160814
27 0.99880131855
28 0.999291688234
29 0.999645844117
30 0.999836543439
31 0.999918271719
32 1.0
