499 0
500 7533
501 11
502 38
503 141
504 317
505 557
506 810
507 990
508 1027
509 880
510 705
511 568
512 438
513 410
514 407
515 473
516 503
517 555
518 572
519 546
520 539
521 516
522 454
523 460
524 496
525 471
526 524
527 539
528 581
529 646
530 691
531 664
532 666
533 657
534 655
535 698
536 774
537 808
538 877
539 943
540 1083
541 1065
542 1225
543 1216
544 1221
545 1313
546 1381
547 1349
548 1386
549 1377
550 1352
551 1248
552 1263
553 1217
554 1170
555 1146
556 1011
557 1102
558 1023
559 926
560 896
561 875
562 901
563 926
564 833
565 784
566 737
567 711
568 671
569 612
570 641
571 577
572 530
573 518
574 530
575 509
576 518
577 573
578 521
579 532
580 507
581 546
582 556
583 523
584 535
585 528
586 558
587 497
588 534
589 481
590 437
591 423
592 464
593 339
594 356
595 305
596 295
597 251
598 254
599 256
600 274
601 217
602 196
603 226
604 239
605 192
606 208
607 167
608 172
609 142
610 104
611 88
613 79
614 49
615 72
616 67
617 49
618 28
619 30
620 4
621 11
622 29
623 31
624 0
624 0
625 1
626 0
627 0
628 1
629 9
630 16
631 24
633 0
638 0
639 8
640 14
641 24
643 4
644 6
645 14
646 22
647 29
648 26
649 13
650 26
651 22
652 1
653 10
654 9
655 15
656 24
657 18
658 8
659 0
661 0
662 1
663 0
664 0
665 5
666 8
667 20
668 12
669 36
670 41
671 23
672 25
673 37
674 50
675 57
676 67
677 68
678 64
679 51
680 34
681 41
682 40
683 28
684 23
685 25
687 24
688 19
691 17
692 23
693 14
694 17
695 18
696 9
697 19
698 20
699 19
700 17
701 31
702 25
703 32
704 35
705 40
706 35
707 38
708 31
709 35
710 48
711 32
712 26
713 27
714 35
715 42
716 36
717 41
718 37
719 36
720 32
721 54
722 53
723 48
724 66
725 50
726 45
727 43
728 57
729 47
730 41
731 36
732 31
733 26
734 16
735 12
736 15
737 11
738 18
740 20
741 22
742 16
743 22
744 18
745 39
746 30
747 37
748 51
749 46
750 50
751 40
752 47
753 57
754 62
755 65
756 58
757 57
758 60
759 55
760 74
761 61
762 50
763 74
764 59
765 62
766 58
767 61
768 48
769 61
770 62
771 53
772 50
773 41
774 61
775 48
776 46
777 40
778 48
779 43
780 42
781 39
782 38
783 16
784 32
785 14
786 20
787 23
788 26
789 18
790 11
791 19
792 8
793 6
794 2
795 4
796 5
798 2
800 3
801 1
