500 0.0895591592163
501 0.0896899372266
502 0.0901417158075
503 0.091818052121
504 0.0955868365988
505 0.102208959483
506 0.111838976603
507 0.123608997527
508 0.135818908123
509 0.146281148944
510 0.154662830512
511 0.161415731406
512 0.166623073997
513 0.171497527107
514 0.176336313487
515 0.181959767928
516 0.187939889671
517 0.194538234735
518 0.201338691269
519 0.207830036142
520 0.214238158646
521 0.220372836218
522 0.22577040137
523 0.231239299981
524 0.237136199353
525 0.242735875975
526 0.248965664828
527 0.255373787331
528 0.262281244056
529 0.269961479932
530 0.278176716759
531 0.286070953015
532 0.293988967091
533 0.301799980978
534 0.309587217044
535 0.317885676241
536 0.3270876926
537 0.3366939319
538 0.347120505992
539 0.358331748145
540 0.371207437702
541 0.383869126878
542 0.398433041659
543 0.412889956249
544 0.427406315389
545 0.443016454251
546 0.459435038996
547 0.475473178619
548 0.491951207913
549 0.508322237017
550 0.524396043371
551 0.539233403082
552 0.554249096443
553 0.568717899943
554 0.582627924672
555 0.59625261556
556 0.608272303595
557 0.621373882442
558 0.633536237398
559 0.644545368081
560 0.655197831463
561 0.665600627734
562 0.676312535667
563 0.68732166635
564 0.6972251284
565 0.70654603386
566 0.715308160548
567 0.723761175575
568 0.731738634202
569 0.739014647137
570 0.746635438463
571 0.753495339547
572 0.75979646186
573 0.765954917253
574 0.772256039566
575 0.778307494769
576 0.784465950162
577 0.791278295606
578 0.797472417729
579 0.803797317862
580 0.809824995244
581 0.816316340118
582 0.822926574092
583 0.829144474035
584 0.835505040898
585 0.841782385391
586 0.848416397185
587 0.854325185467
588 0.86067386342
589 0.866392429142
590 0.871587882823
591 0.876616891763
592 0.882133346015
593 0.886163686513
594 0.890396138482
595 0.89402225604
596 0.897529484497
597 0.900513600913
598 0.903533384059
599 0.906576945026
600 0.909834506372
601 0.912414399848
602 0.914744626213
603 0.917431519878
604 0.920272969374
605 0.922555640099
606 0.925028533384
607 0.927013981358
608 0.929058873882
609 0.930747099106
610 0.931983545749
611 0.933029769831
612 0.934075993913
613 0.935015217805
614 0.935597774396
615 0.936453775918
616 0.937250332889
617 0.937832889481
618 0.938165778961
619 0.938522446262
620 0.938570001902
621 0.938700779912
622 0.939045558303
623 0.939414114514
625 0.939426003424
628 0.939437892334
629 0.939544892524
630 0.939735115085
631 0.940020448925
632 0.940305782766
639 0.940400894046
640 0.940567338786
641 0.940852672627
642 0.941138006468
643 0.941185562108
644 0.941256895568
645 0.941423340308
646 0.941684896329
647 0.942029674719
648 0.94233878638
649 0.94249334221
650 0.942802453871
651 0.943064009892
652 0.943075898802
653 0.943194787902
654 0.943301788092
655 0.943480121742
656 0.943765455583
657 0.943979455963
658 0.944074567244
662 0.944086456154
665 0.944145900704
666 0.944241011984
667 0.944478790185
668 0.944621457105
669 0.945049457866
670 0.945536903177
671 0.945810348107
672 0.946107570858
673 0.946547460529
674 0.94714190603
675 0.947819573901
676 0.948616130873
677 0.949424576755
678 0.950185466996
679 0.950791801408
680 0.951196024348
681 0.95168346966
682 0.95215902606
683 0.952491915541
684 0.952765360472
685 0.953062583222
686 0.953359805973
687 0.953645139814
688 0.953871029104
689 0.954096918395
690 0.954322807685
691 0.954524919155
692 0.954798364086
693 0.954964808826
694 0.955166920297
695 0.955380920677
696 0.955487920867
697 0.955713810158
698 0.955951588358
699 0.956177477649
700 0.956379589119
701 0.95674814533
702 0.957045368081
703 0.957425813201
704 0.957841925052
705 0.958317481453
706 0.958733593304
707 0.959185371885
708 0.959553928096
709 0.959970039947
710 0.960540707628
711 0.960921152749
712 0.961230264409
713 0.96155126498
714 0.961967376831
715 0.962466711052
716 0.962894711813
717 0.963382157124
718 0.963822046795
719 0.964250047556
720 0.964630492676
721 0.965272493818
722 0.965902606049
723 0.96647327373
724 0.967257941792
725 0.967852387293
726 0.968387388244
727 0.968898611375
728 0.969576279247
729 0.970135058018
730 0.970622503329
731 0.97105050409
732 0.971419060301
733 0.971728171961
734 0.971918394522
735 0.972061061442
736 0.972239395092
737 0.972370173103
738 0.972584173483
739 0.972798173863
740 0.973035952064
741 0.973297508084
742 0.973487730645
743 0.973749286665
744 0.973963287046
745 0.974426954537
746 0.974783621838
747 0.975223511508
748 0.97582984592
749 0.976376735781
750 0.976971181282
751 0.977446737683
752 0.978005516454
753 0.978683184326
754 0.979420296747
755 0.980193075899
756 0.98088263268
757 0.981560300552
758 0.982273635153
759 0.982927525204
760 0.983807304546
761 0.984532528058
762 0.985126973559
763 0.986006752901
764 0.986708198592
765 0.987445311014
766 0.988134867795
767 0.988860091307
768 0.989430758988
769 0.9901559825
770 0.990893094921
771 0.991523207152
772 0.992117652654
773 0.992605097965
774 0.993330321476
775 0.993900989157
776 0.994447879018
777 0.994923435419
778 0.995494103101
779 0.996005326232
780 0.996504660453
781 0.996968327944
782 0.997420106525
783 0.997610329085
784 0.997990774206
785 0.998157218946
786 0.998394997147
787 0.998668442077
788 0.998977553738
789 0.999191554118
790 0.999322332129
791 0.999548221419
792 0.999643332699
793 0.999714666159
794 0.999738443979
795 0.99978599962
796 0.99984544417
797 0.99990488872
798 0.99992866654
799 0.99995244436
800 0.99998811109
801 1.0
