2 0.0074197736969
3 0.00964570580597
4 0.0155815247635
5 0.0202188833241
6 0.0246707475422
7 0.0259692079392
8 0.0304210721573
9 0.0354294194027
11 0.0415507327027
12 0.0437766648117
15 0.0465590799481
18 0.0532368762753
20 0.0569467631237
21 0.0608421443146
27 0.0708588388054
29 0.0816175106659
33 0.0877388239659
39 0.0949731033203
42 0.102763865702
45 0.111111111111
48 0.120014839547
60 0.131144500093
61 0.142459654981
75 0.170283806344
81 0.18530884808
93 0.202559821925
99 0.220923761825
101 0.23965869041
104 0.258950102022
105 0.278427007976
118 0.300315340382
121 0.322760155815
139 0.348543869412
153 0.376924503803
168 0.40808755333
176 0.440734557596
188 0.475607493971
190 0.510851419032
200 1.0
