0 0
1 28
2 12
4 32
5 25
6 24
7 7
8 24
9 27
10 0
10 0
11 33
12 12
13 0
14 0
15 15
16 0
17 0
18 36
19 0
19 0
20 20
21 21
22 0
26 0
27 54
28 0
28 0
29 58
30 0
32 0
33 33
34 0
38 0
39 39
40 0
41 0
42 42
43 0
44 0
45 45
46 0
47 0
48 48
49 0
59 0
60 60
61 61
62 0
74 0
75 150
76 0
80 0
81 81
82 0
92 0
93 93
94 0
98 0
99 99
100 0
100 0
101 101
102 0
103 0
104 104
105 105
106 0
117 0
118 118
119 0
120 0
121 121
122 0
138 0
139 139
140 0
152 0
153 153
154 0
167 0
168 168
169 0
175 0
176 176
177 0
187 0
188 188
189 0
189 0
190 190
191 0
199 0
200 2637
