1 0
2 0.00209030100334
3 0.0125418060201
4 0.0217391304348
5 0.0367892976589
6 0.0535117056856
7 0.0698160535117
8 0.0806856187291
9 0.0936454849498
10 0.104096989967
11 0.11245819398
12 0.119983277592
13 0.128762541806
14 0.140468227425
15 0.151337792642
16 0.161371237458
17 0.172658862876
18 0.182692307692
19 0.194816053512
20 0.203595317726
21 0.21279264214
22 0.222826086957
23 0.232859531773
24 0.241638795987
25 0.249581939799
26 0.258779264214
27 0.266304347826
28 0.280518394649
29 0.288461538462
30 0.294732441472
31 0.303511705686
32 0.310618729097
33 0.315635451505
34 0.32483277592
35 0.332357859532
36 0.338210702341
37 0.345317725753
38 0.351170568562
39 0.357859531773
40 0.364966555184
41 0.370819397993
42 0.375836120401
43 0.380016722408
44 0.386287625418
45 0.391304347826
46 0.399665551839
47 0.405936454849
48 0.411789297659
49 0.415551839465
50 0.41889632107
51 0.422658862876
52 0.428093645485
53 0.432692307692
54 0.439381270903
55 0.446488294314
56 0.45025083612
57 0.455685618729
58 0.463628762542
59 0.469063545151
60 0.471153846154
61 0.47491638796
62 0.478678929766
63 0.484949832776
64 0.489548494983
65 0.494983277592
66 0.500836120401
67 0.505016722408
68 0.510451505017
69 0.513795986622
70 0.515886287625
71 0.521321070234
72 0.527173913043
73 0.528846153846
74 0.533026755853
75 0.538461538462
76 0.540133779264
77 0.545150501672
78 0.55016722408
79 0.55602006689
80 0.560618729097
81 0.564381270903
82 0.567307692308
83 0.571070234114
84 0.57483277592
85 0.578595317726
86 0.579431438127
87 0.58110367893
88 0.585702341137
89 0.588628762542
90 0.589882943144
91 0.593227424749
92 0.596989966555
93 0.597826086957
94 0.59991638796
95 0.603260869565
96 0.605769230769
97 0.609531772575
98 0.61245819398
99 0.616220735786
100 0.618311036789
101 0.621237458194
102 0.625
103 0.626254180602
104 0.630434782609
105 0.632943143813
106 0.636287625418
107 0.638377926421
108 0.642140468227
109 0.644648829431
110 0.645903010033
111 0.648829431438
112 0.652173913043
113 0.654264214047
114 0.657190635452
115 0.658026755853
116 0.660953177258
118 0.663043478261
119 0.664715719064
120 0.668060200669
121 0.66889632107
122 0.671404682274
123 0.672240802676
124 0.673913043478
125 0.67516722408
126 0.675585284281
127 0.678929765886
128 0.679765886288
129 0.68143812709
130 0.683528428094
131 0.685200668896
132 0.686872909699
133 0.689381270903
134 0.690217391304
135 0.692307692308
136 0.69356187291
137 0.695652173913
138 0.696070234114
139 0.698996655518
140 0.701086956522
141 0.702759197324
142 0.705685618729
143 0.709866220736
144 0.711538461538
145 0.711956521739
146 0.715301003344
147 0.716137123746
148 0.719063545151
149 0.720317725753
150 0.721989966555
151 0.723244147157
152 0.725334448161
153 0.728260869565
154 0.729515050167
155 0.731605351171
156 0.732023411371
157 0.733277591973
158 0.735367892977
159 0.735785953177
160 0.73745819398
161 0.739548494983
162 0.740384615385
163 0.741638795987
164 0.742056856187
165 0.743311036789
166 0.744565217391
167 0.744983277592
168 0.747909698997
169 0.75
170 0.751672240803
171 0.753344481605
172 0.753762541806
173 0.755852842809
174 0.75627090301
175 0.757525083612
176 0.759197324415
179 0.760869565217
180 0.762959866221
181 0.763795986622
183 0.764214046823
184 0.766722408027
185 0.767976588629
186 0.770066889632
187 0.770903010033
188 0.772157190635
190 0.773411371237
191 0.774247491639
192 0.774665551839
193 0.775919732441
194 0.776337792642
195 0.776755852843
196 0.778010033445
197 0.778846153846
198 0.779264214047
199 0.779682274247
200 0.780936454849
201 0.783026755853
202 0.783444816054
203 0.784698996656
204 0.78720735786
205 0.78762541806
206 0.788879598662
207 0.789715719064
209 0.790133779264
210 0.790969899666
211 0.791387959866
212 0.79347826087
213 0.794314381271
214 0.795568561873
215 0.796404682274
216 0.79974916388
217 0.801003344482
218 0.802257525084
219 0.804347826087
220 0.805183946488
221 0.80602006689
222 0.80643812709
223 0.807274247492
224 0.807692307692
225 0.809364548495
226 0.810200668896
227 0.811454849498
228 0.813127090301
229 0.813963210702
230 0.814799331104
231 0.815635451505
232 0.816053511706
233 0.816471571906
234 0.818143812709
235 0.81897993311
237 0.819816053512
238 0.820652173913
239 0.821488294314
242 0.822324414716
243 0.822742474916
244 0.823996655518
245 0.826086956522
247 0.826505016722
248 0.828595317726
249 0.829013377926
250 0.829849498328
251 0.83152173913
252 0.831939799331
253 0.832357859532
254 0.833193979933
255 0.834448160535
256 0.834866220736
257 0.835284280936
258 0.836120401338
259 0.83779264214
260 0.838210702341
262 0.839046822742
263 0.840301003344
264 0.841137123746
265 0.841973244147
267 0.842391304348
269 0.843227424749
270 0.844063545151
271 0.844481605351
273 0.845317725753
274 0.846153846154
275 0.846989966555
276 0.848244147157
277 0.848662207358
278 0.849080267559
279 0.849498327759
282 0.84991638796
286 0.850334448161
287 0.850752508361
288 0.852424749164
289 0.852842809365
290 0.853260869565
292 0.854515050167
295 0.854933110368
296 0.855769230769
298 0.85618729097
299 0.857023411371
300 0.858695652174
301 0.859531772575
302 0.860367892977
303 0.860785953177
304 0.861204013378
305 0.861622073579
308 0.86245819398
310 0.862876254181
312 0.863712374582
314 0.864130434783
316 0.864966555184
317 0.865384615385
318 0.865802675585
319 0.866220735786
320 0.867474916388
321 0.86872909699
322 0.869147157191
324 0.870401337793
325 0.870819397993
326 0.872073578595
328 0.873327759197
330 0.873745819398
333 0.874163879599
335 0.874581939799
336 0.875
337 0.875836120401
338 0.876254180602
339 0.876672240803
342 0.877508361204
344 0.877926421405
345 0.878344481605
346 0.878762541806
347 0.879180602007
348 0.879598662207
349 0.88127090301
351 0.881688963211
352 0.882107023411
353 0.882525083612
354 0.882943143813
355 0.883779264214
357 0.885869565217
358 0.886705685619
363 0.88754180602
364 0.888377926421
365 0.889214046823
367 0.889632107023
369 0.890468227425
370 0.890886287625
372 0.892140468227
373 0.892558528428
374 0.892976588629
376 0.893394648829
377 0.894230769231
380 0.894648829431
382 0.895066889632
383 0.895484949833
386 0.895903010033
388 0.896321070234
390 0.896739130435
391 0.897575250836
394 0.897993311037
396 0.898411371237
397 0.899247491639
400 0.899665551839
401 0.90008361204
402 0.900919732441
404 0.901337792642
405 0.901755852843
406 0.902173913043
407 0.902591973244
408 0.903010033445
409 0.903428093645
410 0.904264214047
411 0.905100334448
416 0.905518394649
418 0.905936454849
419 0.90635451505
422 0.906772575251
425 0.907608695652
428 0.908026755853
429 0.908444816054
431 0.908862876254
432 0.909280936455
434 0.910117056856
439 0.910535117057
441 0.910953177258
443 0.911371237458
444 0.911789297659
447 0.91220735786
448 0.91262541806
450 0.913461538462
452 0.913879598662
454 0.914297658863
462 0.914715719064
464 0.915133779264
471 0.915551839465
472 0.915969899666
473 0.916387959866
474 0.916806020067
476 0.917224080268
477 0.917642140468
478 0.918060200669
480 0.91847826087
481 0.91889632107
487 0.919314381271
492 0.919732441472
493 0.920568561873
495 0.920986622074
497 0.921404682274
499 0.921822742475
500 0.922240802676
501 0.922658862876
502 0.923494983278
504 0.923913043478
506 0.924331103679
507 0.92474916388
513 0.92516722408
521 0.925585284281
528 0.926003344482
537 0.926421404682
543 0.927257525084
546 0.928093645485
550 0.928511705686
562 0.929347826087
563 0.929765886288
566 0.930183946488
573 0.930602006689
575 0.93102006689
576 0.93143812709
582 0.931856187291
584 0.932274247492
585 0.932692307692
586 0.933110367893
589 0.933528428094
592 0.934364548495
594 0.935200668896
603 0.935618729097
610 0.936036789298
611 0.936454849498
619 0.9377090301
620 0.938127090301
626 0.938545150502
627 0.939381270903
629 0.939799331104
631 0.940217391304
638 0.940635451505
639 0.941053511706
644 0.941471571906
648 0.941889632107
662 0.942307692308
676 0.943143812709
687 0.94356187291
692 0.944397993311
693 0.944816053512
695 0.945234113712
701 0.945652173913
709 0.946070234114
714 0.946488294314
715 0.946906354515
716 0.947324414716
719 0.947742474916
723 0.948160535117
726 0.948578595318
731 0.948996655518
736 0.949414715719
740 0.94983277592
754 0.95025083612
755 0.950668896321
764 0.951086956522
766 0.951505016722
772 0.951923076923
794 0.952341137124
805 0.952759197324
808 0.953177257525
827 0.953595317726
833 0.954013377926
850 0.954431438127
852 0.954849498328
867 0.955267558528
872 0.955685618729
882 0.95610367893
894 0.95652173913
903 0.956939799331
915 0.957357859532
970 0.957775919732
971 0.958193979933
988 0.958612040134
990 0.959030100334
1009 0.959448160535
1028 0.959866220736
1031 0.960284280936
1036 0.960702341137
1040 0.961120401338
1047 0.961538461538
1094 0.961956521739
1098 0.96237458194
1111 0.96279264214
1177 0.963210702341
1191 0.963628762542
1193 0.964046822742
1195 0.964464882943
1212 0.964882943144
1244 0.965301003344
1271 0.965719063545
1308 0.966555183946
1374 0.966973244147
1407 0.967391304348
1428 0.967809364548
1453 0.968227424749
1458 0.96864548495
1470 0.969063545151
1490 0.969481605351
1551 0.969899665552
1615 0.970317725753
1848 0.970735785953
1895 0.971153846154
1926 0.971571906355
1957 0.971989966555
1958 0.972408026756
2006 0.972826086957
2103 0.973244147157
2175 0.973662207358
2498 0.974080267559
2511 0.974498327759
2543 0.97491638796
2547 0.975334448161
2634 1.0
