1 0
2 5
3 25
4 22
5 36
6 40
7 39
8 26
9 31
10 25
11 20
12 18
13 21
14 28
15 26
16 24
17 27
18 24
19 29
20 21
21 22
22 24
24 21
25 19
26 22
27 18
28 34
29 19
30 15
31 21
32 17
33 12
34 22
35 18
36 14
37 17
38 14
39 16
40 17
41 14
42 12
43 10
44 15
45 12
46 20
47 15
48 14
49 9
50 8
51 9
52 13
53 11
54 16
55 17
56 9
57 13
58 19
59 13
60 5
61 9
63 15
64 11
65 13
66 14
67 10
68 13
69 8
70 5
71 13
72 14
73 4
74 10
75 13
76 4
77 12
79 14
80 11
81 9
82 7
83 9
86 2
87 4
88 11
89 7
90 3
91 8
92 9
93 2
94 5
95 8
96 6
97 9
98 7
99 9
100 5
101 7
102 9
103 3
104 10
105 6
106 8
107 5
108 9
109 6
110 3
111 7
112 8
113 5
114 7
115 2
116 7
117 0
117 0
118 5
119 4
120 8
121 2
122 6
123 2
124 4
125 3
126 1
127 8
128 2
129 4
130 5
131 4
133 6
134 2
135 5
136 3
137 5
138 1
139 7
140 5
141 4
142 7
143 10
144 4
145 1
146 8
147 2
148 7
149 3
150 4
151 3
152 5
153 7
154 3
155 5
156 1
157 3
158 5
159 1
160 4
161 5
162 2
163 3
164 1
165 3
167 1
168 7
169 5
170 4
172 1
173 5
174 1
175 3
176 4
177 0
178 0
179 4
180 5
181 2
182 0
182 0
183 1
184 6
185 3
186 5
187 2
188 3
189 0
189 0
190 3
191 2
192 1
193 3
194 1
196 3
197 2
198 1
200 3
201 5
202 1
203 3
204 6
205 1
206 3
207 2
208 0
208 0
209 1
210 2
211 1
212 5
213 2
214 3
215 2
216 8
217 3
219 5
220 2
222 1
223 2
224 1
225 4
226 2
227 3
228 4
229 2
232 1
234 4
235 2
236 0
236 0
237 2
240 0
241 0
242 2
243 1
244 3
245 5
246 0
246 0
247 1
248 5
249 1
250 2
251 4
252 1
254 2
255 3
256 1
258 2
259 4
260 1
261 0
261 0
262 2
263 3
264 2
266 0
266 0
267 1
268 0
268 0
269 2
271 1
272 0
272 0
273 2
276 3
277 1
280 0
281 0
282 1
283 0
285 0
286 1
288 4
289 1
291 0
291 0
292 3
293 0
294 0
295 1
296 2
297 0
297 0
298 1
299 2
300 4
301 2
303 1
306 0
307 0
308 2
309 0
309 0
310 1
311 0
311 0
312 2
313 0
313 0
314 1
315 0
315 0
316 2
317 1
320 3
322 1
323 0
323 0
324 3
325 1
326 3
327 0
327 0
328 3
329 0
329 0
330 1
331 0
332 0
333 1
334 0
334 0
335 1
337 2
338 1
340 0
341 0
342 2
343 0
343 0
344 1
349 4
350 0
350 0
351 1
355 2
356 0
356 0
357 5
358 2
359 0
362 0
363 2
366 0
366 0
367 1
368 0
368 0
369 2
370 1
371 0
371 0
372 3
373 1
375 0
375 0
376 1
377 2
378 0
379 0
380 1
381 0
381 0
382 1
384 0
385 0
386 1
387 0
387 0
388 1
389 0
389 0
390 1
391 2
392 0
393 0
394 1
395 0
395 0
396 1
397 2
398 0
399 0
400 1
402 2
403 0
403 0
404 1
410 2
412 0
415 0
416 1
417 0
417 0
418 1
420 0
421 0
422 1
423 0
424 0
425 2
426 0
427 0
428 1
430 0
430 0
431 1
433 0
433 0
434 2
435 0
438 0
439 1
440 0
440 0
441 1
442 0
442 0
443 1
445 0
446 0
447 1
449 0
449 0
450 2
451 0
451 0
452 1
453 0
453 0
454 1
455 0
461 0
462 1
463 0
463 0
464 1
465 0
470 0
471 1
475 0
475 0
476 1
479 0
479 0
480 1
482 0
486 0
487 1
488 0
491 0
492 1
493 2
494 0
494 0
495 1
496 0
496 0
497 1
498 0
498 0
499 1
502 2
503 0
503 0
504 1
505 0
505 0
506 1
508 0
512 0
513 1
514 0
520 0
521 1
522 0
527 0
528 1
529 0
536 0
537 1
538 0
542 0
543 2
544 0
545 0
546 2
547 0
549 0
550 1
551 0
561 0
562 2
563 1
564 0
565 0
566 1
567 0
572 0
573 1
574 0
574 0
575 1
577 0
581 0
582 1
583 0
583 0
584 1
587 0
588 0
589 1
590 0
591 0
592 2
593 0
593 0
594 2
595 0
602 0
603 1
604 0
609 0
610 1
612 0
618 0
619 3
620 1
621 0
625 0
626 1
627 2
628 0
628 0
629 1
630 0
630 0
631 1
632 0
637 0
638 1
640 0
643 0
644 1
645 0
647 0
648 1
649 0
661 0
662 1
663 0
675 0
676 2
677 0
686 0
687 1
688 0
691 0
692 2
693 1
694 0
694 0
695 1
696 0
700 0
701 1
702 0
708 0
709 1
710 0
713 0
714 1
717 0
718 0
719 1
720 0
722 0
723 1
724 0
725 0
726 1
727 0
730 0
731 1
732 0
735 0
736 1
737 0
739 0
740 1
741 0
753 0
754 1
756 0
763 0
764 1
765 0
765 0
766 1
767 0
771 0
772 1
773 0
793 0
794 1
795 0
804 0
805 1
806 0
807 0
808 1
809 0
826 0
827 1
828 0
832 0
833 1
834 0
849 0
850 1
851 0
851 0
852 1
853 0
866 0
867 1
868 0
871 0
872 1
873 0
881 0
882 1
883 0
893 0
894 1
895 0
902 0
903 1
904 0
914 0
915 1
916 0
969 0
970 1
972 0
987 0
988 1
989 0
989 0
990 1
991 0
1008 0
1009 1
1010 0
1027 0
1028 1
1029 0
1030 0
1031 1
1032 0
1035 0
1036 1
1037 0
1039 0
1040 1
1041 0
1046 0
1047 1
1048 0
1093 0
1094 1
1095 0
1097 0
1098 1
1099 0
1110 0
1111 1
1112 0
1176 0
1177 1
1178 0
1190 0
1191 1
1192 0
1192 0
1193 1
1194 0
1194 0
1195 1
1196 0
1211 0
1212 1
1213 0
1243 0
1244 1
1245 0
1270 0
1271 1
1272 0
1307 0
1308 2
1309 0
1373 0
1374 1
1375 0
1406 0
1407 1
1408 0
1427 0
1428 1
1429 0
1452 0
1453 1
1454 0
1457 0
1458 1
1459 0
1469 0
1470 1
1471 0
1489 0
1490 1
1491 0
1550 0
1551 1
1552 0
1614 0
1615 1
1616 0
1847 0
1848 1
1849 0
1894 0
1895 1
1896 0
1925 0
1926 1
1927 0
1956 0
1957 1
1959 0
2005 0
2006 1
2007 0
2102 0
2103 1
2104 0
2174 0
2175 1
2176 0
2497 0
2498 1
2499 0
2510 0
2511 1
2512 0
2542 0
2543 1
2544 0
2546 0
2547 1
2548 0
2633 0
2634 59
