5 1.07655373618e-05
6 4.30621494472e-05
7 7.53587615326e-05
8 0.00023684182196
9 0.000753587615326
10 0.00185167242623
11 0.00439233924361
12 0.00846171236637
13 0.015114814456
14 0.0251698263519
15 0.040198516509
16 0.0602439470766
17 0.0855106632648
18 0.116386224418
19 0.151395751919
20 0.189128960372
21 0.230694700126
22 0.274370485203
23 0.319725694108
24 0.366060566913
25 0.414494719504
26 0.462853513333
27 0.512913262065
28 0.563931143623
29 0.613990892355
30 0.66387839249
31 0.712021875572
32 0.758066078868
33 0.799545694323
34 0.837171247403
35 0.869004941382
36 0.896661606864
37 0.919753684505
38 0.938840982248
39 0.953837375793
40 0.966142384997
41 0.975185436381
42 0.982204566741
43 0.987059824091
44 0.990612451421
45 0.993357663448
46 0.995478474308
47 0.996867228628
48 0.997825361453
49 0.998460528157
50 0.99906339825
51 0.99938636437
52 0.99963397173
53 0.999752392641
54 0.999816985865
55 0.999870813552
56 0.999903110164
57 0.999913875701
59 0.999935406776
62 0.999946172313
64 0.999967703388
69 0.999978468925
70 1.0
