2 0.399243140965
3 0.530747398297
4 0.626300851466
5 0.701040681173
6 0.771050141911
7 0.807947019868
8 0.839167455061
9 0.877956480605
10 0.894039735099
11 0.914853358562
12 0.934720908231
13 0.949858088931
14 0.960264900662
15 0.964995269631
16 0.9697256386
17 0.973509933775
18 0.974456007569
19 0.978240302744
20 0.979186376537
21 0.9848628193
22 0.986754966887
25 0.987701040681
26 0.989593188269
27 0.990539262062
28 0.991485335856
29 0.99243140965
30 0.993377483444
31 0.994323557237
36 0.995269631031
37 0.997161778619
39 0.998107852412
44 0.999053926206
56 1.0
