16 0
17 1
18 0
28 0
29 29
30 0
40 0
41 2
42 0
54 0
55 25
56 0
69 0
70 2
71 0
71 0
72 1
73 7
74 6
75 4
77 2
78 0
93 0
94 1
95 4
97 2
98 3
99 5
100 1
101 0
105 0
106 1
107 4
108 1
110 6
111 2
112 0
113 0
114 1
115 0
122 0
123 1
124 0
125 0
126 1
128 2
130 4
131 1
132 2
133 0
142 0
143 1
144 0
147 0
148 3
149 2
150 4
152 0
152 0
153 2
154 0
163 0
164 1
167 0
167 0
168 2
169 1
170 2
171 1
172 6
173 0
173 0
174 1
175 0
177 0
178 2
179 4
180 0
180 0
181 4
182 1
183 0
183 0
184 2
186 1
187 0
187 0
188 1
189 0
191 0
192 1
193 0
193 0
194 1
197 3
198 2
199 1
200 2
202 0
202 0
203 5
204 2
205 0
205 0
206 2
207 1
209 0
209 0
210 1
211 0
212 0
213 1
214 2
215 1
216 0
216 0
217 1
218 2
221 1
222 0
222 0
223 4
224 0
224 0
225 2
226 1
228 0
228 0
229 1
231 0
232 0
233 2
234 1
235 3
236 0
236 0
237 1
238 0
238 0
239 2
240 1
241 2
242 1
243 0
243 0
244 1
245 0
245 0
246 1
247 3
248 1
253 2
254 0
255 0
256 2
257 0
258 0
259 2
260 3
261 5
262 4
263 1
264 2
265 0
265 0
266 1
267 0
267 0
268 2
270 0
271 0
272 4
273 2
274 1
275 4
277 8
278 2
279 1
280 4
281 2
282 3
283 0
284 0
285 1
286 2
287 0
287 0
288 2
289 1
