17 0.003125
29 0.09375
41 0.1
55 0.178125
70 0.184375
72 0.1875
73 0.209375
74 0.228125
75 0.240625
76 0.253125
77 0.259375
94 0.2625
95 0.275
96 0.2875
97 0.29375
98 0.303125
99 0.31875
100 0.321875
106 0.325
107 0.3375
108 0.340625
109 0.34375
110 0.3625
111 0.36875
114 0.371875
123 0.375
126 0.378125
127 0.38125
128 0.3875
129 0.39375
130 0.40625
131 0.409375
132 0.415625
143 0.41875
148 0.428125
149 0.434375
150 0.446875
151 0.459375
153 0.465625
164 0.46875
165 0.471875
166 0.475
168 0.48125
169 0.484375
170 0.490625
171 0.49375
172 0.5125
174 0.515625
178 0.521875
179 0.534375
181 0.546875
182 0.55
184 0.55625
185 0.5625
186 0.565625
188 0.56875
192 0.571875
194 0.575
195 0.578125
196 0.58125
197 0.590625
198 0.596875
199 0.6
200 0.60625
201 0.6125
203 0.628125
204 0.634375
206 0.640625
207 0.64375
208 0.646875
210 0.65
213 0.653125
214 0.659375
215 0.6625
217 0.665625
218 0.671875
219 0.678125
220 0.684375
221 0.6875
223 0.7
225 0.70625
226 0.709375
227 0.7125
229 0.715625
230 0.71875
233 0.725
234 0.728125
235 0.7375
237 0.740625
239 0.746875
240 0.75
241 0.75625
242 0.759375
244 0.7625
246 0.765625
247 0.775
248 0.778125
249 0.78125
250 0.784375
251 0.7875
252 0.790625
253 0.796875
256 0.803125
259 0.809375
260 0.81875
261 0.834375
262 0.846875
263 0.85
264 0.85625
266 0.859375
268 0.865625
269 0.871875
272 0.884375
273 0.890625
274 0.89375
275 0.90625
276 0.91875
277 0.94375
278 0.95
279 0.953125
280 0.965625
281 0.971875
282 0.98125
285 0.984375
286 0.990625
288 0.996875
289 1.0
