0 0
1 0.0028174189992
2 0.0143320879525
3 0.034115269186
4 0.0602682672873
5 0.0808476756293
6 0.101182091015
7 0.117719115575
8 0.132541189441
9 0.147975745697
10 0.165370245605
11 0.180804801862
12 0.196361854597
13 0.211735162614
14 0.22857842837
15 0.242543026888
16 0.256813866601
17 0.270533472163
18 0.284865560115
19 0.299320144546
20 0.312059778281
21 0.325228149691
22 0.336620322166
23 0.348134991119
24 0.359282170638
25 0.370796839591
26 0.382556501501
27 0.392356219759
28 0.401972193299
29 0.412384393949
30 0.423960311141
31 0.433882525877
32 0.444907208918
33 0.453236969437
34 0.463097935934
35 0.472958902432
36 0.482697372451
37 0.49237459423
38 0.501745574815
39 0.509401604704
40 0.517363875789
41 0.525387395112
42 0.532675935567
43 0.540148220739
44 0.548049243584
45 0.554296563974
46 0.562626324493
47 0.56973112023
48 0.577387150119
49 0.584124456422
50 0.590923010963
51 0.597844061983
52 0.603172658786
53 0.609848716849
54 0.615177313652
55 0.621914619955
56 0.627426961475
57 0.633429288908
58 0.639554112819
59 0.645985177926
60 0.652048753598
61 0.657683591597
62 0.663134684878
63 0.668463281681
64 0.674220616157
65 0.678752985852
66 0.683285355546
67 0.688736448827
68 0.693575059717
69 0.699148649476
70 0.705212225149
71 0.709560850126
72 0.713358240951
73 0.717645617688
74 0.721749249709
75 0.725607888773
76 0.72995651375
77 0.733998897532
78 0.737673791878
79 0.742022416856
80 0.746248545354
81 0.750168432658
82 0.753537085809
83 0.758498193177
84 0.762111839285
85 0.765725485392
86 0.769155386783
87 0.773136522325
88 0.777117657867
89 0.780547559258
90 0.783609971213
91 0.785998652539
92 0.78936730569
93 0.792184724689
94 0.795185888406
95 0.798432045079
96 0.801923194708
97 0.803821890121
98 0.806884302076
99 0.810375451706
100 0.813866601335
101 0.817051509769
102 0.819930177007
103 0.822318858333
104 0.824646291419
105 0.826851228027
106 0.830526122374
107 0.832792307221
108 0.835487229742
109 0.838120904024
110 0.840387088871
111 0.842837018436
112 0.84461321737
113 0.847308139891
114 0.850064310651
115 0.851901757824
116 0.854474183867
117 0.856740368714
118 0.858945305322
119 0.8618852208
120 0.864028909169
121 0.866295094016
122 0.868255037668
123 0.869786243645
124 0.871991180254
125 0.873461137992
126 0.875482329883
127 0.876829791144
128 0.878544741839
129 0.880443437251
130 0.88191339499
131 0.883873338642
132 0.885465792858
133 0.886629509402
134 0.887915722423
135 0.889814417835
136 0.891896857965
137 0.893060574508
138 0.894530532247
139 0.896612972377
140 0.897837937159
141 0.899736632572
142 0.900961597354
143 0.902370306854
144 0.904207754027
145 0.905677711766
146 0.90678018007
147 0.908250137809
148 0.90953635083
149 0.91094506033
150 0.911863783916
151 0.913149996938
152 0.914191217003
153 0.915783671219
154 0.916763643045
155 0.917927359588
156 0.91921357261
157 0.920499785631
158 0.921173516261
159 0.921908495131
160 0.922888466957
161 0.923684694065
162 0.924603417652
163 0.925583389478
164 0.926869602499
165 0.927849574325
166 0.928952042629
167 0.929748269737
168 0.930299503889
169 0.931463220432
170 0.932259447541
171 0.933484412323
172 0.934035646475
173 0.935260611257
174 0.935873093649
175 0.93648557604
176 0.937343051387
177 0.938261774974
178 0.939180498561
179 0.940221718626
180 0.941201690451
181 0.94199791756
182 0.942610399951
183 0.943161634103
184 0.943835364733
185 0.944876584798
186 0.945182825994
187 0.945917804863
188 0.947142769645
189 0.947877748515
190 0.948306486189
191 0.948735223862
192 0.949653947449
193 0.950205181601
194 0.950633919275
195 0.951001408709
196 0.951981380535
197 0.952532614687
198 0.953267593557
199 0.954063820665
200 0.954370061861
201 0.954798799535
202 0.955227537208
203 0.955472530165
204 0.955962516078
205 0.95651375023
206 0.956942487903
207 0.957371225577
208 0.957922459729
209 0.958289949164
210 0.958963679794
211 0.95926992099
212 0.959698658664
213 0.960004899859
214 0.960556134011
215 0.960862375207
216 0.961229864641
217 0.961536105837
218 0.961781098793
219 0.962271084706
220 0.962454829424
221 0.962944815337
222 0.963251056532
223 0.963496049489
224 0.963924787162
225 0.964169780119
226 0.964598517793
227 0.965027255466
228 0.965333496662
229 0.965762234336
230 0.966007227292
231 0.966558461444
232 0.966925950879
233 0.967109695596
234 0.967415936792
235 0.967783426226
236 0.968150915661
237 0.968334660379
238 0.968579653335
239 0.968824646291
240 0.969253383965
241 0.969498376922
242 0.969927114595
243 0.969988362835
245 0.970110859313
246 0.970478348747
247 0.970845838182
248 0.971090831139
249 0.971519568812
250 0.971642065291
251 0.971825810008
253 0.972132051204
254 0.972315795921
255 0.972499540638
256 0.972683285356
257 0.973173271268
258 0.973357015986
259 0.973540760703
260 0.973602008942
261 0.97378575366
262 0.974030746616
263 0.97445948429
264 0.974643229007
265 0.974949470203
266 0.975500704355
267 0.975684449072
268 0.975868193789
269 0.976113186746
270 0.976480676181
271 0.976664420898
272 0.976909413854
273 0.977093158572
274 0.977276903289
275 0.977644392724
276 0.977705640963
277 0.977950633919
278 0.978256875115
279 0.97856311631
280 0.97862436455
281 0.978746861028
282 0.978991853984
283 0.979053102223
284 0.979175598702
285 0.979359343419
286 0.979665584614
287 0.979788081093
288 0.97997182581
289 0.980155570527
290 0.980278067006
291 0.980339315245
292 0.980400563484
294 0.980461811723
295 0.980584308201
296 0.980829301158
297 0.980951797636
298 0.981074294114
299 0.98138053531
300 0.981441783549
301 0.981625528266
302 0.981686776505
303 0.981748024744
304 0.981809272983
305 0.981931769462
307 0.982176762418
308 0.982544251853
309 0.98272799657
310 0.982789244809
311 0.982911741287
312 0.983034237766
313 0.983156734244
314 0.983217982483
315 0.983340478961
316 0.9834017272
317 0.983646720157
318 0.983707968396
319 0.983830464874
320 0.983891713113
321 0.984075457831
322 0.984320450787
323 0.984381699026
324 0.984442947265
325 0.984504195504
326 0.984687940222
327 0.9848104367
328 0.984994181417
330 0.985116677896
331 0.985300422613
333 0.985422919091
335 0.985851656765
336 0.986035401482
338 0.98615789796
339 0.9862191462
340 0.986341642678
341 0.986402890917
342 0.986586635634
343 0.986647883873
344 0.986709132112
345 0.986770380352
347 0.986831628591
348 0.98689287683
349 0.986954125069
351 0.987015373308
352 0.987137869786
353 0.987199118025
354 0.987444110982
355 0.987505359221
357 0.98756660746
358 0.987872848656
359 0.987995345134
361 0.988117841612
362 0.98824033809
364 0.988301586329
365 0.988424082808
366 0.988485331047
367 0.988607827525
368 0.988669075764
369 0.988730324003
371 0.988914068721
373 0.989159061677
374 0.989281558155
376 0.989342806394
378 0.989526551112
379 0.98964904759
380 0.989771544068
382 0.989894040546
383 0.990077785264
384 0.990139033503
387 0.990384026459
389 0.990445274698
390 0.990690267655
391 0.990751515894
392 0.990874012372
393 0.990935260611
396 0.99099650885
397 0.991057757089
398 0.991119005329
402 0.991180253568
403 0.991302750046
404 0.991363998285
406 0.991425246524
408 0.991547743002
409 0.991608991242
410 0.991670239481
412 0.99173148772
413 0.991792735959
414 0.991915232437
415 0.991976480676
416 0.992098977154
417 0.992160225394
419 0.99240521835
420 0.992466466589
422 0.992588963067
423 0.992772707785
424 0.992833956024
425 0.992895204263
427 0.993017700741
430 0.993140197219
431 0.993201445458
432 0.993323941937
434 0.993446438415
437 0.993507686654
439 0.993568934893
441 0.993630183132
443 0.99375267961
444 0.99381392785
450 0.993936424328
452 0.993997672567
455 0.994058920806
456 0.994120169045
457 0.994181417284
461 0.994303913762
462 0.994365162002
464 0.994426410241
468 0.99448765848
469 0.994548906719
470 0.994610154958
471 0.994671403197
472 0.994732651436
473 0.994793899675
475 0.994855147914
476 0.994977644393
478 0.995038892632
479 0.995100140871
484 0.995283885588
489 0.995345133827
503 0.995406382067
505 0.995467630306
508 0.995590126784
511 0.995651375023
512 0.995712623262
517 0.995773871501
518 0.99583511974
525 0.995896367979
531 0.995957616219
533 0.996018864458
534 0.996080112697
541 0.996141360936
546 0.996202609175
547 0.996263857414
553 0.996325105653
554 0.996386353892
557 0.996447602131
558 0.996508850371
561 0.99657009861
562 0.996631346849
568 0.996753843327
570 0.996815091566
572 0.996937588044
575 0.996998836283
582 0.997060084523
583 0.997121332762
585 0.997182581001
586 0.99724382924
589 0.997305077479
597 0.997366325718
598 0.997427573957
603 0.997488822196
606 0.997550070435
607 0.997611318675
610 0.997672566914
611 0.997733815153
618 0.997795063392
622 0.997856311631
623 0.99791755987
624 0.997978808109
625 0.998040056348
629 0.998101304587
633 0.998162552827
643 0.998223801066
652 0.998285049305
662 0.998346297544
685 0.998407545783
688 0.998468794022
695 0.998530042261
697 0.9985912905
705 0.99865253874
707 0.998713786979
714 0.998775035218
728 0.998836283457
739 0.998897531696
742 0.998958779935
743 0.999020028174
746 0.999081276413
759 0.999142524652
781 0.999203772892
798 0.999265021131
810 0.99932626937
825 0.999387517609
868 0.999448765848
918 0.999510014087
919 0.999571262326
939 0.999632510565
946 0.999693758804
1026 0.999755007044
1115 0.999816255283
1369 0.999877503522
1503 0.999938751761
1689 1.0
