0 0
1 46
2 188
3 323
4 427
5 336
6 332
7 270
8 242
9 252
10 284
11 252
12 254
13 251
14 275
15 228
16 233
17 224
18 234
19 236
20 208
21 215
22 186
23 188
24 182
25 188
26 192
27 160
28 157
29 170
30 189
31 162
32 180
33 136
34 161
36 159
37 158
38 153
39 125
40 130
41 131
42 119
43 122
44 129
45 102
46 136
47 116
48 125
49 110
50 111
51 113
52 87
53 109
54 87
55 110
56 90
57 98
58 100
59 105
60 99
61 92
62 89
63 87
64 94
65 74
67 89
68 79
69 91
70 99
71 71
72 62
73 70
74 67
75 63
76 71
77 66
78 60
79 71
80 69
81 64
82 55
83 81
84 59
86 56
87 65
89 56
90 50
91 39
92 55
93 46
94 49
95 53
96 57
97 31
98 50
99 57
101 52
102 47
103 39
104 38
105 36
106 60
107 37
108 44
109 43
110 37
111 40
112 29
113 44
114 45
115 30
116 42
117 37
118 36
119 48
120 35
121 37
122 32
123 25
124 36
125 24
126 33
127 22
128 28
129 31
130 24
131 32
132 26
133 19
134 21
135 31
136 34
137 19
138 24
139 34
140 20
141 31
142 20
143 23
144 30
145 24
146 18
147 24
148 21
149 23
150 15
151 21
152 17
153 26
154 16
155 19
156 21
158 11
159 12
160 16
161 13
162 15
163 16
164 21
165 16
166 18
167 13
168 9
169 19
170 13
171 20
172 9
173 20
174 10
176 14
177 15
179 17
180 16
181 13
182 10
183 9
184 11
185 17
186 5
187 12
188 20
189 12
190 7
192 15
193 9
194 7
195 6
196 16
197 9
198 12
199 13
200 5
201 7
203 4
204 8
205 9
206 7
208 9
209 6
210 11
211 5
212 7
213 5
214 9
215 5
216 6
217 5
218 4
219 8
220 3
221 8
222 5
223 4
224 7
225 4
226 7
228 5
229 7
230 4
231 9
232 6
233 3
234 5
235 6
237 3
238 4
240 7
241 4
242 7
243 1
244 0
244 0
245 2
246 6
248 4
249 7
250 2
251 3
252 0
252 0
253 5
254 3
257 8
258 3
260 1
261 3
262 4
263 7
264 3
265 5
266 9
267 3
269 4
270 6
271 3
272 4
273 3
275 6
276 1
277 4
278 5
280 1
281 2
282 4
283 1
284 2
285 3
286 5
287 2
288 3
290 2
291 1
293 0
293 0
294 1
295 2
296 4
297 2
299 5
300 1
301 3
302 1
305 2
306 0
306 0
307 4
308 6
309 3
310 1
311 2
314 1
315 2
316 1
317 4
318 1
319 2
320 1
321 3
322 4
323 1
326 3
327 2
328 3
329 0
329 0
330 2
331 3
332 0
332 0
333 2
334 0
334 0
335 7
336 3
337 0
337 0
338 2
339 1
340 2
341 1
342 3
343 1
346 0
346 0
347 1
350 0
350 0
351 1
352 2
353 1
354 4
355 1
356 0
356 0
357 1
358 5
359 2
360 0
360 0
361 2
363 0
363 0
364 1
365 2
366 1
367 2
368 1
370 0
370 0
371 3
372 0
372 0
373 4
374 2
375 0
375 0
376 1
377 0
377 0
378 3
379 2
381 0
381 0
382 2
383 3
384 1
385 0
386 0
387 4
388 0
388 0
389 1
390 4
391 1
392 2
393 1
394 0
395 0
396 1
399 0
401 0
402 1
403 2
404 1
405 0
405 0
406 1
407 0
407 0
408 2
409 1
411 0
411 0
412 1
414 2
415 1
416 2
417 1
418 0
418 0
419 4
420 1
421 0
421 0
422 2
423 3
424 1
426 0
426 0
427 2
428 0
429 0
430 2
431 1
432 2
433 0
433 0
434 2
435 0
436 0
437 1
438 0
438 0
439 1
440 0
440 0
441 1
442 0
442 0
443 2
444 1
445 0
449 0
450 2
451 0
451 0
452 1
453 0
454 0
455 1
458 0
460 0
461 2
462 1
463 0
463 0
464 1
465 0
467 0
468 1
474 0
474 0
475 1
476 2
477 0
477 0
478 1
480 0
483 0
484 3
485 0
488 0
489 1
490 0
502 0
503 1
504 0
504 0
505 1
506 0
507 0
508 2
509 0
510 0
511 1
513 0
516 0
517 1
519 0
524 0
525 1
526 0
530 0
531 1
532 0
532 0
533 1
535 0
540 0
541 1
542 0
545 0
546 1
548 0
552 0
553 1
555 0
556 0
557 1
559 0
560 0
561 1
563 0
567 0
568 2
569 0
569 0
570 1
571 0
571 0
572 2
573 0
574 0
575 1
576 0
581 0
582 1
584 0
584 0
585 1
587 0
588 0
589 1
590 0
596 0
597 1
599 0
602 0
603 1
604 0
605 0
606 1
608 0
609 0
610 1
612 0
617 0
618 1
619 0
621 0
622 1
626 0
628 0
629 1
630 0
632 0
633 1
634 0
642 0
643 1
644 0
651 0
652 1
653 0
661 0
662 1
663 0
684 0
685 1
686 0
687 0
688 1
689 0
694 0
695 1
696 0
696 0
697 1
698 0
704 0
705 1
706 0
706 0
707 1
708 0
713 0
714 1
715 0
727 0
728 1
729 0
738 0
739 1
740 0
741 0
742 1
744 0
745 0
746 1
747 0
758 0
759 1
760 0
780 0
781 1
782 0
797 0
798 1
799 0
809 0
810 1
811 0
824 0
825 1
826 0
867 0
868 1
869 0
917 0
918 1
920 0
938 0
939 1
940 0
945 0
946 1
947 0
1025 0
1026 1
1027 0
1114 0
1115 1
1116 0
1368 0
1369 1
1370 0
1502 0
1503 1
1504 0
1688 0
1689 1
