16 0
17 0.003125
29 0.09375
41 0.1
55 0.178125
72 0.184375
73 0.221875
74 0.234375
75 0.246875
76 0.259375
92 0.2625
93 0.26875
95 0.278125
96 0.290625
97 0.309375
98 0.315625
99 0.31875
100 0.321875
105 0.328125
107 0.334375
108 0.346875
110 0.359375
112 0.365625
113 0.3875
114 0.390625
116 0.39375
120 0.4
121 0.421875
122 0.428125
123 0.440625
126 0.459375
127 0.509375
128 0.53125
129 0.578125
130 0.59375
131 0.603125
132 0.61875
133 0.6375
134 0.65
135 0.65625
136 0.671875
137 0.69375
138 0.696875
139 0.70625
140 0.709375
144 0.7125
145 0.721875
146 0.725
147 0.728125
148 0.740625
149 0.75
150 0.771875
151 0.778125
152 0.790625
153 0.803125
154 0.834375
155 0.86875
156 0.89375
157 0.928125
158 0.953125
159 0.96875
160 0.990625
161 0.996875
162 1.0
