16 0
17 1
18 0
28 0
29 29
30 0
40 0
41 2
42 0
54 0
55 25
56 0
71 0
72 2
73 12
74 4
77 0
91 0
92 1
93 2
94 0
94 0
95 3
96 4
97 6
98 2
99 1
101 0
104 0
105 2
106 0
106 0
107 2
108 4
109 0
109 0
110 4
111 0
111 0
112 2
113 7
114 1
115 0
115 0
116 1
117 0
119 0
120 2
121 7
122 2
123 4
124 0
125 0
126 6
127 16
128 7
129 15
130 5
131 3
132 5
133 6
134 4
135 2
136 5
137 7
138 1
139 3
140 1
141 0
143 0
144 1
145 3
146 1
148 4
149 3
150 7
151 2
152 4
154 10
155 11
156 8
157 11
158 8
159 5
160 7
161 2
162 1
