7 0.000946073793756
50 0.191106906339
51 0.234626300851
52 0.245979186377
53 0.265846736045
54 0.293282876064
55 0.336802270577
56 0.388836329234
57 0.406811731315
58 0.430463576159
59 0.499526963103
60 0.511825922422
61 0.516556291391
62 0.526017029328
63 0.544938505203
64 0.549668874172
65 0.565752128666
66 0.579943235572
67 0.598864711447
68 0.631031220435
69 0.676442762535
70 0.731315042573
71 0.782403027436
72 0.825922421949
73 0.854304635762
74 0.884578997162
75 0.914853358562
76 0.946073793756
77 0.963103122044
78 0.971617786187
79 0.986754966887
80 0.989593188269
81 0.993377483444
82 0.995269631031
83 0.998107852412
84 1.0
