28 0
29 0.000185494342423
100 0.106102763866
101 0.140790205899
102 0.172880727138
103 0.197180485995
104 0.220923761825
105 0.240771656464
106 0.264514932295
107 0.295121498794
108 0.335930254127
109 0.385271749212
110 0.433871266926
111 0.480801335559
112 0.522166573919
113 0.559450936746
114 0.601372658134
115 0.65312557967
116 0.686700055648
117 0.714153218327
118 0.738452977184
119 0.757187905769
120 0.788907438323
121 0.801892042293
122 0.820441476535
123 0.838248933408
124 0.83917640512
126 0.840103876832
127 0.842144314598
129 0.843628269338
130 0.843999258023
131 0.845668707104
132 0.846410684474
133 0.847152661844
134 0.852531997774
135 0.863290669635
136 0.874976813207
137 0.884437024671
138 0.889259877574
139 0.891485809683
140 0.895381190874
141 0.900204043777
142 0.905768874049
143 0.91040623261
144 0.916713040252
145 0.923761825264
146 0.928955666852
147 0.932294565016
148 0.937117417919
149 0.943238731219
150 0.948803561491
151 0.953069931367
152 0.95863476164
153 0.962715637173
154 0.966611018364
155 0.97087738824
156 0.974401780746
157 0.980337599703
158 0.983305509182
159 0.986273418661
160 0.989241328139
161 0.991652754591
162 0.993322203673
163 0.995548135782
164 0.997032090521
165 0.998145056576
166 0.998887033945
167 0.999443516973
168 0.999814505658
169 1.0
