28 0
29 0.000185494342423
50 0.135967352996
51 0.193285104804
52 0.232424411055
53 0.279539974031
54 0.337414208867
55 0.390465590799
56 0.451493229457
57 0.514004822853
58 0.578371359674
59 0.634576145428
60 0.690038953812
61 0.741420886663
62 0.784455574105
63 0.817844555741
64 0.840289371174
65 0.863290669635
66 0.877202745316
67 0.888517900204
68 0.906881840104
69 0.916713040252
70 0.92190688184
71 0.926915229086
72 0.939343350028
73 0.944166202931
74 0.948618067149
75 0.953069931367
76 0.9571508069
77 0.966054535337
78 0.971990354294
79 0.977369690224
80 0.981265071415
81 0.984047486552
82 0.986087924318
83 0.988870339455
84 0.991467260249
85 0.995177147097
86 0.996104618809
87 0.997774067891
88 0.998701539603
89 0.999814505658
90 1.0
