2 0.000333731658216
3 0.0014102853944
4 0.00443540139306
5 0.0102380260311
6 0.0195071536996
7 0.0314999623206
8 0.0448492286492
9 0.0584353367998
10 0.0699329307022
11 0.0801494256586
12 0.087749895036
13 0.0940800310047
14 0.100474760198
15 0.106492695583
16 0.112478334356
17 0.118399379905
18 0.125041716457
19 0.131920894831
20 0.138477107085
21 0.145625423893
22 0.153365845256
23 0.160987845708
24 0.168491425249
25 0.175951942641
26 0.182335906297
27 0.189333505582
28 0.1957067037
29 0.201929184295
30 0.208259320264
31 0.21443873871
32 0.22125332386
33 0.22749733553
34 0.233827471498
35 0.239888469033
36 0.245626500447
37 0.251095393427
38 0.256790362691
39 0.26254992518
40 0.268104942458
41 0.273595366513
42 0.279107321642
43 0.28511449149
44 0.290346542648
45 0.295826201165
46 0.301198204308
47 0.306710159438
48 0.311974507208
49 0.31686206117
50 0.32192186373
51 0.327218508112
52 0.332525918031
53 0.337865624563
54 0.342333322568
55 0.347769918936
56 0.352592879674
57 0.357308185038
58 0.36199119379
59 0.366631140393
60 0.371755536178
61 0.376470841542
62 0.381024663846
63 0.38578303136
64 0.390175370604
65 0.394503116623
66 0.399379905048
67 0.403513871395
68 0.407723196503
69 0.412094004672
70 0.416518640528
71 0.420555717039
72 0.424883463058
73 0.429006663868
74 0.433043740378
75 0.437102347964
76 0.441505452745
77 0.445241094209
78 0.449213577496
79 0.453304481693
80 0.457427682503
81 0.461486290088
82 0.465114276179
83 0.468709965658
84 0.472553262496
85 0.476342731647
86 0.480121435261
87 0.483523345068
88 0.48702214471
89 0.490757786175
90 0.494310413504
91 0.497453950414
92 0.501372606014
93 0.505172840702
94 0.508660874808
95 0.512342688585
96 0.515819957153
97 0.519307991258
98 0.522882149663
99 0.526305590544
100 0.529879748948
101 0.533367783053
102 0.536941941457
103 0.540343851263
104 0.54370269892
105 0.546835470292
106 0.550301973323
107 0.553553165606
108 0.556955075413
109 0.560130908934
110 0.563339039068
111 0.566622527963
112 0.569539988589
113 0.572112952018
114 0.575051943718
115 0.578400025837
116 0.581220596626
117 0.584051932952
118 0.586969393577
119 0.589660777918
120 0.592502879781
121 0.595398809332
122 0.59842392533
123 0.601136840745
124 0.603774397399
125 0.606390422978
126 0.609307883603
127 0.612279171915
128 0.614432279387
129 0.617188256952
130 0.619922703442
131 0.622474135796
132 0.624885616166
133 0.62784613894
134 0.630505226668
135 0.633045893486
136 0.63604947841
137 0.638310241256
138 0.640603300714
139 0.643187029681
140 0.645361668228
141 0.64771932091
142 0.650120035742
143 0.652466922886
144 0.654566202672
145 0.657160697176
146 0.659518349858
147 0.661606864107
148 0.663792268191
149 0.666526714681
150 0.668873601826
151 0.671048240373
152 0.673405893055
153 0.675709718051
154 0.677938184284
155 0.680209712668
156 0.682352054603
157 0.684655879598
158 0.68685204922
159 0.689252764052
160 0.691373574912
161 0.693526682384
162 0.695389120348
163 0.697434572447
164 0.699415431321
165 0.701224041598
166 0.703140307248
167 0.705121166123
168 0.707198914834
169 0.70921207032
170 0.711225225807
171 0.713098429308
172 0.715230005706
173 0.717275457804
174 0.719019474857
175 0.720989568194
176 0.722819709546
177 0.724671381972
178 0.726663006384
179 0.728503913273
180 0.730301758012
181 0.731981181841
182 0.733918978566
183 0.735910602978
184 0.737751509867
185 0.73940940262
186 0.741078060911
187 0.743069685323
188 0.744695281465
189 0.746590016041
190 0.748290970944
191 0.749884270473
192 0.751595990914
193 0.752984745234
194 0.754696465674
195 0.756365123965
196 0.757807705972
197 0.759616316248
198 0.761198850241
199 0.762673728859
200 0.764310090538
201 0.765967983292
202 0.767356737612
203 0.768885443917
204 0.770392619148
205 0.772050511901
206 0.773439266221
207 0.774924910377
208 0.77642132007
209 0.777734715628
210 0.779177297635
211 0.780619879641
212 0.781954806274
213 0.783343560594
214 0.784764611526
215 0.786099538158
216 0.787488292478
217 0.788758625887
218 0.790018193758
219 0.791568431138
220 0.792806467935
221 0.794033739194
222 0.795508617813
223 0.796929668744
224 0.798156940004
225 0.799362680188
226 0.800686841284
227 0.802043298991
228 0.803496646535
229 0.804670090108
230 0.805875830292
231 0.807049273865
232 0.808567214633
233 0.809772954817
234 0.81110788145
235 0.812442808083
236 0.813562423968
237 0.814552853406
238 0.815995435412
239 0.817168878985
240 0.818374619169
241 0.819655718115
242 0.820710740777
243 0.821604280378
244 0.822583944278
245 0.823843512149
246 0.825081548946
247 0.826147337144
248 0.827439201628
249 0.828644941812
250 0.829743026623
251 0.830819580359
252 0.83196072732
253 0.833037281056
254 0.834038476031
255 0.835233450678
256 0.836396128713
257 0.837698758734
258 0.838753781395
259 0.839884162818
260 0.840777702419
261 0.841854256155
262 0.842952340966
263 0.844082722389
264 0.845331524723
265 0.846149705563
266 0.847193962687
267 0.848227454273
268 0.849088697262
269 0.8500791267
270 0.851112618286
271 0.852242999709
272 0.853233429147
273 0.854137734285
274 0.855085101573
275 0.856000172249
276 0.856786056476
277 0.857798016988
278 0.858917632874
279 0.85995112446
280 0.860941553898
281 0.861759734737
282 0.862717867562
283 0.863632938238
284 0.864537243377
285 0.865323127604
286 0.866022887532
287 0.866981020358
288 0.86778843566
289 0.868552788812
290 0.869414031801
291 0.87031833694
292 0.871222642078
293 0.87223460259
294 0.872891300369
295 0.873709481209
296 0.874592255272
297 0.875345842888
298 0.876088664966
299 0.876734597207
300 0.877574309122
301 0.878338662274
302 0.878909235755
303 0.879727416594
304 0.880405645448
305 0.88100851554
306 0.881837461917
307 0.882698704906
308 0.883484589133
309 0.884281238898
310 0.884959467752
311 0.88565922768
312 0.886574298356
313 0.887284823822
314 0.887876928377
315 0.88843673632
316 0.889018075337
317 0.88973936634
318 0.89039606412
319 0.891117355123
320 0.891806349514
321 0.892646061428
322 0.893367352431
323 0.893980988061
324 0.894519264929
325 0.89520825932
326 0.89582189495
327 0.896381702893
328 0.896952276373
329 0.897608974152
330 0.898093423333
331 0.898653231276
332 0.899256101368
333 0.899751316087
334 0.900278827418
335 0.900860166435
336 0.901473802065
337 0.902012078933
338 0.902604183488
339 0.903185522505
340 0.903583847388
341 0.904251310704
342 0.904821884184
343 0.905349395515
344 0.905844610234
345 0.906404418177
346 0.90692116397
347 0.907470206375
348 0.907782406959
349 0.908191497379
350 0.908858960695
351 0.909472596325
352 0.909903217819
353 0.910247715015
354 0.91079675742
355 0.911431924124
356 0.912013263142
357 0.912486946786
358 0.913057520266
359 0.913617328209
360 0.91410177739
361 0.914629288721
362 0.915059910215
363 0.915522828322
364 0.916028808578
365 0.91647019561
366 0.917083831239
367 0.917579045958
368 0.918085026214
369 0.91859100647
370 0.919053924577
371 0.919549139295
372 0.919872105416
373 0.920399616747
374 0.920873300391
375 0.921260859736
376 0.921659184618
377 0.922089806113
378 0.922552724219
379 0.922929518027
380 0.923327842909
381 0.92369387118
382 0.924049133913
383 0.924501286482
384 0.924759659378
385 0.925157984261
386 0.925556309143
387 0.925911571876
388 0.926342193371
389 0.926912766851
390 0.927332622808
391 0.927612526779
392 0.92814003811
393 0.92850606638
394 0.928925922337
395 0.929345778295
396 0.929744103177
397 0.930142428059
398 0.93050845633
399 0.930842187988
400 0.931175919646
401 0.931520416842
402 0.93181108635
403 0.932134052471
404 0.932403190905
405 0.932715391489
406 0.933070654222
407 0.933479744641
408 0.933824241837
409 0.934147207958
410 0.934491705153
411 0.934803905737
412 0.935137637395
413 0.935449837979
414 0.935869693936
415 0.936214191131
416 0.936590984939
417 0.93691395106
418 0.937301510405
419 0.937613710988
420 0.937839787273
421 0.938238112155
422 0.938496485052
423 0.938808685636
424 0.939250072667
425 0.939529976639
426 0.939831411685
427 0.94017590888
428 0.940488109464
429 0.94078954451
430 0.941252462617
431 0.9415646632
432 0.941962988083
433 0.942167533292
434 0.942415140652
435 0.942695044623
436 0.943028776281
437 0.943437866701
438 0.94372853621
439 0.944083798943
440 0.944320640765
441 0.944632841348
442 0.944966573006
443 0.945171118216
444 0.945397194501
445 0.945655567398
446 0.945913940294
447 0.946150782116
448 0.9464629827
449 0.946689058984
450 0.946958197418
451 0.94719503924
452 0.947518005361
453 0.947851737019
454 0.948088578841
455 0.948368482813
456 0.948594559097
457 0.948842166457
458 0.949100539353
459 0.94935891225
460 0.949595754072
461 0.949832595894
462 0.950047906641
463 0.950252451851
464 0.950489293673
465 0.95074766657
466 0.950919915168
467 0.951221350214
468 0.951458192036
469 0.951630440633
470 0.951845751381
471 0.952039531053
472 0.952319435025
473 0.952567042384
474 0.952846946355
475 0.95307302264
476 0.953288333387
477 0.953535940746
478 0.953837375793
479 0.954031155465
480 0.954181872988
481 0.954332590511
482 0.954601728945
483 0.95478474308
484 0.955021584902
485 0.955226130112
486 0.955344551023
487 0.955495268546
488 0.955645986069
489 0.95580746913
490 0.95596895219
491 0.956162731863
492 0.956324214923
493 0.956528760133
494 0.956722539806
495 0.956937850553
496 0.9571531613
497 0.95735770651
498 0.957637610481
499 0.957852921229
500 0.958014404289
501 0.958272777186
502 0.958391198097
503 0.958595743307
504 0.95890794389
505 0.959058661413
506 0.959284737698
507 0.959435455221
508 0.959607703819
509 0.959790717954
510 0.959919904402
511 0.960092153
512 0.960285932672
513 0.960479712345
514 0.960587367718
515 0.960791912928
516 0.960899568302
517 0.9610718169
518 0.961265596572
519 0.961394783021
520 0.961545500544
521 0.961728514679
522 0.961900763277
523 0.962126839561
524 0.962234494935
525 0.962428274607
526 0.962568226593
527 0.962751240728
528 0.962998848088
529 0.963171096685
530 0.963321814208
531 0.963526359418
532 0.963709373553
533 0.963935449838
534 0.964161526123
535 0.964344540258
536 0.964506023318
537 0.964656740841
538 0.964764396215
539 0.964850520514
540 0.965044300186
541 0.965205783247
542 0.965334969695
543 0.965528749368
544 0.965711763503
545 0.965819418876
546 0.965959370862
547 0.966196212684
548 0.96633616467
549 0.966454585581
550 0.96654070988
551 0.966745255089
552 0.96690673815
553 0.967035924598
554 0.967218938733
555 0.967326594107
556 0.967455780555
557 0.967574201466
558 0.967735684527
559 0.967929464199
560 0.968101712797
561 0.968241664783
562 0.968381616768
563 0.968532334291
564 0.968596927516
565 0.968769176113
566 0.968898362562
567 0.969038314547
568 0.969199797608
569 0.969264390832
570 0.969361280668
571 0.969447404967
572 0.96964118464
573 0.969759605551
574 0.969910323074
575 0.970017978447
576 0.970136399358
577 0.970287116881
578 0.970384006718
579 0.970491662091
580 0.970588551928
581 0.970706972839
582 0.970836159287
583 0.97098687681
584 0.971094532184
585 0.971159125408
586 0.971288311856
587 0.971374436155
588 0.971482091529
589 0.971622043514
590 0.971772761037
591 0.971891181948
592 0.972020368397
593 0.972149554845
594 0.972267975756
595 0.972364865592
596 0.972450989891
597 0.972526348653
598 0.972666300638
599 0.972752424937
600 0.972827783699
601 0.972967735685
602 0.973086156596
603 0.973215343044
604 0.973322998417
605 0.973398357179
606 0.973506012553
607 0.973559840239
608 0.973613667926
609 0.973742854375
610 0.973828978673
611 0.97392586851
612 0.974044289421
613 0.974108882645
614 0.974195006944
615 0.97429189678
616 0.974378021079
617 0.974507207527
618 0.974571800751
619 0.974647159513
620 0.974722518274
621 0.974819408111
622 0.974970125634
623 0.975131608694
624 0.975260795143
625 0.975336153904
626 0.975422278203
627 0.975519168039
628 0.975702182174
629 0.975799072011
630 0.975852899697
631 0.976003617221
632 0.976025148295
633 0.976078975982
634 0.97625122458
635 0.976380411028
636 0.976423473178
637 0.976466535327
638 0.976574190701
639 0.976649549462
640 0.976724908224
641 0.976811032523
642 0.976886391284
643 0.976972515583
644 0.976994046658
645 0.97702634327
646 0.977069405419
647 0.977133998644
648 0.977198591868
649 0.977252419555
650 0.977381606003
651 0.977500026914
652 0.97759691675
653 0.9776399789
654 0.977715337661
655 0.977833758572
656 0.977941413946
657 0.977995241632
658 0.978038303782
659 0.978135193618
660 0.978221317917
661 0.978307442216
662 0.978382800978
663 0.978436628664
664 0.978555049575
665 0.978695001561
666 0.978770360323
667 0.978845719084
668 0.978921077846
669 0.979039498757
670 0.97914715413
671 0.97919021628
672 0.979287106116
673 0.979308637191
674 0.979405527027
675 0.979437823639
676 0.97955624455
677 0.979610072237
678 0.979653134386
679 0.979685430998
680 0.979793086372
681 0.979900741746
682 0.979997631582
683 0.980062224806
684 0.980116052493
685 0.980191411254
686 0.980309832165
687 0.980374425389
688 0.980449784151
689 0.980482080763
690 0.980578970599
691 0.980675860436
692 0.980729688122
693 0.980848109033
694 0.98090193672
695 0.981009592094
696 0.981095716393
697 0.981160309617
698 0.981235668378
699 0.981289496065
700 0.981386385901
701 0.981450979126
702 0.981547868962
703 0.981580165574
704 0.981623227723
705 0.981687820948
706 0.981817007396
707 0.981838538471
708 0.981870835083
709 0.981935428307
710 0.982010787068
711 0.982064614755
712 0.982172270129
713 0.98224762889
714 0.982279925502
715 0.982344518727
716 0.982387580876
717 0.9824521741
718 0.982516767324
719 0.982538298399
720 0.982602891623
721 0.982667484848
722 0.982742843609
723 0.982807436833
724 0.98286126452
725 0.982925857744
726 0.982979685431
727 0.983055044193
728 0.983087340805
729 0.983130402954
730 0.983151934029
731 0.98322729279
732 0.983238058328
733 0.98327035494
734 0.983324182627
735 0.983378010313
736 0.983442603538
737 0.983485665687
738 0.983539493374
739 0.983614852135
740 0.98367944536
741 0.983722507509
742 0.983765569658
743 0.983808631808
744 0.983862459495
745 0.983937818256
746 0.983980880406
747 0.984067004705
748 0.984196191153
749 0.98425001884
750 0.984314612064
751 0.984379205288
752 0.984443798512
753 0.984562219423
754 0.98461604711
755 0.984702171409
756 0.984755999096
757 0.98482059232
758 0.984885185544
759 0.984917482156
760 0.984971309843
761 0.98502513753
762 0.985068199679
763 0.985111261829
764 0.985143558441
765 0.98518662059
766 0.985208151665
767 0.985251213814
768 0.985294275964
769 0.985369634725
770 0.985401931337
771 0.985466524562
772 0.985563414398
773 0.985617242085
774 0.985703366384
775 0.985746428533
776 0.985778725145
777 0.985897146056
778 0.985918677131
779 0.985972504818
780 0.986080160191
781 0.986155518953
782 0.98620934664
783 0.986241643252
784 0.986306236476
785 0.986349298625
786 0.986424657387
787 0.986478485074
788 0.98653231276
789 0.986650733671
790 0.986715326896
791 0.986726092433
792 0.98673685797
793 0.98677992012
794 0.986801451194
795 0.986822982269
796 0.986898341031
797 0.986952168718
798 0.986962934255
799 0.987016761942
800 0.987049058554
801 0.987081355166
802 0.987135182853
803 0.987178245002
804 0.987221307152
805 0.987242838226
806 0.987275134838
807 0.98730743145
808 0.987372024675
810 0.987415086824
812 0.987458148974
813 0.987522742198
814 0.987544273272
815 0.987587335422
816 0.987630397571
817 0.987684225258
818 0.987727287408
819 0.987748818482
820 0.98775958402
821 0.987802646169
822 0.987834942781
823 0.987888770468
824 0.987910301543
825 0.987953363692
826 0.987996425842
827 0.988017956916
828 0.98812561229
829 0.988168674439
830 0.988222502126
831 0.988265564276
832 0.988308626425
833 0.988340923037
834 0.988362454112
835 0.988405516261
836 0.988470109486
837 0.988523937172
838 0.988566999322
839 0.988610061471
840 0.988653123621
841 0.988663889158
842 0.988706951307
843 0.988728482382
844 0.988782310069
845 0.988825372218
846 0.988857668831
847 0.988889965443
848 0.988933027592
849 0.988965324204
850 0.988986855279
851 0.989008386354
852 0.98906221404
853 0.989094510652
854 0.989137572802
855 0.989159103877
856 0.989191400489
857 0.989212931563
858 0.989223697101
859 0.989245228176
860 0.989299055862
861 0.989363649087
862 0.989385180161
863 0.989395945699
864 0.989428242311
865 0.989460538923
867 0.989503601072
868 0.989535897684
869 0.989611256446
870 0.989643553058
871 0.98967584967
872 0.989729677357
873 0.989761973969
874 0.989794270581
875 0.989826567193
876 0.98983733273
877 0.989858863805
878 0.989891160417
879 0.989923457029
880 0.989998815791
881 0.99004187794
882 0.99008494009
883 0.990128002239
884 0.990149533314
885 0.990192595463
886 0.990203361001
887 0.990224892075
888 0.990235657613
889 0.990267954225
890 0.990332547449
891 0.990343312986
892 0.990354078524
893 0.990397140673
894 0.990472499435
895 0.99049403051
896 0.990515561584
897 0.990590920346
898 0.990623216958
899 0.990633982495
900 0.990677044645
901 0.990709341257
902 0.990741637869
903 0.990784700018
904 0.990806231093
905 0.990827762168
906 0.990838527705
907 0.990849293242
908 0.99086005878
910 0.990903120929
911 0.990913886467
912 0.990946183079
913 0.990989245228
914 0.991000010766
915 0.99106460399
916 0.991118431677
917 0.991139962751
918 0.991183024901
919 0.991236852587
920 0.9912691492
921 0.991301445812
922 0.991322976886
923 0.991355273498
924 0.991376804573
925 0.991452163335
926 0.991495225484
927 0.991559818708
928 0.991602880858
929 0.99163517747
930 0.991678239619
931 0.991689005157
932 0.991699770694
933 0.991732067306
934 0.991753598381
935 0.991775129456
937 0.99179666053
938 0.99183972268
939 0.991861253754
940 0.991893550367
941 0.991925846979
942 0.991947378053
943 0.991979674665
944 0.992033502352
945 0.992055033427
946 0.992065798964
947 0.992141157726
948 0.992173454338
949 0.992227282025
950 0.992238047562
951 0.992270344174
952 0.992281109712
953 0.992324171861
955 0.992345702936
956 0.992356468473
957 0.992388765085
958 0.992399530623
959 0.992431827235
960 0.992485654921
961 0.992539482608
962 0.992550248146
963 0.99257177922
964 0.992582544758
965 0.992593310295
966 0.992647137982
967 0.992657903519
969 0.992690200131
970 0.992722496743
971 0.992744027818
972 0.992787089968
973 0.992808621042
974 0.992830152117
975 0.992840917654
976 0.992862448729
977 0.992883979804
979 0.992927041953
981 0.992959338565
982 0.99298086964
983 0.992991635177
984 0.993002400715
985 0.99302393179
986 0.993034697327
987 0.993056228402
988 0.993099290551
989 0.993110056088
990 0.993120821626
991 0.993131587163
992 0.993153118238
993 0.993174649313
994 0.993196180387
995 0.993217711462
996 0.993239242537
997 0.993260773612
998 0.993271539149
999 0.993293070224
1000 0.993303835761
1001 0.993336132373
1002 0.99338996006
1003 0.993411491135
1004 0.993422256672
1005 0.993454553284
1006 0.993486849896
1007 0.993508380971
1008 0.993529912046
1009 0.993562208658
1010 0.99359450527
1012 0.993626801882
1013 0.993659098494
1014 0.993691395106
1015 0.993723691718
1016 0.993745222793
1017 0.99375598833
1018 0.993766753868
1020 0.99379905048
1022 0.993820581554
1023 0.993831347092
1024 0.993842112629
1026 0.993895940316
1027 0.993939002465
1028 0.993949768003
1029 0.993982064615
1030 0.993992830152
1031 0.994014361227
1033 0.994035892302
1034 0.994057423376
1035 0.994089719988
1036 0.994111251063
1037 0.9941220166
1038 0.994143547675
1039 0.994154313213
1040 0.994175844287
1041 0.994197375362
1043 0.994229671974
1046 0.994272734124
1047 0.994337327348
1048 0.994348092885
1049 0.994358858422
1050 0.99436962396
1051 0.994380389497
1053 0.994401920572
1054 0.994423451647
1055 0.994444982721
1057 0.994477279333
1059 0.994498810408
1060 0.994509575945
1061 0.994520341483
1062 0.99453110702
1064 0.994541872558
1065 0.994552638095
1067 0.994584934707
1068 0.994595700244
1069 0.994627996856
1070 0.994638762394
1071 0.994649527931
1072 0.994660293469
1074 0.994671059006
1075 0.994681824543
1076 0.994703355618
1078 0.994724886693
1083 0.99473565223
1084 0.994746417767
1086 0.994757183305
1087 0.994789479917
1088 0.994800245454
1089 0.994821776529
1092 0.994843307604
1093 0.994875604216
1094 0.99494019744
1095 0.994961728515
1097 0.994972494052
1098 0.995015556201
1099 0.995037087276
1100 0.995090914963
1101 0.995123211575
1102 0.99514474265
1103 0.995177039262
1104 0.995187804799
1106 0.995220101411
1107 0.995230866949
1108 0.995241632486
1109 0.995252398023
1111 0.995263163561
1112 0.995273929098
1114 0.995295460173
1115 0.995327756785
1118 0.995360053397
1120 0.995370818934
1122 0.995392350009
1125 0.995403115547
1126 0.995424646621
1127 0.995435412159
1129 0.995446177696
1130 0.995478474308
1132 0.995489239845
1133 0.995500005383
1134 0.99551077092
1135 0.995532301995
1136 0.995564598607
1141 0.995586129682
1142 0.995607660756
1144 0.995629191831
1145 0.995650722906
1146 0.995661488443
1147 0.995672253981
1148 0.995683019518
1152 0.995693785055
1154 0.995704550593
1155 0.99571531613
1156 0.995736847205
1157 0.995769143817
1159 0.995790674892
1160 0.995812205966
1161 0.995822971504
1162 0.995833737041
1163 0.995844502578
1164 0.995855268116
1165 0.995866033653
1166 0.99587679919
1167 0.995898330265
1169 0.99591986134
1170 0.995941392415
1171 0.995952157952
1172 0.995962923489
1176 0.995973689027
1178 0.995984454564
1179 0.995995220101
1181 0.996005985639
1182 0.996016751176
1184 0.996027516713
1185 0.996038282251
1186 0.996059813326
1187 0.996070578863
1188 0.996102875475
1189 0.996113641012
1193 0.99612440655
1194 0.996135172087
1196 0.996145937624
1197 0.996167468699
1199 0.996188999774
1201 0.996210530849
1203 0.996221296386
1204 0.996242827461
1205 0.996264358535
1206 0.996275124073
1207 0.99628588961
1209 0.996318186222
1210 0.99632895176
1212 0.996339717297
1213 0.996350482834
1214 0.996372013909
1215 0.996393544984
1216 0.996436607133
1218 0.996447372671
1221 0.996458138208
1223 0.996468903745
1224 0.99649043482
1227 0.996501200357
1228 0.996522731432
1230 0.99653349697
1232 0.996555028044
1235 0.996565793582
1236 0.996576559119
1240 0.996598090194
1243 0.996641152343
1244 0.99665191788
1245 0.996662683418
1247 0.996673448955
1249 0.996684214493
1250 0.996705745567
1251 0.996727276642
1252 0.996738042179
1254 0.996748807717
1255 0.996781104329
1256 0.996791869866
1259 0.996802635404
1260 0.996813400941
1262 0.996834932016
1266 0.996845697553
1267 0.99685646309
1268 0.996877994165
1270 0.996888759702
1271 0.996910290777
1272 0.996921056315
1273 0.996953352927
1274 0.996964118464
1277 0.996974884001
1278 0.996985649539
1280 0.996996415076
1281 0.997007180613
1282 0.997017946151
1290 0.997050242763
1291 0.9970610083
1292 0.997071773838
1293 0.997082539375
1294 0.997114835987
1297 0.997125601524
1298 0.997136367062
1302 0.997168663674
1303 0.997179429211
1305 0.997190194749
1308 0.997200960286
1309 0.997222491361
1311 0.997233256898
1312 0.997254787973
1315 0.99726555351
1316 0.997287084585
1317 0.997297850122
1322 0.99730861566
1323 0.997319381197
1326 0.997330146734
1328 0.997340912272
1329 0.997351677809
1330 0.997362443346
1333 0.997373208884
1336 0.997383974421
1338 0.997416271033
1339 0.997427036571
1341 0.99747009872
1342 0.997480864257
1343 0.997502395332
1344 0.997523926407
1346 0.997534691944
1348 0.997545457482
1349 0.997556223019
1354 0.997566988556
1356 0.997577754094
1359 0.997588519631
1362 0.997599285168
1364 0.997610050706
1368 0.99763158178
1372 0.997653112855
1373 0.99767464393
1374 0.997685409467
1377 0.997696175005
1380 0.997706940542
1384 0.997717706079
1387 0.997739237154
1389 0.997750002691
1390 0.997760768229
1398 0.997782299303
1402 0.997793064841
1403 0.997814595916
1407 0.99783612699
1409 0.997846892528
1412 0.997857658065
1413 0.997868423602
1414 0.99787918914
1416 0.997889954677
1419 0.997900720214
1422 0.997911485752
1424 0.997922251289
1425 0.997954547901
1426 0.997965313439
1429 0.997997610051
1430 0.998008375588
1431 0.998019141125
1433 0.998029906663
1434 0.9980406722
1444 0.998051437738
1446 0.99808373435
1450 0.998094499887
1454 0.998105265424
1458 0.998116030962
1459 0.998126796499
1460 0.998148327574
1461 0.998159093111
1463 0.998169858648
1469 0.998180624186
1472 0.998191389723
1474 0.998202155261
1480 0.998212920798
1483 0.998234451873
1485 0.99824521741
1490 0.998255982947
1491 0.998266748485
1494 0.998288279559
1497 0.998299045097
1502 0.998320576172
1504 0.998331341709
1505 0.998352872784
1508 0.998374403858
1512 0.998395934933
1513 0.99840670047
1514 0.998417466008
1515 0.998428231545
1516 0.998438997083
1519 0.99844976262
1526 0.998460528157
1531 0.998471293695
1534 0.998482059232
1544 0.998492824769
1549 0.998503590307
1551 0.998514355844
1552 0.998525121381
1553 0.998546652456
1555 0.998568183531
1557 0.998578949068
1560 0.998589714606
1563 0.998622011218
1565 0.998643542292
1568 0.99865430783
1570 0.998665073367
1575 0.998675838904
1576 0.998708135517
1581 0.998718901054
1582 0.998729666591
1585 0.998740432129
1596 0.998751197666
1603 0.998761963203
1608 0.998772728741
1609 0.998783494278
1618 0.998794259815
1621 0.998805025353
1626 0.99881579089
1630 0.998837321965
1638 0.998869618577
1639 0.998880384114
1640 0.998912680726
1643 0.998923446264
1654 0.998934211801
1661 0.998944977339
1673 0.998955742876
1675 0.998966508413
1681 0.998977273951
1684 0.998988039488
1685 0.999009570563
1697 0.999031101637
1709 0.999041867175
1716 0.999052632712
1718 0.99906339825
1726 0.999074163787
1735 0.999084929324
1748 0.999095694862
1751 0.999106460399
1757 0.999117225936
1760 0.999127991474
1768 0.999138757011
1773 0.999149522548
1775 0.999160288086
1776 0.999171053623
1784 0.999181819161
1785 0.999192584698
1786 0.999203350235
1789 0.999214115773
1790 0.99922488131
1794 0.999235646847
1800 0.999246412385
1805 0.999257177922
1808 0.999267943459
1814 0.999278708997
1816 0.999289474534
1825 0.999300240071
1829 0.999311005609
1830 0.999321771146
1840 0.999332536684
1842 0.999343302221
1855 0.999354067758
1859 0.999375598833
1870 0.99938636437
1874 0.999397129908
1877 0.999407895445
1879 0.999418660982
1887 0.99942942652
1890 0.999440192057
1900 0.999450957595
1905 0.999461723132
1906 0.999472488669
1915 0.999483254207
1937 0.999494019744
1939 0.999504785281
1943 0.999515550819
1972 0.999526316356
1974 0.999537081893
1979 0.999547847431
1985 0.999558612968
2007 0.999569378506
2015 0.999580144043
2022 0.99959090958
2076 0.999601675118
2082 0.999612440655
2088 0.999623206192
2091 0.99963397173
2100 0.999644737267
2113 0.999655502804
2146 0.999666268342
2151 0.999677033879
2153 0.999687799417
2157 0.999698564954
2192 0.999709330491
2220 0.999720096029
2221 0.999730861566
2274 0.999741627103
2338 0.999752392641
2367 0.999763158178
2377 0.999773923715
2388 0.999784689253
2418 0.99979545479
2447 0.999806220327
2525 0.999816985865
2551 0.999827751402
2555 0.99983851694
2586 0.999849282477
2852 0.999860048014
2895 0.999870813552
2932 0.999881579089
2952 0.999892344626
3016 0.999903110164
3308 0.999913875701
3340 0.999924641238
3363 0.999935406776
3538 0.999946172313
3548 0.999956937851
3634 0.999967703388
3774 0.999978468925
3801 0.999989234463
4528 1.0
