# Statistics for m=1, N=500, S=100000, M=21
# k-definiteness count
1 0
2 0
3 0
4 0
5 0
6 0
7 0
8 0
9 0
10 0
11 0
12 0
13 0
14 0
15 0
16 0
17 0
18 0
19 0
20 0
21 0
22 0
23 0
24 0
25 0
26 0
27 0
28 0
29 0
30 0
31 0
32 0
33 0
34 0
35 0
36 0
37 0
38 0
39 0
40 0
41 0
42 0
43 0
44 0
45 0
46 0
47 0
48 0
49 0
50 0
51 0
52 0
53 0
54 0
55 0
56 0
57 0
58 0
59 0
60 0
61 0
62 0
63 0
64 0
65 0
66 0
67 0
68 0
69 0
70 0
71 0
72 0
73 0
74 0
75 0
76 0
77 0
78 0
79 0
80 0
81 0
82 0
83 0
84 0
85 0
86 0
87 0
88 0
89 0
90 0
91 0
92 0
93 0
94 0
95 0
96 0
97 0
98 0
99 0
100 0
101 0
102 0
103 0
104 0
105 0
106 0
107 0
108 0
109 0
110 0
111 0
112 0
113 0
114 0
115 0
116 0
117 0
118 0
119 0
120 0
121 0
122 0
123 0
124 0
125 0
126 0
127 0
128 0
129 0
130 0
131 0
132 0
133 0
134 0
135 0
136 0
137 0
138 0
139 0
140 0
141 0
142 0
143 0
144 0
145 0
146 0
147 0
148 0
149 0
150 0
151 0
152 0
153 0
154 0
155 0
156 0
157 0
158 0
159 0
160 0
161 0
162 0
163 0
164 0
165 0
166 0
167 0
168 0
169 0
170 0
171 0
172 0
173 0
174 0
175 0
176 0
177 0
178 0
179 0
180 0
181 0
182 0
183 0
184 0
185 0
186 0
187 0
188 0
189 0
190 0
191 0
192 0
193 0
194 0
195 0
196 0
197 0
198 0
199 0
200 0
201 0
202 0
203 0
204 0
205 0
206 0
207 0
208 0
209 0
210 0
211 0
212 0
213 0
214 0
215 0
216 0
217 0
218 0
219 0
220 0
221 0
222 0
223 0
224 0
225 0
226 0
227 0
228 0
229 0
230 0
231 0
232 0
233 0
234 0
235 0
236 0
237 0
238 0
239 0
240 0
241 0
242 0
243 0
244 0
245 0
246 0
247 0
248 0
249 0
250 0
251 0
252 0
253 0
254 0
255 0
256 0
257 0
258 0
259 0
260 0
261 0
262 0
263 0
264 0
265 0
266 0
267 0
268 0
269 0
270 0
271 0
272 0
273 0
274 0
275 0
276 0
277 0
278 0
279 0
280 0
281 0
282 0
283 0
284 0
285 0
286 0
287 0
288 0
289 0
290 0
291 0
292 0
293 0
294 0
295 0
296 0
297 0
298 0
299 0
300 0
301 0
302 0
303 0
304 0
305 0
306 0
307 0
308 0
309 0
310 0
311 0
312 0
313 0
314 0
315 0
316 0
317 0
318 0
319 0
320 0
321 0
322 0
323 0
324 0
325 0
326 0
327 0
328 0
329 0
330 0
331 0
332 0
333 0
334 0
335 0
336 0
337 0
338 0
339 0
340 0
341 0
342 0
343 0
344 0
345 0
346 1
347 1
348 0
349 0
350 0
351 0
352 0
353 0
354 0
355 0
356 1
357 0
358 0
359 0
360 1
361 1
362 1
363 0
364 1
365 1
366 1
367 0
368 1
369 0
370 1
371 0
372 2
373 5
374 2
375 5
376 1
377 0
378 2
379 1
380 3
381 0
382 3
383 3
384 1
385 1
386 1
387 3
388 0
389 1
390 1
391 1
392 3
393 1
394 0
395 3
396 0
397 1
398 2
399 2
400 2
401 0
402 0
403 3
404 1
405 0
406 4
407 1
408 2
409 1
410 2
411 0
412 0
413 0
414 2
415 1
416 1
417 0
418 3
419 0
420 0
421 1
422 0
423 0
424 0
425 0
426 1
427 1
428 1
429 0
430 1
431 0
432 1
433 0
434 1
435 0
436 0
437 0
438 0
439 0
440 0
441 0
442 0
443 1
444 0
445 0
446 0
447 0
448 0
449 0
450 0
451 0
452 1
453 0
454 0
455 0
456 0
457 0
458 0
459 0
460 0
461 0
462 0
463 0
464 0
465 0
466 0
467 0
468 0
469 0
470 0
471 0
472 0
473 0
474 0
475 0
476 0
477 0
478 0
479 0
480 0
481 0
482 0
483 0
484 0
485 0
486 0
487 0
488 0
489 0
490 0
491 0
492 0
493 0
494 1
495 0
496 0
497 0
498 0
499 0
500 0
501 0
502 0
503 0
504 0
505 1
506 1
507 0
508 0
509 0
510 0
511 0
512 0
513 1
514 1
515 0
516 1
517 0
518 0
519 0
520 0
521 1
522 0
523 0
524 0
525 2
526 2
527 0
528 2
529 0
530 1
531 0
532 1
533 1
534 4
535 1
536 0
537 0
538 1
539 1
540 2
541 1
542 1
543 2
544 0
545 2
546 3
547 1
548 3
549 3
550 1
551 2
552 3
553 2
554 2
555 0
556 3
557 2
558 3
559 3
560 4
561 2
562 8
563 2
564 1
565 7
566 4
567 6
568 3
569 5
570 7
571 4
572 2
573 4
574 1
575 0
576 1
577 5
578 3
579 4
580 7
581 4
582 2
583 4
584 2
585 4
586 1
587 6
588 4
589 8
590 3
591 5
592 1
593 3
594 5
595 3
596 7
597 1
598 5
599 3
600 4
601 4
602 4
603 6
604 5
605 5
606 4
607 1
608 6
609 1
610 1
611 4
612 4
613 3
614 2
615 4
616 4
617 4
618 3
619 4
620 2
621 4
622 1
623 4
624 5
625 3
626 6
627 4
628 3
629 1
630 2
631 3
632 3
633 2
634 3
635 6
636 1
637 3
638 3
639 2
640 1
641 5
642 3
643 3
644 2
645 4
646 3
647 1
648 0
649 4
650 1
651 4
652 0
653 2
654 1
655 4
656 2
657 1
658 1
659 1
660 2
661 3
662 3
663 3
664 2
665 0
666 1
667 0
668 2
669 1
670 0
671 1
672 0
673 1
674 1
675 0
676 4
677 0
678 0
679 1
680 0
681 1
682 0
683 2
684 0
685 2
686 3
687 0
688 0
689 0
690 2
691 0
692 1
693 0
694 1
695 1
696 2
697 0
698 0
699 0
700 1
701 1
702 0
703 0
704 0
705 0
706 1
707 1
708 0
709 2
710 0
711 1
712 1
713 0
714 1
715 0
716 0
717 0
718 0
719 0
720 1
721 1
722 0
723 0
724 0
725 0
726 0
727 0
728 0
729 0
730 0
731 0
732 1
733 0
734 0
735 0
736 0
737 1
738 0
739 0
740 0
741 0
742 0
743 0
744 0
745 0
746 0
747 0
748 0
749 0
750 0
751 0
752 0
753 0
754 0
755 0
756 0
757 0
758 1
759 0
760 0
761 0
762 0
763 0
764 0
765 0
766 0
767 0
768 0
769 0
770 0
771 0
772 0
773 0
774 0
775 0
776 0
777 0
778 0
779 0
780 0
781 1
