4 0
5 1
6 0
7 0
8 8
9 23
10 31
11 72
12 97
13 142
14 189
15 262
16 274
17 346
18 310
19 295
21 251
22 187
23 174
24 133
25 89
26 68
27 64
28 59
29 67
30 71
31 69
32 86
33 112
34 98
35 103
36 86
37 114
38 107
39 95
40 93
41 105
42 120
43 97
44 95
45 112
46 104
47 130
48 127
49 166
50 131
51 129
52 147
53 126
54 145
55 130
56 129
57 138
58 126
59 93
60 102
61 94
62 98
63 86
64 80
65 82
66 88
67 79
68 96
69 104
70 110
71 99
72 106
73 108
74 94
75 111
76 107
77 103
78 94
79 118
80 113
81 90
82 99
83 101
84 95
85 84
86 96
87 90
88 76
89 83
90 69
91 88
92 87
93 80
94 96
95 85
96 83
97 88
98 106
99 97
100 94
101 91
102 73
103 95
104 116
105 92
106 80
107 88
108 58
109 102
110 98
111 73
112 69
113 87
114 83
115 82
116 63
117 91
118 78
119 90
120 85
121 66
122 67
123 100
124 80
125 67
126 86
127 84
128 78
129 101
130 103
131 65
132 77
133 67
134 79
135 83
136 76
137 77
138 66
139 79
140 67
141 59
142 67
143 64
144 74
145 60
147 70
148 75
149 81
150 63
151 78
152 70
153 58
154 72
155 67
156 68
157 69
158 72
159 68
160 69
161 53
162 64
163 61
164 57
165 58
166 55
167 60
168 72
169 65
170 57
171 54
172 64
173 59
174 65
175 61
176 82
177 68
178 74
179 65
180 66
181 70
182 61
184 60
185 71
186 57
187 65
188 61
189 59
190 65
191 53
192 54
193 65
194 58
195 60
196 64
197 57
198 63
199 70
200 44
201 57
202 62
203 61
204 42
205 47
206 74
207 53
208 52
209 51
210 58
211 53
212 64
213 58
214 53
215 62
216 66
217 78
218 52
219 45
220 54
221 60
222 63
223 51
224 52
225 59
226 46
227 52
228 65
229 41
230 52
231 63
232 58
234 56
235 50
236 61
237 58
238 50
239 58
240 57
241 41
242 45
243 53
244 57
245 43
246 54
247 42
248 57
249 55
251 50
252 31
253 33
254 42
255 39
256 41
257 45
258 49
259 43
260 44
261 53
262 66
263 41
264 55
265 42
266 31
267 61
268 64
269 41
270 43
271 42
272 34
273 40
274 44
275 50
276 45
277 31
278 47
279 41
280 40
281 49
282 37
283 47
284 37
285 46
286 39
287 54
289 42
290 47
291 39
292 51
293 34
294 41
295 34
296 42
298 33
299 51
300 39
301 45
302 40
303 32
304 40
305 49
306 34
307 42
308 40
309 38
310 45
311 36
312 33
313 34
314 32
315 47
316 49
317 41
318 47
319 34
320 47
321 39
322 33
323 34
324 29
325 39
326 33
327 42
328 40
329 32
330 38
331 34
332 44
333 37
334 44
335 30
337 35
338 32
339 38
340 31
341 34
342 40
343 41
344 30
345 34
346 35
347 33
348 32
349 39
350 28
352 27
353 39
354 29
355 34
356 27
357 30
358 27
359 44
360 35
361 45
362 28
363 34
364 33
365 35
366 37
367 30
368 27
369 30
370 41
371 29
372 21
373 37
374 34
375 37
376 24
377 34
378 36
379 30
380 36
381 34
382 30
383 32
384 29
385 22
386 31
387 37
388 34
389 29
390 30
391 20
392 24
394 27
395 37
396 31
397 26
398 36
400 27
401 34
402 24
403 26
404 22
405 32
406 34
407 30
408 31
409 25
410 38
411 29
412 26
413 29
414 32
415 34
416 27
417 26
418 23
419 24
420 29
421 31
422 22
423 19
424 25
425 38
426 26
427 34
428 25
429 34
430 20
431 30
432 23
433 26
434 33
435 21
437 32
438 22
439 23
440 35
441 22
442 30
443 24
444 18
445 21
446 26
447 20
448 27
449 24
450 25
451 24
452 28
453 34
454 17
455 23
456 24
457 25
458 17
459 23
460 22
461 17
462 23
463 16
464 21
465 27
466 18
467 19
468 23
469 31
470 17
471 20
472 22
473 17
474 29
475 32
476 30
477 18
478 16
479 27
480 17
481 16
482 26
483 34
484 15
485 25
486 28
487 18
488 23
489 25
490 22
491 29
492 20
493 31
494 22
495 23
496 22
497 37
498 19
499 20
500 22
501 20
502 34
503 26
504 21
505 20
506 29
507 20
508 17
509 28
510 21
511 18
512 23
513 20
514 24
515 12
516 24
517 15
518 14
519 18
520 22
521 14
522 21
523 16
524 13
525 26
526 19
527 18
529 14
530 23
531 26
532 16
533 10
534 17
535 23
536 17
538 24
539 13
540 24
541 19
542 26
543 21
544 20
545 26
546 18
547 13
548 18
549 23
550 14
551 20
552 17
553 20
554 19
555 14
556 15
557 9
558 21
559 19
560 16
561 18
562 20
563 18
565 23
566 16
569 19
570 20
571 17
572 19
573 18
574 16
575 12
576 11
577 23
578 15
579 22
580 24
581 18
582 16
583 13
584 12
585 18
586 17
587 16
589 17
590 23
591 21
592 14
593 13
594 16
595 11
596 24
597 13
598 17
599 12
600 17
601 16
602 20
603 17
604 18
605 13
606 10
607 12
608 15
609 9
610 15
611 19
612 11
615 12
616 14
617 20
618 10
619 16
620 9
621 16
622 19
623 17
624 18
625 14
626 19
627 20
628 15
629 9
630 18
631 15
632 14
633 9
634 10
635 12
636 7
637 6
638 11
639 9
640 18
641 14
642 16
643 18
644 14
645 15
646 16
647 8
648 16
649 23
650 10
651 16
652 10
653 11
654 8
655 10
656 16
657 11
658 15
659 19
661 24
662 15
663 14
664 16
665 6
666 16
667 7
668 12
670 13
671 10
672 14
673 17
674 15
675 9
676 17
677 10
678 8
679 9
680 14
681 17
682 10
684 15
685 17
686 10
688 16
689 14
691 13
692 11
693 13
694 10
695 7
696 21
697 9
698 11
699 15
700 18
701 11
702 10
703 12
704 15
705 10
706 11
707 14
708 10
709 18
710 16
711 14
712 11
713 17
714 13
715 6
716 11
717 8
718 9
720 14
721 10
722 19
723 8
724 12
725 17
726 6
727 10
728 8
730 12
731 15
732 16
733 9
734 13
735 15
736 8
737 13
738 8
739 11
740 13
741 7
742 10
743 14
744 13
745 12
746 14
747 9
748 4
749 9
750 11
751 9
752 10
753 5
754 9
755 17
756 10
757 7
758 14
759 11
762 9
764 10
765 11
766 10
767 9
768 11
769 5
770 9
771 11
773 12
774 10
775 9
776 12
777 8
779 16
780 11
781 10
782 12
783 7
784 9
785 8
786 10
787 3
788 7
789 10
790 3
791 9
792 10
793 5
794 6
795 8
796 9
798 10
799 6
800 8
802 6
803 8
805 7
807 5
808 12
809 6
810 13
811 9
812 10
813 7
814 6
816 15
818 10
820 8
821 6
822 7
824 5
826 8
827 6
828 10
829 9
831 5
832 9
833 5
834 9
835 12
836 11
837 7
838 9
839 12
840 9
841 12
842 6
843 7
844 8
845 9
846 11
847 9
848 6
850 5
851 6
852 9
853 7
854 11
855 7
856 11
857 13
858 9
859 7
860 8
861 10
862 4
863 7
864 10
865 8
866 5
867 6
868 5
869 4
870 7
874 3
875 4
876 9
877 10
878 5
879 7
880 4
881 8
882 6
883 5
884 4
885 8
886 5
887 2
888 9
889 4
890 10
891 6
892 5
893 13
894 4
895 11
896 5
897 3
899 6
900 8
902 11
903 5
904 4
906 5
907 8
908 5
909 4
910 3
912 9
913 8
914 5
915 8
916 10
917 5
918 4
919 6
920 3
921 7
922 2
923 8
924 2
925 6
926 3
927 8
928 3
929 4
930 6
931 10
932 4
933 6
934 10
935 4
936 6
937 7
938 6
939 7
940 5
941 4
942 3
943 5
944 10
945 4
946 6
947 2
948 5
949 3
950 10
951 5
952 8
953 9
954 3
955 6
956 5
957 6
958 7
959 5
960 1
961 7
962 5
963 6
964 3
965 5
966 2
967 11
968 7
969 4
970 6
972 8
973 5
974 4
975 8
976 5
977 1
978 2
979 6
980 5
981 2
982 7
983 6
985 2
986 4
988 6
990 2
991 1
992 8
993 5
994 4
995 6
997 4
998 3
999 5
1000 2
1001 4
1002 6
1003 5
1004 4
1005 5
1006 1
1007 6
1009 5
1010 4
1011 5
1012 4
1014 11
1015 4
1016 6
1017 5
1018 7
1019 1
1020 5
1021 6
1023 2
1024 8
1025 5
1027 7
1028 6
1029 3
1030 4
1031 6
1032 3
1033 6
1034 4
1035 2
1036 0
1036 0
1037 1
1038 8
1040 3
1041 4
1042 5
1043 4
1044 3
1045 1
1046 4
1047 6
1049 5
1051 0
1051 0
1052 5
1053 6
1054 10
1055 4
1056 0
1056 0
1057 5
1058 1
1059 5
1060 4
1061 2
1062 3
1063 5
1064 2
1065 3
1066 7
1067 1
1068 6
1069 5
1070 2
1071 1
1072 4
1073 1
1074 5
1075 6
1076 2
1077 4
1078 1
1079 3
1080 8
1081 2
1082 4
1083 5
1084 4
1085 5
1086 1
1087 2
1089 6
1090 1
1091 3
1092 6
1093 2
1094 3
1095 2
1096 4
1098 2
1100 5
1101 4
1102 1
1103 5
1104 3
1105 1
1106 7
1107 4
1108 3
1109 6
1110 4
1111 3
1113 1
1114 4
1115 3
1116 5
1117 2
1118 0
1118 0
1119 2
1120 4
1121 2
1122 5
1123 6
1124 1
1125 4
1126 2
1127 1
1128 2
1129 0
1129 0
1130 6
1131 2
1133 6
1134 5
1135 6
1136 1
1137 6
1138 4
1139 6
1140 4
1143 3
1144 4
1146 2
1147 3
1148 2
1150 5
1151 4
1152 2
1153 3
1155 5
1156 2
1157 3
1159 2
1161 1
1162 5
1163 8
1164 4
1165 2
1167 4
1168 5
1169 2
1170 3
1172 6
1173 2
1174 3
1175 1
1177 2
1178 0
1178 0
1179 3
1180 5
1181 0
1181 0
1182 5
1183 4
1184 3
1185 4
1186 2
1187 4
1188 1
1189 2
1191 5
1192 3
1193 2
1194 4
1196 7
1197 5
1198 0
1198 0
1199 3
1200 4
1201 3
1202 7
1203 5
1204 2
1205 5
1206 1
1207 3
1208 2
1209 5
1210 2
1211 1
1212 3
1213 4
1214 5
1215 1
1216 9
1217 2
1218 4
1219 7
1220 2
1222 3
1223 2
1224 3
1225 4
1227 5
1228 2
1230 9
1231 2
1234 5
1235 4
1236 3
1237 1
1239 3
1240 7
1241 3
1242 2
1243 4
1245 1
1246 2
1247 3
1248 4
1249 2
1250 0
1251 0
1252 1
1253 5
1254 2
1255 3
1258 2
1259 1
1260 3
1261 1
1262 2
1263 1
1265 2
1267 3
1268 4
1269 1
1271 2
1274 4
1275 3
1276 1
1277 2
1279 4
1280 1
1281 2
1282 0
1282 0
1283 5
1284 4
1285 6
1286 1
1287 3
1288 5
1289 3
1290 6
1291 2
1292 4
1293 3
1294 2
1295 3
1298 1
1299 2
1300 5
1301 3
1302 4
1303 1
1304 3
1306 2
1307 0
1308 0
1309 3
1310 2
1311 6
1312 1
1313 2
1314 0
1314 0
1315 5
1316 1
1317 0
1317 0
1318 3
1319 1
1321 0
1321 0
1322 3
1323 1
1324 2
1326 4
1327 0
1327 0
1328 2
1329 1
1331 2
1332 4
1333 2
1334 1
1335 3
1336 2
1337 4
1338 0
1338 0
1339 3
1340 1
1341 3
1342 1
1343 2
1344 1
1345 0
1345 0
1346 3
1348 2
1350 0
1350 0
1351 2
1352 5
1353 1
1355 2
1356 1
1357 6
1358 2
1359 0
1359 0
1360 2
1361 0
1361 0
1362 4
1363 2
1364 1
1365 3
1368 4
1370 2
1371 4
1372 1
1373 3
1374 2
1375 6
1376 0
1376 0
1377 3
1378 1
1379 2
1380 1
1381 3
1382 2
1383 6
1384 5
1385 2
1386 1
1388 2
1391 1
1392 2
1393 1
1396 2
1397 3
1398 0
1398 0
1399 1
1400 0
1400 0
1401 1
1405 2
1406 1
1407 0
1407 0
1408 4
1409 2
1411 0
1411 0
1412 1
1415 2
1416 0
1416 0
1417 1
1418 3
1419 0
1419 0
1420 3
1421 1
1423 5
1424 2
1426 0
1426 0
1427 2
1428 1
1432 2
1433 1
1434 2
1435 3
1436 1
1437 2
1439 0
1439 0
1440 1
1441 3
1443 1
1444 0
1444 0
1445 2
1446 1
1447 0
1450 0
1451 2
1453 4
1454 0
1454 0
1455 3
1456 0
1456 0
1457 2
1459 1
1460 2
1461 0
1462 0
1463 1
1466 2
1467 3
1469 2
1470 1
1471 2
1473 0
1475 0
1476 1
1477 3
1478 0
1478 0
1479 1
1480 3
1481 0
1481 0
1482 2
1484 3
1485 1
1488 3
1489 1
1491 2
1492 3
1493 2
1494 3
1497 1
1498 4
1499 2
1500 0
1500 0
1501 2
1502 1
1505 0
1505 0
1506 1
1507 2
1508 0
1508 0
1509 1
1510 2
1511 1
1513 0
1513 0
1514 1
1516 2
1517 0
1517 0
1518 3
1519 1
1521 3
1522 0
1522 0
1523 2
1524 1
1525 0
1526 0
1527 2
1528 1
1529 3
1530 1
1534 3
1535 0
1536 0
1537 1
1540 0
1540 0
1541 3
1543 2
1544 1
1545 2
1546 3
1547 0
1547 0
1548 1
1550 0
1550 0
1551 1
1553 3
1554 0
1556 0
1557 1
1559 3
1560 4
1561 3
1562 4
1563 3
1564 2
1565 0
1565 0
1566 1
1568 0
1569 0
1570 4
1571 0
1571 0
1572 2
1574 1
1575 2
1577 0
1577 0
1578 1
1579 3
1580 4
1581 1
1582 0
1582 0
1583 1
1586 2
1588 0
1588 0
1589 4
1590 1
1591 2
1593 1
1597 0
1599 0
1600 2
1601 0
1601 0
1602 3
1603 2
1604 0
1605 0
1606 1
1608 2
1609 0
1609 0
1610 1
1612 2
1613 0
1613 0
1614 1
1616 0
1616 0
1617 1
1618 0
1619 0
1620 1
1622 0
1624 0
1625 1
1627 3
1628 2
1629 4
1630 2
1631 1
1632 3
1633 0
1633 0
1634 2
1635 0
1635 0
1636 2
1637 3
1638 1
1639 2
1640 4
1641 2
1642 0
1642 0
1643 1
1644 4
1645 1
1648 2
1649 1
1650 0
1650 0
1651 3
1652 0
1652 0
1653 3
1654 0
1655 0
1656 1
1657 0
1658 0
1659 1
1660 0
1660 0
1661 2
1663 1
1664 4
1665 0
1665 0
1666 1
1667 4
1668 1
1670 0
1671 0
1672 1
1676 2
1677 1
1678 3
1679 0
1679 0
1680 1
1681 0
1681 0
1682 2
1683 0
1684 0
1685 1
1688 2
1689 1
1690 2
1691 0
1694 0
1695 1
1696 2
1697 1
1698 2
1699 3
1700 2
1701 4
1702 1
1704 0
1704 0
1705 1
1706 2
1707 0
1707 0
1708 2
1709 1
1711 3
1712 2
1713 1
1714 2
1716 1
1717 3
1718 0
1719 0
1720 2
1721 0
1722 0
1723 3
1724 1
1725 2
1726 0
1726 0
1727 1
1728 0
1728 0
1729 1
1731 0
1732 0
1733 1
1735 0
1735 0
1736 4
1737 1
1738 0
1739 0
1740 2
1741 1
1742 0
1742 0
1743 5
1744 2
1745 1
1747 0
1747 0
1748 1
1749 2
1750 1
1751 0
1752 0
1753 1
1754 0
1754 0
1755 3
1756 2
1758 1
1761 0
1762 0
1763 1
1773 0
1773 0
1774 2
1775 1
1776 0
1776 0
1777 1
1780 2
1781 3
1782 1
1783 0
1783 0
1784 1
1785 2
1787 4
1788 1
1789 0
1789 0
1790 1
1792 0
1792 0
1793 1
1794 0
1794 0
1795 2
1796 0
1796 0
1797 1
1799 0
1799 0
1800 3
1801 1
1802 0
1802 0
1803 1
1804 3
1805 0
1805 0
1806 1
1807 2
1808 1
1809 0
1810 0
1811 2
1813 0
1813 0
1814 2
1815 4
1816 2
1817 1
1818 0
1822 0
1823 1
1824 2
1825 1
1828 2
1829 0
1829 0
1830 3
1831 0
1831 0
1832 1
1833 2
1834 1
1837 2
1838 0
1838 0
1839 1
1841 0
1844 0
1845 2
1846 0
1846 0
1847 1
1849 0
1849 0
1850 1
1853 0
1853 0
1854 1
1855 0
1857 0
1858 2
1859 4
1860 1
1862 0
1862 0
1863 1
1864 0
1864 0
1865 2
1867 1
1870 0
1872 0
1873 1
1875 0
1875 0
1876 2
1877 3
1878 0
1880 0
1881 2
1883 0
1884 0
1885 1
1887 0
1887 0
1888 2
1889 1
1890 0
1892 0
1893 1
1895 0
1896 0
1897 1
1898 0
1900 0
1901 1
1902 0
1903 0
1904 1
1906 2
1907 1
1910 0
1911 0
1912 2
1913 0
1919 0
1920 4
1921 0
1921 0
1922 1
1923 0
1924 0
1925 1
1926 2
1927 0
1930 0
1931 2
1932 0
1932 0
1933 1
1937 0
1937 0
1938 1
1939 0
1941 0
1942 2
1943 1
1944 0
1944 0
1945 1
1948 0
1948 0
1949 1
1951 2
1952 0
1952 0
1953 1
1954 0
1954 0
1955 1
1956 0
1956 0
1957 3
1958 1
1959 2
1960 0
1960 0
1961 1
1963 0
1963 0
1964 1
1965 0
1966 0
1967 3
1968 2
1969 1
1972 2
1973 1
1975 0
1975 0
1976 1
1978 0
1978 0
1979 1
1981 0
1981 0
1982 1
1984 4
1985 2
1986 0
1989 0
1990 3
1991 1
1992 2
1994 0
1994 0
1995 1
1996 0
1997 0
1998 3
1999 0
2003 0
2004 1
2006 0
2006 0
2007 3
2008 0
2008 0
2009 1
2010 0
2010 0
2011 1
2013 0
2016 0
2017 1
2018 0
2020 0
2021 1
2023 0
2025 0
2026 1
2028 0
2028 0
2029 1
2030 0
2031 0
2032 1
2033 3
2034 0
2035 0
2036 3
2037 1
2038 0
2041 0
2042 1
2043 2
2044 1
2045 0
2047 0
2048 1
2049 0
2049 0
2050 3
2051 0
2052 0
2053 1
2055 2
2056 0
2057 0
2058 1
2059 0
2059 0
2060 1
2061 0
2063 0
2064 1
2065 0
2068 0
2069 1
2070 0
2071 0
2072 1
2073 0
2077 0
2078 1
2079 2
2080 1
2082 0
2083 0
2084 1
2085 0
2085 0
2086 1
2087 0
2088 0
2089 3
2090 0
2092 0
2093 1
2095 0
2096 0
2097 1
2098 0
2098 0
2099 1
2100 0
2100 0
2101 2
2102 0
2103 0
2104 1
2105 0
2106 0
2107 1
2108 0
2110 0
2111 1
2112 0
2112 0
2113 1
2114 0
2114 0
2115 2
2116 0
2116 0
2117 1
2119 0
2119 0
2120 1
2122 0
2123 0
2124 1
2125 0
2128 0
2129 3
2130 0
2130 0
2131 2
2132 1
2133 0
2136 0
2137 1
2139 0
2139 0
2140 3
2141 1
2142 0
2143 0
2144 2
2145 0
2150 0
2151 1
2152 0
2155 0
2156 1
2157 0
2158 0
2159 1
2160 0
2161 0
2162 1
2164 0
2165 0
2166 1
2168 0
2173 0
2174 1
2175 0
2177 0
2178 1
2181 0
2182 0
2183 3
2184 2
2185 0
2186 0
2187 1
2188 0
2188 0
2189 1
2190 0
2192 0
2193 1
2194 0
2194 0
2195 1
2196 0
2199 0
2200 1
2201 0
2202 0
2203 2
2204 0
2211 0
2212 2
2213 0
2214 0
2215 1
2216 0
2216 0
2217 1
2218 0
2222 0
2223 1
2224 0
2226 0
2227 1
2228 0
2230 0
2231 3
2232 1
2236 0
2236 0
2237 1
2241 0
2243 0
2244 2
2245 3
2246 1
2247 0
2250 0
2251 1
2253 0
2253 0
2254 1
2255 0
2255 0
2256 1
2257 0
2257 0
2258 1
2259 0
2262 0
2263 2
2264 0
2264 0
2265 1
2267 0
2270 0
2271 1
2272 0
2279 0
2280 1
2281 0
2283 0
2284 1
2285 0
2287 0
2288 1
2291 0
2291 0
2292 1
2293 2
2294 0
2299 0
2300 2
2301 0
2304 0
2305 1
2308 2
2309 0
2311 0
2312 1
2314 0
2314 0
2315 1
2316 0
2316 0
2317 1
2318 0
2318 0
2319 2
2320 1
2322 2
2323 1
2325 0
2327 0
2328 1
2330 0
2330 0
2331 1
2332 0
2333 0
2334 2
2335 1
2336 0
2337 0
2338 1
2339 0
2345 0
2346 1
2347 0
2350 0
2351 2
2352 0
2352 0
2353 1
2354 2
2355 3
2356 0
2361 0
2362 1
2363 0
2363 0
2364 1
2365 0
2368 0
2369 1
2371 0
2373 0
2374 1
2375 0
2376 0
2377 2
2378 0
2378 0
2379 1
2382 0
2384 0
2385 1
2386 0
2386 0
2387 1
2388 0
2390 0
2391 1
2392 0
2395 0
2396 1
2397 0
2398 0
2399 2
2400 0
2400 0
2401 1
2402 0
2402 0
2403 1
2404 0
2404 0
2405 1
2406 0
2407 0
2408 1
2411 0
2413 0
2414 1
2415 0
2415 0
2416 1
2417 0
2418 0
2419 1
2420 0
2420 0
2421 4
2422 0
2425 0
2426 1
2427 0
2427 0
2428 1
2429 0
2429 0
2430 2
2431 1
2432 0
2436 0
2437 1
2438 0
2443 0
2444 2
2445 0
2460 0
2461 1
2462 2
2463 0
2467 0
2468 1
2470 0
2470 0
2471 1
2472 0
2472 0
2473 1
2475 0
2477 0
2478 2
2479 0
2479 0
2480 2
2481 1
2482 2
2483 0
2483 0
2484 1
2487 0
2489 0
2490 3
2491 1
2492 0
2496 0
2497 1
2498 0
2498 0
2499 1
2501 0
2501 0
2502 1
2504 0
2511 0
2512 1
2513 0
2515 0
2516 1
2517 0
2519 0
2520 1
2521 0
2521 0
2522 1
2524 0
2525 0
2526 1
2527 0
2529 0
2530 1
2534 0
2537 0
2538 1
2540 0
2544 0
2545 1
2546 0
2554 0
2555 1
2556 0
2556 0
2557 1
2559 0
2565 0
2566 1
2567 0
2575 0
2576 1
2577 0
2581 0
2582 1
2583 0
2589 0
2590 1
2591 0
2593 0
2594 1
2595 0
2599 0
2600 1
2601 0
2601 0
2602 1
2603 0
2604 0
2605 1
2606 0
2607 0
2608 1
2609 0
2613 0
2614 1
2615 0
2615 0
2616 1
2617 0
2621 0
2622 1
2623 0
2623 0
2624 1
2625 0
2626 0
2627 1
2628 0
2630 0
2631 2
2632 0
2642 0
2643 1
2644 0
2644 0
2645 2
2646 1
2647 0
2650 0
2651 1
2652 0
2654 0
2655 1
2656 0
2656 0
2657 1
2658 0
2660 0
2661 1
2662 0
2663 0
2664 1
2665 0
2667 0
2668 1
2669 0
2672 0
2673 1
2674 0
2676 0
2677 1
2678 0
2681 0
2682 1
2684 0
2686 0
2687 1
2688 0
2688 0
2689 2
2690 0
2690 0
2691 1
2692 0
2696 0
2697 1
2701 0
2701 0
2702 1
2703 0
2707 0
2708 1
2709 0
2713 0
2714 1
2715 0
2715 0
2716 1
2717 0
2722 0
2723 1
2724 0
2735 0
2736 2
2737 0
2739 0
2740 1
2741 0
2751 0
2752 1
2753 0
2755 0
2756 1
2758 0
2761 0
2762 1
2763 0
2770 0
2771 1
2772 0
2773 0
2774 1
2775 0
2779 0
2780 1
2781 0
2782 0
2783 1
2784 0
2787 0
2788 1
2789 0
2790 0
2791 1
2792 0
2793 0
2794 1
2795 0
2800 0
2801 1
2803 0
2803 0
2804 1
2805 0
2812 0
2813 1
2814 0
2816 0
2817 1
2818 0
2823 0
2824 2
2825 0
2827 0
2828 1
2829 0
2839 0
2840 1
2841 0
2844 0
2845 1
2846 0
2850 0
2851 1
2852 0
2855 0
2856 2
2857 0
2862 0
2863 1
2864 0
2864 0
2865 1
2867 0
2887 0
2888 2
2889 0
2912 0
2913 1
2914 0
2919 0
2920 1
2921 0
2923 0
2924 1
2925 0
2939 0
2940 1
2942 0
2952 0
2953 1
2954 0
2956 0
2957 1
2958 0
2961 0
2962 1
2963 0
2964 0
2965 2
2966 0
2985 0
2986 1
2987 0
2993 0
2994 1
2995 0
3000 0
3001 2
3002 0
3005 0
3006 1
3007 0
3007 0
3008 1
3010 0
3010 0
3011 1
3012 0
3016 0
3017 1
3018 0
3021 0
3022 1
3023 0
3024 0
3025 1
3029 0
3029 0
3030 1
3031 0
3039 0
3040 1
3041 0
3044 0
3045 1
3046 0
3056 0
3057 1
3058 0
3060 0
3061 1
3062 0
3066 0
3067 1
3068 0
3068 0
3069 1
3070 0
3070 0
3071 1
3073 0
3073 0
3074 2
3075 0
3088 0
3089 1
3090 0
3099 0
3100 1
3101 0
3115 0
3116 1
3117 0
3123 0
3124 1
3125 0
3125 0
3126 1
3127 0
3130 0
3131 1
3132 0
3159 0
3160 1
3162 0
3163 0
3164 1
3165 0
3173 0
3174 1
3175 0
3178 0
3179 1
3180 0
3184 0
3185 1
3186 0
3187 0
3188 2
3189 0
3202 0
3203 1
3204 0
3204 0
3205 1
3206 0
3206 0
3207 1
3208 0
3210 0
3211 1
3212 0
3213 0
3214 1
3215 0
3234 0
3235 1
3237 0
3249 0
3250 1
3251 0
3251 0
3252 1
3253 0
3255 0
3256 1
3257 0
3260 0
3261 1
3262 0
3262 0
3263 1
3264 0
3273 0
3274 1
3275 0
3281 0
3282 1
3283 0
3286 0
3287 2
3288 0
3296 0
3297 1
3298 0
3305 0
3306 1
3307 0
3332 0
3333 1
3334 0
3343 0
3344 1
3345 0
3372 0
3373 1
3374 0
3389 0
3390 1
3391 0
3395 0
3396 1
3397 0
3405 0
3406 1
3407 0
3408 0
3409 1
3410 0
3425 0
3426 1
3427 0
3436 0
3437 1
3438 0
3450 0
3451 1
3452 0
3454 0
3455 1
3456 0
3477 0
3478 2
3479 0
3486 0
3487 1
3488 0
3513 0
3514 1
3515 0
3530 0
3531 1
3532 0
3539 0
3540 1
3541 0
3549 0
3550 1
3551 0
3553 0
3554 2
3555 0
3559 0
3560 1
3561 0
3580 0
3581 1
3582 0
3597 0
3598 1
3599 0
3605 0
3606 1
3607 0
3612 0
3613 1
3614 0
3643 0
3644 1
3646 0
3647 0
3648 1
3649 0
3650 0
3651 1
3652 0
3662 0
3663 1
3664 0
3716 0
3717 1
3718 0
3721 0
3722 1
3723 0
3726 0
3727 1
3728 0
3732 0
3733 1
3734 0
3735 0
3736 2
3737 0
3746 0
3747 1
3748 0
3754 0
3755 1
3756 0
3757 0
3758 1
3759 0
3759 0
3760 3
3761 0
3782 0
3783 1
3784 0
3794 0
3795 1
3796 0
3796 0
3797 1
3798 0
3802 0
3803 1
3804 0
3805 0
3806 1
3807 0
3811 0
3812 2
3813 0
3813 0
3814 1
3815 0
3821 0
3822 1
3823 0
3845 0
3846 1
3847 0
3851 0
3852 1
3853 0
3868 0
3869 1
3870 0
3875 0
3876 1
3877 0
3915 0
3916 1
3917 0
3925 0
3926 2
3927 0
3943 0
3944 1
3945 0
3951 0
3952 1
3953 0
3987 0
3988 1
3989 0
3990 0
3991 1
3992 0
3999 0
4000 1
4001 0
4013 0
4014 1
4015 0
4045 0
4046 1
4047 0
4051 0
4052 1
4053 0
4083 0
4084 1
4085 0
4091 0
4092 2
4093 0
4105 0
4106 1
4107 0
4110 0
4111 1
4112 0
4134 0
4135 1
4136 0
4157 0
4158 1
4159 0
4159 0
4160 1
4161 0
4177 0
4178 1
4179 0
4186 0
4187 1
4188 0
4197 0
4198 1
4199 0
4201 0
4202 1
4203 0
4207 0
4208 1
4209 0
4224 0
4225 1
4226 0
4301 0
4302 1
4303 0
4307 0
4308 2
4309 0
4313 0
4314 1
4315 0
4339 0
4340 1
4341 0
4355 0
4356 1
4357 0
4380 0
4381 1
4382 0
4382 0
4383 1
4384 0
4425 0
4426 1
4427 0
4464 0
4465 1
4466 0
4467 0
4468 1
4469 0
4518 0
4519 1
4520 0
4525 0
4526 1
4528 0
4529 0
4530 1
4531 0
4547 0
4548 1
4549 0
4624 0
4625 1
4626 0
4653 0
4654 1
4656 0
4668 0
4669 1
4670 0
4702 0
4703 1
4704 0
4709 0
4710 1
4711 0
4712 0
4713 1
4714 0
4737 0
4738 1
4739 0
4754 0
4755 1
4756 0
4877 0
4878 1
4879 0
4882 0
4883 1
4884 0
4885 0
4886 1
4887 0
4899 0
4900 1
4901 0
4920 0
4921 1
4922 0
4925 0
4926 1
4927 0
4985 0
4986 2
4987 0
4998 0
4999 1
5000 0
5028 0
5029 1
5030 0
5039 0
5040 1
5041 0
5109 0
5110 1
5111 0
5117 0
5118 1
5120 0
5123 0
5124 1
5125 0
5140 0
5141 1
5142 0
5142 0
5143 1
5144 0
5151 0
5152 1
5153 0
5166 0
5167 1
5168 0
5284 0
5285 1
5286 0
5288 0
5289 1
5290 0
5292 0
5293 1
5295 0
5306 0
5307 1
5308 0
5352 0
5353 1
5354 0
5354 0
5355 1
5356 0
5412 0
5413 1
5414 0
5446 0
5447 1
5448 0
5457 0
5458 1
5459 0
5493 0
5494 1
5495 0
5583 0
5584 1
5585 0
5586 0
5587 1
5588 0
5662 0
5663 1
5664 0
5728 0
5729 1
5730 0
5767 0
5768 1
5769 0
6022 0
6023 1
6024 0
6101 0
6102 1
6103 0
6151 0
6152 1
6153 0
6194 0
6195 1
6196 0
6230 0
6231 1
6232 0
6339 0
6340 1
6341 0
6354 0
6355 1
6356 0
6383 0
6384 1
6385 0
6400 0
6401 1
6402 0
6461 0
6462 1
6463 0
6496 0
6497 1
6498 0
6523 0
6524 1
6525 0
6573 0
6574 1
6575 0
6653 0
6654 1
6655 0
6700 0
6701 1
6702 0
6880 0
6881 1
6882 0
6935 0
6936 1
6937 0
6952 0
6953 1
6954 0
7076 0
7077 1
7078 0
7112 0
7113 1
7114 0
7352 0
7353 1
7354 0
7438 0
7439 1
7440 0
7715 0
7716 1
7717 0
7721 0
7722 1
7723 0
7764 0
7765 1
7766 0
7767 0
7768 1
7769 0
7886 0
7887 1
7888 0
7906 0
7907 1
7908 0
7975 0
7976 1
7977 0
8096 0
8097 1
8098 0
8134 0
8135 1
8136 0
8414 0
8415 1
8416 0
8764 0
8765 1
8766 0
8851 0
8852 1
8853 0
9221 0
9222 1
9223 0
9286 0
9287 1
9288 0
9291 0
9292 1
9293 0
9428 0
9429 1
9430 0
10123 0
10124 1
10125 0
10727 0
10728 1
10729 0
10955 0
10956 1
10957 0
13389 0
13390 1
13391 0
13440 0
13441 1
13442 0
13579 0
13580 1
13581 0
18788 0
18789 1
18790 0
19897 0
19898 1
19899 0
27937 0
27938 1
27939 0
38103 0
38104 4
