5 2.72427602365e-05
8 0.000245184842128
9 0.000871768327567
10 0.0017162938949
11 0.00367777263192
12 0.00632032037486
13 0.0101887923284
14 0.0153376740131
15 0.0224752771951
16 0.0299397934999
17 0.0393657885417
18 0.047811044215
19 0.0558476584848
20 0.0638842727545
21 0.0707222055739
22 0.0758166017381
23 0.0805568420192
24 0.0841801291307
25 0.0866047347917
26 0.0884572424878
27 0.0902007791429
28 0.0918081019969
29 0.0936333669327
30 0.0955676029095
31 0.0974473533658
32 0.0997902307462
33 0.102841419893
34 0.105511210396
35 0.1083172147
36 0.110660092081
37 0.113765766747
38 0.116680742093
39 0.119268804315
40 0.121802381017
41 0.124662870842
42 0.12793200207
43 0.130574549813
44 0.133162612036
45 0.136213801182
46 0.139047048247
47 0.142588607078
48 0.146048437628
49 0.150570735827
50 0.154139537418
51 0.157653853488
52 0.161658539243
53 0.165091127033
54 0.169041327267
55 0.172582886098
56 0.176097202169
57 0.179856703081
58 0.183289290871
59 0.185822867573
60 0.188601629117
61 0.191162448579
62 0.193832239082
63 0.196175116463
64 0.198354537282
65 0.200588443621
66 0.202985806522
67 0.205137984581
68 0.207753289563
69 0.210586536628
70 0.213583240254
71 0.216280273517
72 0.219168006102
73 0.222110224208
74 0.22467104367
75 0.227694990056
76 0.230609965402
77 0.233415969706
78 0.235976789168
79 0.239191434876
80 0.242269866783
81 0.244721715204
82 0.247418748468
83 0.250170267251
84 0.252758329474
85 0.255046721334
86 0.257662026317
87 0.260113874738
88 0.262184324516
89 0.264445473615
90 0.266325224072
91 0.268722586973
92 0.271092707113
93 0.273272127932
94 0.275887432915
95 0.278203067535
96 0.280464216634
97 0.282861579535
98 0.28574931212
99 0.288391859863
100 0.290952679325
101 0.293431770507
102 0.295420492004
103 0.298008554227
104 0.301168714414
105 0.303675048356
106 0.305854469175
107 0.308251832076
108 0.309831912169
109 0.312610673713
110 0.315280464217
111 0.317269185714
112 0.31914893617
113 0.321519056311
114 0.32378020541
115 0.32601411175
116 0.327730405645
117 0.330209496826
118 0.332334432125
119 0.334786280546
120 0.337101915166
121 0.338899937342
122 0.340725202277
123 0.343449478301
124 0.34562889912
125 0.347454164056
126 0.349797041436
127 0.352085433296
128 0.354210368595
129 0.356961887378
130 0.359767891683
131 0.361538671098
132 0.363636363636
133 0.365461628572
134 0.367613806631
135 0.369874955731
136 0.371945405508
137 0.374043098047
138 0.375841120222
139 0.377993298281
140 0.379818563217
141 0.381425886071
142 0.383251151007
143 0.384994687662
144 0.387010651919
145 0.388645217533
146 0.390279783148
147 0.392186776364
148 0.394229983382
149 0.396436646961
150 0.398152940856
151 0.400277876154
152 0.402184869371
153 0.403764949465
154 0.405726428202
155 0.407551693138
156 0.409404200834
157 0.41128395129
158 0.413245430027
159 0.415097937723
160 0.416977688179
161 0.418421554472
162 0.420165091127
163 0.421826899501
164 0.423379736835
165 0.424959816929
166 0.426458168742
167 0.428092734356
168 0.430054213093
169 0.431824992508
170 0.433377829842
171 0.434848938894
172 0.43659247555
173 0.438199798404
174 0.439970577819
175 0.441632386193
176 0.443866292533
177 0.445718800229
178 0.447734764486
179 0.449505543902
180 0.451303566077
181 0.453210559294
182 0.454872367668
183 0.456534176043
184 0.458168741657
185 0.460102977634
186 0.461655814967
187 0.463426594383
188 0.465088402757
189 0.466695725611
190 0.468466505026
191 0.469910371319
192 0.471381480372
193 0.473152259787
194 0.474732339881
195 0.476366905495
196 0.47811044215
197 0.479663279483
198 0.481379573378
199 0.483286566595
200 0.484485248045
201 0.486038085379
202 0.487727136513
203 0.489388944888
204 0.490533140818
205 0.491813550549
206 0.493829514806
207 0.495273381099
208 0.496690004631
209 0.498079385403
210 0.499659465497
211 0.50110333179
212 0.502846868445
213 0.504426948538
214 0.505870814831
215 0.507559865966
216 0.509357888141
217 0.51148282344
218 0.512899446972
219 0.514125371183
220 0.515596480235
221 0.51723104585
222 0.518947339744
223 0.520336720517
224 0.521753344049
225 0.523360666903
226 0.524613833874
227 0.526030457406
228 0.527801236821
229 0.528918189991
230 0.530334813523
231 0.532051107418
232 0.533631187512
233 0.535211267606
234 0.536736862179
235 0.538099000191
236 0.539760808565
237 0.541340888659
238 0.542703026671
239 0.544283106764
240 0.545835944098
241 0.546952897268
242 0.548178821478
243 0.549622687771
244 0.551175525104
245 0.552346963794
246 0.553818072847
247 0.554962268777
248 0.556515106111
249 0.558013457924
250 0.559511809737
251 0.560873947748
252 0.561718473316
253 0.562617484404
254 0.563761680333
255 0.564824147983
256 0.565941101152
257 0.567167025363
258 0.568501920615
259 0.569673359305
260 0.570872040755
261 0.572315907048
262 0.574113929223
263 0.575230882393
264 0.576729234206
265 0.577873430136
266 0.578717955703
267 0.580379764078
268 0.582123300733
269 0.583240253903
270 0.584411692593
271 0.585555888523
272 0.586482142371
273 0.58757185278
274 0.588770534231
275 0.590132672242
276 0.591358596453
277 0.59220312202
278 0.593483531751
279 0.594600484921
280 0.595690195331
281 0.597025090582
282 0.598033072711
283 0.599313482442
284 0.600321464571
285 0.601574631542
286 0.602637099191
287 0.604108208244
288 0.605579317296
289 0.606723513226
290 0.608003922957
291 0.609066390607
292 0.610455771379
293 0.611382025227
294 0.612498978396
295 0.613425232245
296 0.614569428174
297 0.615713624104
298 0.616612635192
299 0.618002015964
300 0.619064483613
301 0.620290407824
302 0.621380118234
303 0.622251886561
304 0.623341596971
305 0.624676492222
306 0.62560274607
307 0.626746942
308 0.62783665241
309 0.628871877299
310 0.630097801509
311 0.631078540878
312 0.631977551966
313 0.632903805814
314 0.633775574141
315 0.635055983872
316 0.636390879124
317 0.637507832294
318 0.638788242025
319 0.639714495873
320 0.640994905604
321 0.642057373253
322 0.642956384341
323 0.643882638189
324 0.644672678236
325 0.645735145885
326 0.646634156973
327 0.647778352903
328 0.648868063312
329 0.64973983164
330 0.650775056529
331 0.651701310377
332 0.652899991827
333 0.653907973956
334 0.655106655406
335 0.655923938213
336 0.656741221021
337 0.657694717629
338 0.658566485956
339 0.659601710845
340 0.660446236413
341 0.661372490261
342 0.66246220067
343 0.66357915384
344 0.664396436647
345 0.665322690495
346 0.666276187103
347 0.667175198191
348 0.668046966519
349 0.669109434168
350 0.669872231454
351 0.670635028741
352 0.671370583267
353 0.672433050917
354 0.673223090964
355 0.674149344812
356 0.674884899338
357 0.675702182145
358 0.676437736671
359 0.677636418122
360 0.67858991473
361 0.679815838941
362 0.680578636227
363 0.681504890075
364 0.682403901163
365 0.683357397772
366 0.6843653799
367 0.685182662707
368 0.685918217234
369 0.686735500041
370 0.687852453211
371 0.688642493257
372 0.689214591222
373 0.690222573351
374 0.691148827199
375 0.692156809328
376 0.692810635574
377 0.693736889422
378 0.69471762879
379 0.695534911597
380 0.696515650966
381 0.697441904814
382 0.698259187621
383 0.699130955948
384 0.699920995995
385 0.700520336721
386 0.701364862288
387 0.702372844417
388 0.703299098265
389 0.704089138311
390 0.704906421119
391 0.705451276323
392 0.706105102569
393 0.706758928815
394 0.707494483341
395 0.70850246547
396 0.709346991037
397 0.710055302803
398 0.711036042172
399 0.71201678154
400 0.712752336067
401 0.713678589915
402 0.71433241616
403 0.715040727927
404 0.715640068652
405 0.716511836979
406 0.717438090827
407 0.718255373634
408 0.719099899202
409 0.719780968208
410 0.720816193097
411 0.721606233144
412 0.72231454491
413 0.723104584957
414 0.723976353284
415 0.724902607132
416 0.725638161659
417 0.726346473425
418 0.72697305691
419 0.727626883156
420 0.728416923203
421 0.72926144877
422 0.729860789495
423 0.73037840194
424 0.731059470946
425 0.732094695835
426 0.732803007601
427 0.733729261449
428 0.734410330455
429 0.735336584303
430 0.735881439507
431 0.736698722315
432 0.7373253058
433 0.738033617566
434 0.738932628654
435 0.739504726619
436 0.740076824584
437 0.740948592911
438 0.741547933637
439 0.742174517122
440 0.74312801373
441 0.743727354456
442 0.744544637263
443 0.745198463508
444 0.745688833193
445 0.746260931158
446 0.746969242924
447 0.747514098128
448 0.748249652655
449 0.7489034789
450 0.749584547906
451 0.750238374152
452 0.751001171439
453 0.751927425287
454 0.752390552211
455 0.753017135696
456 0.753670961942
457 0.754352030948
458 0.754815157872
459 0.755441741357
460 0.756041082082
461 0.756504209006
462 0.757130792492
463 0.757566676656
464 0.758138774621
465 0.758874329147
466 0.759364698831
467 0.759882311276
468 0.760508894761
469 0.761353420329
470 0.761816547253
471 0.762361402457
472 0.762960743182
473 0.763423870107
474 0.764213910153
475 0.765085678481
476 0.765902961288
477 0.766393330972
478 0.766829215136
479 0.767564769662
480 0.768027896586
481 0.76846378075
482 0.769172092516
483 0.770098346364
484 0.770506987768
485 0.771188056774
486 0.771950854061
487 0.772441223745
488 0.77306780723
489 0.773748876236
490 0.774348216961
491 0.775138257008
492 0.775683112213
493 0.77652763778
494 0.777126978505
495 0.777753561991
496 0.778352902716
497 0.779360884845
498 0.779878497289
499 0.780423352494
500 0.781022693219
501 0.781567548424
502 0.782493802272
503 0.783202114038
504 0.783774212003
505 0.784319067208
506 0.785109107255
507 0.785653962459
508 0.786117089383
509 0.78687988667
510 0.787451984635
511 0.787942354319
512 0.788568937805
513 0.78911379301
514 0.789767619255
515 0.790094532378
516 0.790748358624
517 0.791157000027
518 0.791538398671
519 0.792028768355
520 0.79262810908
521 0.793009507723
522 0.793581605688
523 0.794017489852
524 0.794371645735
525 0.795079957501
526 0.795597569946
527 0.79608793963
528 0.796578309314
529 0.796959707958
530 0.797586291443
531 0.798294603209
532 0.798730487373
533 0.799002914975
534 0.799466041899
535 0.800092625385
536 0.800555752309
537 0.801018879233
538 0.801672705479
539 0.802026861362
540 0.802680687607
541 0.803198300052
542 0.803906611818
543 0.804478709783
544 0.805023564988
545 0.805731876754
546 0.806222246438
547 0.806576402321
548 0.807066772005
549 0.807693355491
550 0.808074754134
551 0.808619609339
552 0.809082736263
553 0.809627591468
554 0.810145203912
555 0.810526602555
556 0.810935243959
557 0.811180428801
558 0.811752526766
559 0.812270139211
560 0.812706023374
561 0.813196393059
562 0.813741248263
563 0.814231617948
564 0.814721987632
565 0.815348571117
566 0.815784455281
567 0.816220339445
568 0.816656223609
569 0.817173836053
570 0.817718691258
571 0.818181818182
572 0.818699430626
573 0.819189800311
574 0.819625684474
575 0.819952597597
576 0.82025226796
577 0.820878851445
578 0.821287492849
579 0.821886833574
580 0.82254065982
581 0.823031029504
582 0.823466913668
583 0.823821069551
584 0.824147982674
585 0.824638352358
586 0.825101479282
587 0.825537363446
588 0.825973247609
589 0.826436374533
590 0.827062958019
591 0.827635055984
592 0.828016454627
593 0.82837061051
594 0.828806494674
595 0.829106165037
596 0.829759991282
597 0.830114147165
598 0.830577274089
599 0.830904187212
600 0.831367314136
601 0.8318031983
602 0.832348053505
603 0.832811180429
604 0.833301550113
605 0.833655705996
606 0.833928133598
607 0.834255046721
608 0.834663688125
609 0.834908872967
610 0.835317514371
611 0.835835126815
612 0.836134797178
613 0.83643446754
614 0.836734137903
615 0.837061051026
616 0.837442449669
617 0.837987304874
618 0.838259732476
619 0.83869561664
620 0.838940801482
621 0.839376685646
622 0.83989429809
623 0.840357425014
624 0.840847794699
625 0.841229193342
626 0.841746805786
627 0.842291660991
628 0.842700302395
629 0.842945487237
630 0.843435856921
631 0.843844498325
632 0.844225896968
633 0.84447108181
634 0.844743509412
635 0.845070422535
636 0.845261121857
637 0.845424578418
638 0.845724248781
639 0.845969433623
640 0.846459803307
641 0.846841201951
642 0.847277086114
643 0.847767455799
644 0.848148854442
645 0.848557495845
646 0.848993380009
647 0.849211322091
648 0.849647206255
649 0.85027378974
650 0.850546217343
651 0.850982101507
652 0.851254529109
653 0.851554199471
654 0.851772141553
655 0.852044569156
656 0.85248045332
657 0.852780123682
658 0.853188765086
659 0.85370637753
660 0.854223989975
661 0.85487781622
662 0.855286457624
663 0.855667856267
664 0.856103740431
665 0.856267196992
666 0.856703081156
667 0.856893780478
668 0.857220693601
669 0.857547606724
670 0.857901762607
671 0.858174190209
672 0.858555588852
673 0.859018715776
674 0.85942735718
675 0.859672542022
676 0.860135668946
677 0.860408096548
678 0.86062603863
679 0.860871223472
680 0.861252622116
681 0.86171574904
682 0.861988176642
683 0.862260604244
684 0.862669245648
685 0.863132372572
686 0.863404800174
687 0.863677227777
688 0.864113111941
689 0.864494510584
690 0.864875909227
691 0.86523006511
692 0.865529735473
693 0.865883891356
694 0.866156318958
695 0.86634701828
696 0.866919116245
697 0.867164301087
698 0.86746397145
699 0.867872612853
700 0.868362982537
701 0.8686626529
702 0.868935080502
703 0.869261993625
704 0.869670635029
705 0.869943062631
706 0.870242732994
707 0.870624131637
708 0.870896559239
709 0.871386928924
710 0.871822813087
711 0.872204211731
712 0.872503882093
713 0.872967009017
714 0.8733211649
715 0.873484621462
716 0.873784291824
717 0.874002233906
718 0.874247418748
719 0.874492603591
720 0.874874002234
721 0.875146429836
722 0.875664042281
723 0.875881984363
724 0.876208897485
725 0.87667202441
726 0.876835480971
727 0.877107908573
728 0.877325850655
729 0.877543792737
730 0.87787070586
731 0.878279347263
732 0.878715231427
733 0.878960416269
734 0.879314572152
735 0.879723213556
736 0.879941155638
737 0.880295311521
738 0.880513253603
739 0.880812923965
740 0.881167079849
741 0.88135777917
742 0.881630206773
743 0.882011605416
744 0.882365761299
745 0.882692674422
746 0.883074073065
747 0.883319257907
748 0.883428228948
749 0.88367341379
750 0.883973084153
751 0.884218268995
752 0.884490696597
753 0.884626910399
754 0.884872095241
755 0.885335222165
756 0.885607649767
757 0.885798349089
758 0.886179747732
759 0.886479418095
760 0.886779088457
761 0.88707875882
762 0.887323943662
763 0.887569128504
764 0.887841556106
765 0.888141226469
766 0.888413654071
767 0.888658838914
768 0.888958509276
769 0.889094723077
770 0.889339907919
771 0.889639578282
772 0.889939248645
773 0.890266161768
774 0.89053858937
775 0.890783774212
776 0.891110687335
777 0.891328629417
778 0.891546571499
779 0.891982455662
780 0.892282126025
781 0.892554553627
782 0.89288146675
783 0.893072166072
784 0.893317350914
785 0.893535292996
786 0.893807720598
787 0.893889448879
788 0.894080148201
789 0.894352575803
790 0.894434304084
791 0.894679488926
792 0.894951916528
793 0.895088130329
794 0.895251586891
795 0.895469528973
796 0.895714713815
797 0.895959898657
798 0.896232326259
799 0.896395782821
800 0.896613724903
801 0.896831666984
802 0.896995123546
803 0.897213065628
804 0.89743100771
805 0.897621707031
806 0.897812406353
807 0.897948620154
808 0.898275533277
809 0.898438989838
810 0.898793145722
811 0.899038330564
812 0.899310758166
813 0.899501457488
814 0.899664914049
815 0.899828370611
816 0.900237012014
817 0.900645653418
818 0.90091808102
819 0.901190508622
820 0.901408450704
821 0.901571907266
822 0.901762606587
823 0.901953305909
824 0.90208951971
825 0.902225733511
826 0.902443675593
827 0.902607132155
828 0.902879559757
829 0.903124744599
830 0.903369929441
831 0.903506143242
832 0.903751328085
833 0.903887541886
834 0.904132726728
835 0.904459639851
836 0.904759310213
837 0.904950009535
838 0.905195194377
839 0.9055221075
840 0.905767292342
841 0.906094205465
842 0.906257662026
843 0.906448361348
844 0.90666630343
845 0.906911488272
846 0.907211158635
847 0.907456343477
848 0.907619800038
849 0.9077832566
850 0.907919470401
851 0.908082926962
852 0.908328111804
853 0.908518811126
854 0.908818481489
855 0.90900918081
856 0.909308851173
857 0.909663007056
858 0.909908191898
859 0.91009889122
860 0.910316833302
861 0.910589260904
862 0.910698231945
863 0.910888931267
864 0.911161358869
865 0.911379300951
866 0.911515514752
867 0.911678971313
868 0.911815185115
869 0.911924156156
870 0.912114855477
871 0.912305554799
872 0.91249625412
873 0.912686953442
874 0.912768681723
875 0.912877652764
876 0.913122837606
877 0.913395265208
878 0.913531479009
879 0.913722178331
880 0.913831149372
881 0.914049091454
882 0.914212548015
883 0.914348761817
884 0.914457732857
885 0.914675674939
886 0.914811888741
887 0.914866374261
888 0.915111559103
889 0.915220530144
890 0.915492957746
891 0.915656414308
892 0.915792628109
893 0.916146783992
894 0.916255755033
895 0.916555425396
896 0.916691639197
897 0.916773367478
898 0.916855095758
899 0.91701855232
900 0.917236494402
901 0.917454436484
902 0.917754106846
903 0.917890320647
904 0.917999291688
905 0.918108262729
906 0.91824447653
907 0.918462418612
908 0.918598632413
909 0.918707603454
910 0.918789331735
911 0.918871060016
912 0.919116244858
913 0.91933418694
914 0.919470400741
915 0.919688342823
916 0.919960770425
917 0.920096984226
918 0.920205955267
919 0.920369411829
920 0.92045114011
921 0.920641839431
922 0.920696324952
923 0.920914267034
924 0.920968752554
925 0.921132209115
926 0.921213937396
927 0.921431879478
928 0.921513607759
929 0.9216225788
930 0.921786035361
931 0.922058462963
932 0.922167434004
933 0.922330890566
934 0.922603318168
935 0.922712289209
936 0.922875745771
937 0.923066445092
938 0.923229901654
939 0.923420600975
940 0.923556814776
941 0.923665785817
942 0.923747514098
943 0.923883727899
944 0.924156155502
945 0.924265126543
946 0.924428583104
947 0.924483068625
948 0.924619282426
949 0.924701010706
950 0.924973438309
951 0.92510965211
952 0.925327594192
953 0.925572779034
954 0.925654507315
955 0.925817963876
956 0.925954177677
957 0.926117634239
958 0.92630833356
959 0.926444547362
960 0.926471790122
961 0.926662489443
962 0.926798703245
963 0.926962159806
964 0.927043888087
965 0.927180101888
966 0.927234587408
967 0.927534257771
968 0.927724957093
969 0.927833928134
970 0.927997384695
971 0.928160841256
972 0.928378783338
973 0.92851499714
974 0.92862396818
975 0.928841910262
976 0.928978124064
977 0.929005366824
978 0.929059852344
979 0.929223308906
980 0.929359522707
981 0.929414008227
982 0.929604707549
983 0.92976816411
984 0.929931620672
985 0.929986106192
986 0.930095077233
987 0.930204048274
988 0.930367504836
989 0.930530961397
990 0.930585446917
991 0.930612689678
992 0.93083063176
993 0.930966845561
994 0.931075816602
995 0.931239273163
996 0.931402729725
997 0.931511700766
998 0.931593429046
999 0.931729642847
1000 0.931784128368
1001 0.931893099409
1002 0.93205655597
1003 0.932192769771
1004 0.932301740812
1005 0.932437954614
1006 0.932465197374
1007 0.932628653935
1008 0.932792110497
1009 0.932928324298
1010 0.933037295339
1011 0.93317350914
1012 0.933282480181
1013 0.933391451222
1014 0.933691121584
1015 0.933800092625
1016 0.933963549187
1017 0.934099762988
1018 0.93429046231
1019 0.93431770507
1020 0.934453918871
1021 0.934617375432
1022 0.934780831994
1023 0.934835317514
1024 0.935053259596
1025 0.935189473397
1026 0.935325687199
1027 0.93551638652
1028 0.935679843082
1029 0.935761571362
1030 0.935870542403
1031 0.936033998965
1032 0.936115727245
1033 0.936279183807
1034 0.936388154848
1035 0.936442640368
1037 0.936469883129
1038 0.93668782521
1039 0.936905767292
1040 0.936987495573
1041 0.937096466614
1042 0.937232680415
1043 0.937341651456
1044 0.937423379737
1045 0.937450622497
1046 0.937559593538
1047 0.937723050099
1048 0.937886506661
1049 0.938022720462
1050 0.938158934263
1052 0.938295148064
1053 0.938458604626
1054 0.938731032228
1055 0.938840003269
1057 0.93897621707
1058 0.939003459831
1059 0.939139673632
1060 0.939248644673
1061 0.939303130193
1062 0.939384858474
1063 0.939521072275
1064 0.939575557796
1065 0.939657286076
1066 0.939847985398
1067 0.939875228158
1068 0.94003868472
1069 0.940174898521
1070 0.940229384041
1071 0.940256626801
1072 0.940365597842
1073 0.940392840603
1074 0.940529054404
1075 0.940692510965
1076 0.940746996486
1077 0.940855967527
1078 0.940883210287
1079 0.940964938568
1080 0.941182880649
1081 0.94123736617
1082 0.941346337211
1083 0.941482551012
1084 0.941591522053
1085 0.941727735854
1086 0.941754978614
1087 0.941809464135
1088 0.941863949655
1089 0.942027406217
1090 0.942054648977
1091 0.942136377258
1092 0.942299833819
1093 0.94235431934
1094 0.94243604762
1095 0.942490533141
1096 0.942599504182
1097 0.942708475223
1098 0.942762960743
1099 0.942817446264
1100 0.942953660065
1101 0.943062631106
1102 0.943089873866
1103 0.943226087667
1104 0.943307815948
1105 0.943335058708
1106 0.94352575803
1107 0.943634729071
1108 0.943716457351
1109 0.943879913913
1110 0.943988884954
1111 0.944070613235
1112 0.944152341515
1113 0.944179584275
1114 0.944288555316
1115 0.944370283597
1116 0.944506497398
1117 0.944560982919
1119 0.944615468439
1120 0.94472443948
1121 0.944778925001
1122 0.944915138802
1123 0.945078595363
1124 0.945105838124
1125 0.945214809164
1126 0.945269294685
1127 0.945296537445
1128 0.945351022966
1130 0.945514479527
1131 0.945568965048
1132 0.945623450568
1133 0.945786907129
1134 0.945923120931
1135 0.946086577492
1136 0.946113820252
1137 0.946277276814
1138 0.946386247855
1139 0.946549704416
1140 0.946658675457
1141 0.946767646498
1142 0.946876617539
1143 0.94695834582
1144 0.947067316861
1145 0.947176287901
1146 0.947230773422
1147 0.947312501703
1148 0.947366987223
1149 0.947421472744
1150 0.947557686545
1151 0.947666657586
1152 0.947721143106
1153 0.947802871387
1154 0.947884599668
1155 0.948020813469
1156 0.948075298989
1157 0.94815702727
1158 0.948238755551
1159 0.948293241071
1160 0.948347726592
1161 0.948374969352
1162 0.948511183153
1163 0.948729125235
1164 0.948838096276
1165 0.948892581796
1166 0.948947067317
1167 0.949056038358
1168 0.949192252159
1169 0.949246737679
1170 0.94932846596
1171 0.949410194241
1172 0.949573650802
1173 0.949628136323
1174 0.949709864603
1175 0.949737107364
1176 0.949764350124
1177 0.949818835644
1179 0.949900563925
1180 0.950036777726
1182 0.950172991528
1183 0.950281962568
1184 0.950363690849
1185 0.95047266189
1186 0.950527147411
1187 0.950636118452
1188 0.950663361212
1189 0.950717846732
1190 0.950772332253
1191 0.950908546054
1192 0.950990274335
1193 0.951044759855
1194 0.951153730896
1195 0.951262701937
1196 0.951453401259
1197 0.95158961506
1199 0.951671343341
1200 0.951780314381
1201 0.951862042662
1202 0.952052741984
1203 0.952188955785
1204 0.952243441305
1205 0.952379655107
1206 0.952406897867
1207 0.952488626148
1208 0.952543111668
1209 0.952679325469
1210 0.95273381099
1211 0.95276105375
1212 0.952842782031
1213 0.952951753072
1214 0.953087966873
1215 0.953115209633
1216 0.953360394475
1217 0.953414879996
1218 0.953523851037
1219 0.953714550358
1220 0.953769035879
1221 0.953823521399
1222 0.95390524968
1223 0.9539597352
1224 0.954041463481
1225 0.954150434522
1226 0.954259405563
1227 0.954395619364
1228 0.954450104885
1229 0.954504590405
1230 0.954749775247
1231 0.954804260768
1232 0.954858746288
1233 0.954913231809
1234 0.95504944561
1235 0.955158416651
1236 0.955240144931
1237 0.955267387692
1238 0.955294630452
1239 0.955376358733
1240 0.955567058054
1241 0.955648786335
1242 0.955703271856
1243 0.955812242896
1244 0.955921213937
1245 0.955948456698
1246 0.956002942218
1247 0.956084670499
1248 0.95619364154
1249 0.95624812706
1252 0.95627536982
1253 0.956411583622
1254 0.956466069142
1255 0.956547797423
1256 0.956629525704
1257 0.956711253984
1258 0.956765739505
1259 0.956792982265
1260 0.956874710546
1261 0.956901953306
1262 0.956956438826
1263 0.956983681587
1264 0.957010924347
1265 0.957065409867
1266 0.957119895388
1267 0.957201623669
1268 0.957310594709
1269 0.95733783747
1270 0.95736508023
1271 0.95741956575
1272 0.957474051271
1273 0.957528536791
1274 0.957637507832
1275 0.957719236113
1276 0.957746478873
1277 0.957800964394
1278 0.957855449914
1279 0.957964420955
1280 0.957991663715
1281 0.958046149236
1283 0.958182363037
1284 0.958291334078
1285 0.958454790639
1286 0.9584820334
1287 0.95856376168
1288 0.958699975482
1289 0.958781703762
1290 0.958945160324
1291 0.958999645844
1292 0.959108616885
1293 0.959190345166
1294 0.959244830686
1295 0.959326558967
1296 0.959408287248
1297 0.959490015528
1298 0.959517258289
1299 0.959571743809
1300 0.95970795761
1301 0.959789685891
1302 0.959898656932
1303 0.959925899692
1304 0.960007627973
1305 0.960089356254
1306 0.960143841774
1309 0.960225570055
1310 0.960280055575
1311 0.960443512137
1312 0.960470754897
1313 0.960525240417
1315 0.960661454219
1316 0.960688696979
1318 0.960770425259
1319 0.96079766802
1320 0.96082491078
1322 0.960906639061
1323 0.960933881821
1324 0.960988367341
1325 0.961042852862
1326 0.961151823903
1328 0.961206309423
1329 0.961233552184
1330 0.961260794944
1331 0.961315280464
1332 0.961424251505
1333 0.961478737026
1334 0.961505979786
1335 0.961587708067
1336 0.961642193587
1337 0.961751164628
1339 0.961832892909
1340 0.961860135669
1341 0.96194186395
1342 0.96196910671
1343 0.96202359223
1344 0.962050834991
1346 0.962132563271
1347 0.962214291552
1348 0.962268777072
1349 0.962323262593
1351 0.962377748113
1352 0.962513961915
1353 0.962541204675
1354 0.962568447435
1355 0.962622932956
1356 0.962650175716
1357 0.962813632277
1358 0.962868117798
1360 0.962922603318
1362 0.963031574359
1363 0.96308605988
1364 0.96311330264
1365 0.963195030921
1366 0.963276759201
1367 0.963358487482
1368 0.963467458523
1369 0.963576429564
1370 0.963630915084
1371 0.963739886125
1372 0.963767128885
1373 0.963848857166
1374 0.963903342687
1375 0.964066799248
1377 0.964148527529
1378 0.964175770289
1379 0.96423025581
1380 0.96425749857
1381 0.96433922685
1382 0.964393712371
1383 0.964557168932
1384 0.964693382734
1385 0.964747868254
1386 0.964775111014
1387 0.964802353774
1388 0.964856839295
1389 0.964911324815
1390 0.964965810336
1391 0.964993053096
1392 0.965047538617
1393 0.965074781377
1394 0.965102024137
1395 0.965129266897
1396 0.965183752418
1397 0.965265480699
1399 0.965292723459
1401 0.965319966219
1402 0.965347208979
1403 0.965374451739
1404 0.9654016945
1405 0.96545618002
1406 0.96548342278
1408 0.965592393821
1409 0.965646879342
1410 0.965701364862
1412 0.965728607623
1413 0.965755850383
1414 0.965783093143
1415 0.965837578663
1417 0.965864821424
1418 0.965946549704
1420 0.966028277985
1421 0.966055520745
1422 0.966082763506
1423 0.966218977307
1424 0.966273462827
1425 0.966327948348
1427 0.966382433868
1428 0.966409676628
1429 0.966436919389
1430 0.966464162149
1431 0.966491404909
1432 0.96654589043
1433 0.96657313319
1434 0.96662761871
1435 0.966709346991
1436 0.966736589751
1437 0.966791075272
1438 0.966845560792
1440 0.966872803552
1441 0.966954531833
1442 0.967036260114
1443 0.967063502874
1445 0.967117988395
1446 0.967145231155
1451 0.967199716675
1452 0.967254202196
1453 0.967363173237
1455 0.967444901517
1457 0.967499387038
1458 0.967553872558
1459 0.967581115319
1460 0.967635600839
1463 0.967662843599
1464 0.96769008636
1465 0.96771732912
1466 0.96777181464
1467 0.967853542921
1468 0.967935271202
1469 0.967989756722
1470 0.968016999482
1471 0.968071485003
1472 0.968125970523
1476 0.968153213284
1477 0.968234941564
1479 0.968262184325
1480 0.968343912605
1482 0.968398398126
1483 0.968452883646
1484 0.968534611927
1485 0.968561854687
1486 0.968589097447
1487 0.968616340208
1488 0.968698068488
1489 0.968725311249
1490 0.968752554009
1491 0.968807039529
1492 0.96888876781
1493 0.96894325333
1494 0.969024981611
1495 0.969106709892
1496 0.969188438173
1497 0.969215680933
1498 0.969324651974
1499 0.969379137494
1501 0.969433623015
1502 0.969460865775
1503 0.969488108535
1504 0.969515351295
1506 0.969542594056
1507 0.969597079576
1509 0.969624322336
1510 0.969678807857
1511 0.969706050617
1512 0.969733293377
1514 0.969760536138
1515 0.969787778898
1516 0.969842264418
1518 0.969923992699
1519 0.969951235459
1520 0.969978478219
1521 0.9700602065
1523 0.970114692021
1524 0.970141934781
1527 0.970196420301
1528 0.970223663062
1529 0.970305391342
1530 0.970332634102
1531 0.970359876863
1532 0.970387119623
1533 0.970414362383
1534 0.970496090664
1537 0.970523333424
1538 0.970550576184
1539 0.970577818945
1541 0.970659547225
1542 0.970741275506
1543 0.970795761027
1544 0.970823003787
1545 0.970877489307
1546 0.970959217588
1548 0.970986460348
1549 0.971013703108
1551 0.971040945869
1552 0.971068188629
1553 0.97114991691
1557 0.97117715967
1558 0.97120440243
1559 0.971286130711
1560 0.971395101752
1561 0.971476830032
1562 0.971585801073
1563 0.971667529354
1564 0.971722014875
1566 0.971749257635
1567 0.971776500395
1570 0.971885471436
1572 0.971939956956
1573 0.971994442477
1574 0.972021685237
1575 0.972076170758
1576 0.972130656278
1578 0.972157899038
1579 0.972239627319
1580 0.97234859836
1581 0.97237584112
1583 0.97240308388
1584 0.972430326641
1585 0.972457569401
1586 0.972512054921
1587 0.972566540442
1589 0.972675511483
1590 0.972702754243
1591 0.972757239764
1592 0.972811725284
1593 0.972838968044
1594 0.972866210804
1595 0.972893453565
1596 0.972920696325
1600 0.972975181845
1602 0.973056910126
1603 0.973111395647
1606 0.973138638407
1607 0.973165881167
1608 0.973220366688
1610 0.973247609448
1611 0.973274852208
1612 0.973329337728
1614 0.973356580489
1615 0.973383823249
1617 0.973411066009
1620 0.973438308769
1621 0.97346555153
1625 0.97349279429
1626 0.97352003705
1627 0.973601765331
1628 0.973656250851
1629 0.973765221892
1630 0.973819707413
1631 0.973846950173
1632 0.973928678454
1634 0.973983163974
1636 0.974037649495
1637 0.974119377775
1638 0.974146620536
1639 0.974201106056
1640 0.974310077097
1641 0.974364562617
1643 0.974391805378
1644 0.974500776419
1645 0.974528019179
1646 0.974555261939
1647 0.974582504699
1648 0.97463699022
1649 0.97466423298
1651 0.974745961261
1653 0.974827689542
1656 0.974854932302
1659 0.974882175062
1661 0.974936660582
1662 0.974991146103
1663 0.975018388863
1664 0.975127359904
1666 0.975154602664
1667 0.975263573705
1668 0.975290816466
1669 0.975318059226
1672 0.975345301986
1673 0.975372544746
1674 0.975399787506
1675 0.975427030267
1676 0.975481515787
1677 0.975508758547
1678 0.975590486828
1680 0.975617729588
1682 0.975672215109
1685 0.975699457869
1686 0.975726700629
1687 0.97575394339
1688 0.97580842891
1689 0.97583567167
1690 0.975890157191
1695 0.975917399951
1696 0.975971885471
1697 0.975999128232
1698 0.976053613752
1699 0.976135342033
1700 0.976189827553
1701 0.976298798594
1702 0.976326041355
1703 0.976353284115
1705 0.976380526875
1706 0.976435012395
1708 0.976489497916
1709 0.976516740676
1710 0.976543983436
1711 0.976625711717
1712 0.976680197238
1713 0.976707439998
1714 0.976761925518
1715 0.976816411039
1716 0.976843653799
1717 0.97692538208
1720 0.9769798676
1723 0.977061595881
1724 0.977088838641
1725 0.977143324162
1727 0.977170566922
1729 0.977197809682
1730 0.977225052442
1733 0.977252295203
1734 0.977279537963
1736 0.977388509004
1737 0.977415751764
1740 0.977470237284
1741 0.977497480045
1743 0.977633693846
1744 0.977688179366
1745 0.977715422127
1746 0.977742664887
1748 0.977769907647
1749 0.977824393168
1750 0.977851635928
1753 0.977878878688
1755 0.977960606969
1756 0.978015092489
1757 0.97806957801
1758 0.97809682077
1759 0.97812406353
1760 0.97815130629
1763 0.978178549051
1764 0.978205791811
1765 0.978233034571
1766 0.978260277331
1767 0.978287520092
1768 0.978314762852
1769 0.978342005612
1770 0.978369248372
1771 0.978396491132
1772 0.978423733893
1774 0.978478219413
1775 0.978505462173
1777 0.978532704934
1778 0.978559947694
1779 0.978587190454
1780 0.978641675975
1781 0.978723404255
1782 0.978750647016
1784 0.978777889776
1785 0.978832375296
1786 0.978886860817
1787 0.978995831858
1788 0.979023074618
1790 0.979050317378
1791 0.979077560138
1793 0.979104802899
1795 0.979159288419
1797 0.979186531179
1798 0.97921377394
1800 0.97929550222
1801 0.979322744981
1803 0.979349987741
1804 0.979431716021
1806 0.979458958782
1807 0.979513444302
1808 0.979540687062
1811 0.979595172583
1812 0.979649658103
1814 0.979704143624
1815 0.979813114665
1816 0.979867600185
1817 0.979894842945
1823 0.979922085706
1824 0.979976571226
1825 0.980003813986
1826 0.980031056747
1827 0.980058299507
1828 0.980112785027
1830 0.980194513308
1832 0.980221756068
1833 0.980276241589
1834 0.980303484349
1835 0.980330727109
1836 0.98035796987
1837 0.98041245539
1839 0.98043969815
1840 0.98046694091
1845 0.980521426431
1847 0.980548669191
1848 0.980575911951
1850 0.980603154712
1851 0.980630397472
1852 0.980657640232
1854 0.980684882992
1858 0.980739368513
1859 0.980848339554
1860 0.980875582314
1861 0.980902825074
1863 0.980930067834
1865 0.980984553355
1866 0.981039038875
1867 0.981066281636
1868 0.981093524396
1869 0.981120767156
1873 0.981148009916
1874 0.981175252677
1876 0.981229738197
1877 0.981311466478
1881 0.981365951998
1882 0.981420437519
1885 0.981447680279
1886 0.981474923039
1888 0.98152940856
1889 0.98155665132
1893 0.98158389408
1894 0.98161113684
1897 0.981638379601
1901 0.981665622361
1904 0.981692865121
1905 0.981720107881
1906 0.981774593402
1907 0.981801836162
1908 0.981829078922
1909 0.981856321683
1912 0.981910807203
1920 0.982019778244
1922 0.982047021004
1925 0.982074263764
1926 0.982128749285
1931 0.982183234805
1933 0.982210477566
1934 0.982237720326
1935 0.982264963086
1936 0.982292205846
1938 0.982319448607
1942 0.982373934127
1943 0.982401176887
1945 0.982428419647
1946 0.982455662408
1947 0.982482905168
1949 0.982510147928
1950 0.982537390688
1951 0.982591876209
1953 0.982619118969
1955 0.982646361729
1957 0.98272809001
1958 0.98275533277
1959 0.982809818291
1961 0.982837061051
1962 0.982864303811
1964 0.982891546571
1967 0.982973274852
1968 0.983027760373
1969 0.983055003133
1970 0.983082245893
1971 0.983109488653
1972 0.983163974174
1973 0.983191216934
1974 0.983218459694
1976 0.983245702455
1977 0.983272945215
1979 0.983300187975
1980 0.983327430735
1982 0.983354673496
1983 0.983381916256
1984 0.983490887297
1985 0.983545372817
1990 0.983627101098
1991 0.983654343858
1992 0.983708829379
1993 0.983763314899
1995 0.983790557659
1998 0.98387228594
2004 0.9838995287
2005 0.98392677146
2007 0.984008499741
2009 0.984035742501
2011 0.984062985262
2012 0.984090228022
2017 0.984117470782
2021 0.984144713542
2022 0.984171956303
2026 0.984199199063
2027 0.984226441823
2029 0.984253684583
2032 0.984280927344
2033 0.984362655624
2036 0.984444383905
2037 0.984471626665
2042 0.984498869425
2043 0.984553354946
2044 0.984580597706
2048 0.984607840466
2050 0.984689568747
2053 0.984716811507
2054 0.984744054268
2055 0.984798539788
2058 0.984825782548
2060 0.984853025309
2064 0.984880268069
2069 0.984907510829
2072 0.984934753589
2078 0.984961996349
2079 0.98501648187
2080 0.98504372463
2081 0.98507096739
2084 0.985098210151
2086 0.985125452911
2089 0.985207181192
2093 0.985234423952
2094 0.985261666712
2097 0.985288909472
2099 0.985316152233
2101 0.985370637753
2104 0.985397880513
2107 0.985425123273
2111 0.985452366034
2113 0.985479608794
2115 0.985534094314
2117 0.985561337075
2118 0.985588579835
2120 0.985615822595
2121 0.985643065355
2124 0.985670308116
2129 0.985752036396
2131 0.985806521917
2132 0.985833764677
2137 0.985861007437
2138 0.985888250198
2140 0.985969978478
2141 0.985997221238
2144 0.986051706759
2151 0.986078949519
2156 0.986106192279
2159 0.98613343504
2162 0.9861606778
2163 0.98618792056
2166 0.98621516332
2167 0.986242406081
2174 0.986269648841
2178 0.986296891601
2179 0.986324134361
2180 0.986351377122
2183 0.986433105402
2184 0.986487590923
2187 0.986514833683
2189 0.986542076443
2193 0.986569319203
2195 0.986596561964
2200 0.986623804724
2203 0.986678290244
2212 0.986732775765
2215 0.986760018525
2217 0.986787261285
2223 0.986814504046
2227 0.986841746806
2231 0.986923475086
2232 0.986950717847
2233 0.986977960607
2234 0.987005203367
2235 0.987032446127
2237 0.987059688888
2238 0.987086931648
2239 0.987114174408
2240 0.987141417168
2244 0.987195902689
2245 0.98727763097
2246 0.98730487373
2251 0.98733211649
2252 0.98735935925
2254 0.987386602011
2256 0.987413844771
2258 0.987441087531
2263 0.987495573051
2265 0.987522815812
2266 0.987550058572
2271 0.987577301332
2280 0.987604544092
2284 0.987631786853
2288 0.987659029613
2289 0.987686272373
2290 0.987713515133
2292 0.987740757894
2293 0.987795243414
2300 0.987849728935
2305 0.987876971695
2306 0.987904214455
2307 0.987931457215
2308 0.987985942736
2312 0.988013185496
2313 0.988040428256
2315 0.988067671016
2317 0.988094913777
2319 0.988149399297
2320 0.988176642057
2321 0.988203884818
2322 0.988258370338
2323 0.988285613098
2324 0.988312855859
2328 0.988340098619
2329 0.988367341379
2331 0.988394584139
2334 0.98844906966
2335 0.98847631242
2338 0.98850355518
2346 0.98853079794
2351 0.988585283461
2353 0.988612526221
2354 0.988667011742
2355 0.988748740022
2362 0.988775982783
2364 0.988803225543
2369 0.988830468303
2370 0.988857711063
2374 0.988884953824
2377 0.988939439344
2379 0.988966682104
2380 0.988993924864
2381 0.989021167625
2385 0.989048410385
2387 0.989075653145
2391 0.989102895905
2396 0.989130138666
2399 0.989184624186
2401 0.989211866946
2403 0.989239109707
2405 0.989266352467
2408 0.989293595227
2409 0.989320837987
2410 0.989348080748
2414 0.989375323508
2416 0.989402566268
2419 0.989429809028
2421 0.989538780069
2426 0.989566022829
2428 0.98959326559
2430 0.98964775111
2431 0.98967499387
2437 0.989702236631
2444 0.989756722151
2461 0.989783964911
2462 0.989838450432
2468 0.989865693192
2469 0.989892935952
2471 0.989920178713
2473 0.989947421473
2474 0.989974664233
2478 0.990029149753
2480 0.990083635274
2481 0.990110878034
2482 0.990165363555
2484 0.990192606315
2485 0.990219849075
2486 0.990247091835
2490 0.990328820116
2491 0.990356062876
2497 0.990383305637
2499 0.990410548397
2500 0.990437791157
2502 0.990465033917
2503 0.990492276677
2512 0.990519519438
2516 0.990546762198
2520 0.990574004958
2522 0.990601247718
2523 0.990628490479
2526 0.990655733239
2530 0.990682975999
2531 0.990710218759
2532 0.99073746152
2533 0.99076470428
2538 0.99079194704
2539 0.9908191898
2545 0.990846432561
2555 0.990873675321
2557 0.990900918081
2558 0.990928160841
2566 0.990955403601
2576 0.990982646362
2582 0.991009889122
2590 0.991037131882
2594 0.991064374642
2600 0.991091617403
2602 0.991118860163
2605 0.991146102923
2608 0.991173345683
2614 0.991200588444
2616 0.991227831204
2622 0.991255073964
2624 0.991282316724
2627 0.991309559485
2631 0.991364045005
2643 0.991391287765
2645 0.991445773286
2646 0.991473016046
2651 0.991500258806
2655 0.991527501566
2657 0.991554744327
2661 0.991581987087
2664 0.991609229847
2668 0.991636472607
2673 0.991663715368
2677 0.991690958128
2682 0.991718200888
2683 0.991745443648
2687 0.991772686409
2689 0.991827171929
2691 0.991854414689
2697 0.99188165745
2698 0.99190890021
2699 0.99193614297
2700 0.99196338573
2702 0.99199062849
2708 0.992017871251
2714 0.992045114011
2716 0.992072356771
2723 0.992099599531
2736 0.992154085052
2740 0.992181327812
2752 0.992208570572
2756 0.992235813333
2757 0.992263056093
2762 0.992290298853
2771 0.992317541613
2774 0.992344784374
2780 0.992372027134
2783 0.992399269894
2788 0.992426512654
2791 0.992453755414
2794 0.992480998175
2801 0.992508240935
2802 0.992535483695
2804 0.992562726455
2813 0.992589969216
2817 0.992617211976
2824 0.992671697496
2828 0.992698940257
2840 0.992726183017
2845 0.992753425777
2851 0.992780668537
2856 0.992835154058
2863 0.992862396818
2865 0.992889639578
2866 0.992916882339
2888 0.992971367859
2913 0.992998610619
2920 0.993025853379
2924 0.99305309614
2940 0.9930803389
2941 0.99310758166
2953 0.99313482442
2957 0.993162067181
2962 0.993189309941
2965 0.993243795461
2986 0.993271038222
2994 0.993298280982
3001 0.993352766502
3006 0.993380009263
3008 0.993407252023
3009 0.993434494783
3011 0.993461737543
3017 0.993488980303
3022 0.993516223064
3025 0.993543465824
3026 0.993570708584
3027 0.993597951344
3028 0.993625194105
3030 0.993652436865
3040 0.993679679625
3045 0.993706922385
3057 0.993734165146
3061 0.993761407906
3067 0.993788650666
3069 0.993815893426
3071 0.993843136187
3072 0.993870378947
3074 0.993924864467
3089 0.993952107228
3100 0.993979349988
3116 0.994006592748
3124 0.994033835508
3126 0.994061078268
3131 0.994088321029
3160 0.994115563789
3161 0.994142806549
3164 0.994170049309
3174 0.99419729207
3179 0.99422453483
3185 0.99425177759
3188 0.994306263111
3203 0.994333505871
3205 0.994360748631
3207 0.994387991391
3211 0.994415234152
3214 0.994442476912
3235 0.994469719672
3236 0.994496962432
3250 0.994524205192
3252 0.994551447953
3256 0.994578690713
3261 0.994605933473
3263 0.994633176233
3274 0.994660418994
3282 0.994687661754
3287 0.994742147274
3297 0.994769390035
3306 0.994796632795
3333 0.994823875555
3344 0.994851118315
3373 0.994878361076
3390 0.994905603836
3396 0.994932846596
3406 0.994960089356
3409 0.994987332116
3426 0.995014574877
3437 0.995041817637
3451 0.995069060397
3455 0.995096303157
3478 0.995150788678
3487 0.995178031438
3514 0.995205274198
3531 0.995232516959
3540 0.995259759719
3550 0.995287002479
3554 0.995341488
3560 0.99536873076
3581 0.99539597352
3598 0.99542321628
3606 0.995450459041
3613 0.995477701801
3644 0.995504944561
3645 0.995532187321
3648 0.995559430081
3651 0.995586672842
3663 0.995613915602
3717 0.995641158362
3722 0.995668401122
3727 0.995695643883
3733 0.995722886643
3736 0.995777372163
3747 0.995804614924
3755 0.995831857684
3758 0.995859100444
3760 0.995940828725
3783 0.995968071485
3795 0.995995314245
3797 0.996022557005
3803 0.996049799766
3806 0.996077042526
3812 0.996131528046
3814 0.996158770807
3822 0.996186013567
3846 0.996213256327
3852 0.996240499087
3869 0.996267741848
3876 0.996294984608
3916 0.996322227368
3926 0.996376712889
3944 0.996403955649
3952 0.996431198409
3988 0.996458441169
3991 0.996485683929
4000 0.99651292669
4014 0.99654016945
4046 0.99656741221
4052 0.99659465497
4084 0.996621897731
4092 0.996676383251
4106 0.996703626011
4111 0.996730868772
4135 0.996758111532
4158 0.996785354292
4160 0.996812597052
4178 0.996839839813
4187 0.996867082573
4198 0.996894325333
4202 0.996921568093
4208 0.996948810854
4225 0.996976053614
4302 0.997003296374
4308 0.997057781894
4314 0.997085024655
4340 0.997112267415
4356 0.997139510175
4381 0.997166752935
4383 0.997193995696
4426 0.997221238456
4465 0.997248481216
4468 0.997275723976
4519 0.997302966737
4526 0.997330209497
4527 0.997357452257
4530 0.997384695017
4548 0.997411937778
4625 0.997439180538
4654 0.997466423298
4655 0.997493666058
4669 0.997520908818
4703 0.997548151579
4710 0.997575394339
4713 0.997602637099
4738 0.997629879859
4755 0.99765712262
4878 0.99768436538
4883 0.99771160814
4886 0.9977388509
4900 0.997766093661
4921 0.997793336421
4926 0.997820579181
4986 0.997875064702
4999 0.997902307462
5029 0.997929550222
5040 0.997956792982
5110 0.997984035743
5118 0.998011278503
5119 0.998038521263
5124 0.998065764023
5141 0.998093006783
5143 0.998120249544
5152 0.998147492304
5167 0.998174735064
5285 0.998201977824
5289 0.998229220585
5293 0.998256463345
5294 0.998283706105
5307 0.998310948865
5353 0.998338191626
5355 0.998365434386
5413 0.998392677146
5447 0.998419919906
5458 0.998447162667
5494 0.998474405427
5584 0.998501648187
5587 0.998528890947
5663 0.998556133707
5729 0.998583376468
5768 0.998610619228
6023 0.998637861988
6102 0.998665104748
6152 0.998692347509
6195 0.998719590269
6231 0.998746833029
6340 0.998774075789
6355 0.99880131855
6384 0.99882856131
6401 0.99885580407
6462 0.99888304683
6497 0.998910289591
6524 0.998937532351
6574 0.998964775111
6654 0.998992017871
6701 0.999019260631
6881 0.999046503392
6936 0.999073746152
6953 0.999100988912
7077 0.999128231672
7113 0.999155474433
7353 0.999182717193
7439 0.999209959953
7716 0.999237202713
7722 0.999264445474
7765 0.999291688234
7768 0.999318930994
7887 0.999346173754
7907 0.999373416515
7976 0.999400659275
8097 0.999427902035
8135 0.999455144795
8415 0.999482387556
8765 0.999509630316
8852 0.999536873076
9222 0.999564115836
9287 0.999591358596
9292 0.999618601357
9429 0.999645844117
10124 0.999673086877
10728 0.999700329637
10956 0.999727572398
13390 0.999754815158
13441 0.999782057918
13580 0.999809300678
18789 0.999836543439
19898 0.999863786199
27938 0.999891028959
38104 1.0
