6 0.000946073793756
8 0.00378429517502
9 0.0113528855251
10 0.0179754020814
11 0.0321665089877
12 0.042573320719
13 0.0577105014191
14 0.0662251655629
15 0.0756859035005
16 0.0785241248817
17 0.081362346263
18 0.0889309366131
19 0.0908230842006
21 0.0927152317881
22 0.0946073793756
23 0.0974456007569
24 0.0993377483444
25 0.103122043519
26 0.105960264901
27 0.107852412488
28 0.113528855251
29 0.116367076632
30 0.119205298013
31 0.121097445601
32 0.123935666982
33 0.131504257332
34 0.135288552507
35 0.139072847682
36 0.143803216651
37 0.144749290445
38 0.150425733207
39 0.155156102176
40 0.162724692526
41 0.167455061495
43 0.169347209082
44 0.170293282876
45 0.17123935667
46 0.173131504257
47 0.174077578051
48 0.175023651845
49 0.175969725639
50 0.176915799432
51 0.177861873226
52 0.179754020814
53 0.18637653737
54 0.187322611164
55 0.190160832545
56 0.194891201514
57 0.197729422895
58 0.199621570482
59 0.204351939451
60 0.20908230842
61 0.21665089877
62 0.217596972564
63 0.218543046358
64 0.22421948912
65 0.226111636708
66 0.229895931883
67 0.235572374645
70 0.236518448439
71 0.240302743614
72 0.242194891202
73 0.245033112583
74 0.24692526017
75 0.249763481552
76 0.250709555345
77 0.252601702933
80 0.257332071902
81 0.260170293283
82 0.261116367077
83 0.264900662252
84 0.265846736045
85 0.271523178808
86 0.272469252602
87 0.276253547777
88 0.27719962157
89 0.279091769158
90 0.281929990539
92 0.282876064333
93 0.283822138127
94 0.287606433302
95 0.290444654683
96 0.294228949858
97 0.295175023652
98 0.298013245033
99 0.299905392621
100 0.300851466414
101 0.302743614002
103 0.303689687796
104 0.304635761589
105 0.306527909177
106 0.307473982971
107 0.308420056764
109 0.310312204352
111 0.311258278146
112 0.312204351939
113 0.313150425733
114 0.315042573321
115 0.317880794702
119 0.319772942289
120 0.320719016083
121 0.322611163671
122 0.324503311258
123 0.326395458846
124 0.328287606433
125 0.330179754021
126 0.331125827815
127 0.333017975402
129 0.33491012299
130 0.336802270577
131 0.339640491958
132 0.341532639546
133 0.34247871334
134 0.343424787133
135 0.345316934721
136 0.346263008515
138 0.347209082308
139 0.349101229896
140 0.350993377483
141 0.353831598865
143 0.354777672658
144 0.35761589404
147 0.359508041627
148 0.360454115421
149 0.363292336802
151 0.36518448439
152 0.367076631977
156 0.368968779565
158 0.369914853359
159 0.370860927152
160 0.37275307474
161 0.373699148534
163 0.375591296121
164 0.376537369915
165 0.377483443709
166 0.378429517502
167 0.379375591296
168 0.38032166509
170 0.382213812677
172 0.384105960265
173 0.385998107852
174 0.38789025544
175 0.389782403027
176 0.391674550615
177 0.392620624409
178 0.394512771996
179 0.397350993377
180 0.398297067171
181 0.401135288553
182 0.40302743614
183 0.403973509934
184 0.405865657521
186 0.406811731315
187 0.407757805109
188 0.408703878903
191 0.41059602649
192 0.411542100284
193 0.413434247871
194 0.414380321665
196 0.416272469253
197 0.41816461684
198 0.419110690634
200 0.420056764428
201 0.422894985809
203 0.423841059603
204 0.424787133396
205 0.42573320719
206 0.426679280984
207 0.427625354778
208 0.428571428571
209 0.429517502365
214 0.430463576159
216 0.431409649953
219 0.432355723746
224 0.43330179754
225 0.434247871334
227 0.435193945128
228 0.436140018921
236 0.437086092715
240 0.438032166509
241 0.439924314096
243 0.441816461684
244 0.442762535478
247 0.443708609272
248 0.444654683065
249 0.445600756859
250 0.446546830653
252 0.447492904447
255 0.44843897824
259 0.449385052034
260 0.450331125828
261 0.451277199622
262 0.452223273415
264 0.453169347209
266 0.454115421003
267 0.45600756859
274 0.456953642384
276 0.457899716178
279 0.458845789972
282 0.460737937559
283 0.461684011353
288 0.462630085147
290 0.46357615894
292 0.464522232734
299 0.465468306528
307 0.466414380322
310 0.467360454115
315 0.468306527909
318 0.469252601703
325 0.470198675497
338 0.472090823084
340 0.473982970672
343 0.474929044465
347 0.475875118259
351 0.476821192053
352 0.477767265847
354 0.47871333964
356 0.479659413434
360 0.480605487228
361 0.481551561022
363 0.482497634816
367 0.483443708609
372 0.484389782403
376 0.485335856197
379 0.486281929991
385 0.487228003784
387 0.488174077578
389 0.489120151372
390 0.490066225166
396 0.491012298959
397 0.491958372753
402 0.492904446547
406 0.493850520341
408 0.494796594134
411 0.495742667928
432 0.496688741722
445 0.497634815516
456 0.498580889309
471 0.499526963103
484 0.500473036897
489 0.501419110691
497 0.502365184484
500 0.503311258278
511 0.504257332072
515 0.505203405866
532 0.506149479659
536 0.507095553453
552 0.508041627247
553 0.508987701041
554 0.509933774834
555 0.510879848628
559 0.511825922422
567 0.513718070009
570 0.514664143803
573 0.516556291391
577 0.517502365184
591 0.518448438978
592 0.519394512772
593 0.520340586566
595 0.52128666036
596 0.522232734153
602 0.523178807947
611 0.524124881741
617 0.525070955535
618 0.526017029328
619 0.526963103122
620 0.527909176916
624 0.52885525071
631 0.529801324503
640 0.530747398297
645 0.531693472091
1079 0.532639545885
1094 0.534531693472
1126 0.535477767266
1133 0.53642384106
1135 0.537369914853
1138 0.538315988647
1139 0.540208136235
1141 0.541154210028
1143 0.542100283822
1145 0.543046357616
1146 0.54399243141
1149 0.544938505203
1151 0.546830652791
1153 0.548722800378
1154 0.550614947966
1155 0.557237464522
1156 0.562913907285
1157 0.565752128666
1158 0.56669820246
1167 1.0
