5 0
6 1
7 0
7 0
8 3
9 8
10 7
11 15
12 11
13 16
14 9
15 10
16 3
18 8
19 2
20 0
20 0
21 2
23 3
24 2
25 4
26 3
27 2
28 6
29 3
31 2
32 3
33 8
34 4
36 5
37 1
38 6
39 5
40 8
41 5
42 0
42 0
43 2
44 1
46 2
47 1
52 2
53 7
54 1
55 3
56 5
57 3
58 2
59 5
61 8
62 1
64 6
65 2
66 4
67 6
68 0
69 0
70 1
71 4
72 2
73 3
74 2
75 3
76 1
77 2
78 0
79 0
80 5
81 3
82 1
83 4
84 1
85 6
86 1
87 4
88 1
89 2
90 3
91 0
91 0
92 1
94 4
95 3
96 4
97 1
98 3
99 2
100 1
101 2
102 0
102 0
103 1
105 2
106 1
108 0
108 0
109 2
110 0
110 0
111 1
114 2
115 3
116 0
118 0
119 2
120 1
121 2
126 1
127 2
128 0
128 0
129 2
131 3
132 2
133 1
135 2
136 1
137 0
137 0
138 1
139 2
141 3
142 0
142 0
143 1
144 3
145 0
146 0
147 2
148 1
149 3
150 0
150 0
151 2
153 0
155 0
156 2
157 0
157 0
158 1
160 2
161 1
162 0
162 0
163 2
164 1
169 0
169 0
170 2
171 0
171 0
172 2
177 1
178 2
179 3
180 1
181 3
182 2
183 1
184 2
185 0
185 0
186 1
189 0
190 0
191 2
192 1
193 2
194 1
195 0
195 0
196 2
198 1
199 0
199 0
200 1
201 3
202 0
202 0
203 1
210 0
213 0
214 1
215 0
215 0
216 1
217 0
218 0
219 1
220 0
223 0
224 1
226 0
226 0
227 1
229 0
235 0
236 1
237 0
239 0
240 1
241 2
242 0
242 0
243 2
244 1
245 0
246 0
247 1
251 0
251 0
252 1
253 0
254 0
255 1
256 0
258 0
259 1
263 0
263 0
264 1
265 0
265 0
266 1
267 2
268 0
273 0
274 1
275 0
275 0
276 1
277 0
278 0
279 1
280 0
281 0
282 2
283 1
284 0
287 0
288 1
289 0
289 0
290 1
291 0
291 0
292 1
293 0
298 0
299 1
300 0
306 0
307 1
308 0
309 0
310 1
311 0
314 0
315 1
316 0
317 0
318 1
319 0
324 0
325 1
326 0
337 0
338 2
339 0
339 0
340 2
341 0
342 0
343 1
344 0
346 0
347 1
348 0
350 0
351 1
353 0
353 0
354 1
355 0
355 0
356 1
357 0
359 0
360 1
362 0
362 0
363 1
364 0
366 0
367 1
368 0
371 0
372 1
373 0
375 0
376 1
377 0
378 0
379 1
380 0
384 0
385 1
386 0
386 0
387 1
388 0
388 0
389 1
391 0
395 0
396 1
398 0
401 0
402 1
403 0
405 0
406 1
407 0
407 0
408 1
409 0
410 0
411 1
412 0
431 0
432 1
433 0
444 0
445 1
446 0
455 0
456 1
457 0
470 0
471 1
472 0
483 0
484 1
485 0
488 0
489 1
490 0
496 0
497 1
498 0
499 0
500 1
501 0
510 0
511 1
512 0
514 0
515 1
516 0
531 0
532 1
533 0
535 0
536 1
537 0
551 0
552 1
556 0
558 0
559 1
560 0
566 0
567 2
568 0
569 0
570 1
571 0
572 0
573 2
574 0
576 0
577 1
578 0
590 0
591 1
594 0
594 0
595 1
597 0
601 0
602 1
603 0
610 0
611 1
612 0
616 0
617 1
621 0
623 0
624 1
625 0
630 0
631 1
632 0
639 0
640 1
641 0
644 0
645 1
646 0
1078 0
1079 1
1080 0
1093 0
1094 2
1095 0
1125 0
1126 1
1127 0
1132 0
1133 1
1134 0
1134 0
1135 1
1136 0
1137 0
1138 1
1139 2
1140 0
1140 0
1141 1
1142 0
1142 0
1143 1
1144 0
1144 0
1145 1
1147 0
1148 0
1149 1
1150 0
1150 0
1151 2
1152 0
1152 0
1153 2
1155 7
1156 6
1157 3
1158 1
1159 0
1166 0
1167 458
