2 0.0577570894837
3 0.0981196790592
4 0.131622465854
5 0.162430330128
6 0.196239358118
7 0.228455931892
8 0.255772646536
9 0.283885588289
10 0.310283579347
11 0.335395357383
12 0.360078397746
13 0.38329148037
14 0.404115881668
15 0.42610399951
16 0.445580939548
17 0.467324064433
18 0.485208550254
19 0.501623078336
20 0.51865008881
21 0.533594659154
22 0.549457953084
23 0.565443743492
24 0.578673363141
25 0.591535493355
26 0.60568383659
27 0.619587186868
28 0.632020579408
29 0.643106510688
30 0.654927420837
31 0.66711582042
32 0.676425552765
33 0.686592760458
34 0.696943712868
35 0.70582470754
36 0.715195688124
37 0.723954186317
38 0.733325166901
39 0.742941140442
40 0.751148404483
41 0.759478165003
42 0.766950450175
43 0.775157714216
44 0.782323758192
45 0.789244809212
46 0.796410853188
47 0.802964414773
48 0.808354259815
49 0.81356036014
50 0.818705212225
51 0.823972560789
52 0.829362405831
53 0.834384761438
54 0.83977460648
55 0.844184479696
56 0.849023090586
57 0.853432963802
58 0.857659092301
59 0.861701476083
60 0.866662583451
61 0.87088871195
62 0.874931095731
63 0.878912231273
64 0.882403380903
65 0.886690757641
66 0.890488148466
67 0.892999326269
68 0.896184234703
69 0.899001653702
70 0.902125313897
71 0.904758988179
72 0.907637655417
73 0.91021008146
74 0.91296625222
75 0.91572242298
76 0.91780486311
77 0.919948551479
78 0.922153488087
79 0.924113431739
80 0.925828382434
81 0.92748208489
82 0.929380780303
83 0.931218227476
84 0.932933178171
85 0.934280639432
86 0.93648557604
87 0.937955533778
88 0.939180498561
89 0.940221718626
90 0.941936669321
91 0.943651620016
92 0.944570343603
93 0.945917804863
94 0.947020273167
95 0.947755252037
96 0.949041465058
97 0.950327678079
98 0.951981380535
99 0.95375757947
100 0.954553806578
101 0.955656274882
102 0.956758743186
103 0.957799963251
104 0.95853494212
105 0.959759906903
106 0.960433637533
107 0.961474857598
108 0.962209836467
109 0.963434801249
110 0.964292276597
111 0.965027255466
112 0.965517241379
113 0.966435964966
114 0.966987199118
115 0.967722177987
116 0.968150915661
117 0.968824646291
118 0.969682121639
119 0.970845838182
120 0.971274575856
121 0.97170331353
122 0.972070802964
123 0.97237704416
124 0.972989526551
125 0.973173271268
126 0.973540760703
127 0.974030746616
128 0.974520732529
129 0.97513321492
130 0.975623200833
131 0.976113186746
132 0.97654192442
133 0.976848165615
134 0.977154406811
135 0.977766889202
136 0.977950633919
137 0.978256875115
138 0.978808109267
139 0.979481839897
140 0.979849329332
141 0.980339315245
142 0.980829301158
143 0.981196790592
144 0.981441783549
145 0.981870521223
146 0.982483003614
147 0.98272799657
148 0.982850493048
149 0.983156734244
150 0.983524223679
151 0.983830464874
152 0.983952961352
153 0.98413670607
154 0.984381699026
155 0.984687940222
156 0.984932933178
157 0.985177926135
158 0.985422919091
159 0.985606663808
160 0.985790408526
161 0.986096649721
162 0.986280394439
163 0.986647883873
164 0.986954125069
165 0.987076621547
166 0.987382862743
167 0.987444110982
168 0.987627855699
169 0.988056593373
170 0.988362834569
171 0.988485331047
172 0.988607827525
173 0.988669075764
174 0.988791572242
175 0.989036565199
176 0.989342806394
177 0.989465302873
178 0.98964904759
179 0.989710295829
180 0.989894040546
182 0.990077785264
183 0.99032277822
184 0.990506522937
185 0.990629019416
187 0.990690267655
188 0.990935260611
189 0.991119005329
190 0.991180253568
191 0.991241501807
192 0.991486494763
193 0.991670239481
194 0.991792735959
195 0.991853984198
197 0.991915232437
198 0.992160225394
199 0.992343970111
200 0.992527714828
201 0.992772707785
202 0.992833956024
203 0.993017700741
206 0.993140197219
207 0.993323941937
208 0.993568934893
209 0.993691431371
211 0.99381392785
212 0.993875176089
213 0.993997672567
214 0.994058920806
215 0.994181417284
216 0.994365162002
218 0.99448765848
219 0.994610154958
220 0.994732651436
221 0.994793899675
222 0.994855147914
223 0.994977644393
224 0.99516138911
227 0.995283885588
228 0.995345133827
230 0.995467630306
232 0.995528878545
233 0.995651375023
234 0.99583511974
235 0.995896367979
237 0.995957616219
238 0.996018864458
241 0.996080112697
244 0.996202609175
245 0.996325105653
248 0.996386353892
252 0.996508850371
255 0.99657009861
259 0.996631346849
261 0.996692595088
262 0.996753843327
263 0.996815091566
267 0.996937588044
269 0.997060084523
271 0.997121332762
274 0.997182581001
275 0.997305077479
277 0.997366325718
278 0.997427573957
281 0.997550070435
282 0.997611318675
283 0.997672566914
284 0.997733815153
292 0.997856311631
293 0.99791755987
296 0.997978808109
301 0.998040056348
302 0.998101304587
307 0.998223801066
308 0.998285049305
309 0.998346297544
310 0.998407545783
311 0.998468794022
312 0.998530042261
324 0.9985912905
325 0.998713786979
328 0.998897531696
338 0.998958779935
340 0.999020028174
343 0.999081276413
349 0.999142524652
351 0.999203772892
357 0.999265021131
378 0.99932626937
386 0.999387517609
394 0.999448765848
407 0.999510014087
420 0.999571262326
428 0.999632510565
447 0.999693758804
468 0.999755007044
496 0.999816255283
575 0.999877503522
605 0.999938751761
715 1.0
