0 0
1 331
2 612
3 659
4 547
5 503
6 552
7 526
8 446
9 459
10 431
11 410
12 403
13 379
14 340
15 359
16 318
17 355
18 292
19 268
20 278
21 244
22 259
23 261
24 216
25 210
26 231
27 227
28 203
29 181
30 193
31 199
32 152
33 166
34 169
35 145
36 153
37 143
38 153
39 157
40 134
41 136
42 122
43 134
44 117
45 113
46 117
47 107
48 88
49 85
50 84
51 86
52 88
53 82
54 88
55 72
56 79
57 72
58 69
59 66
60 81
61 69
62 66
63 65
64 57
65 70
66 62
67 41
68 52
69 46
70 51
71 43
72 47
73 42
74 45
76 34
77 35
78 36
79 32
80 28
81 27
82 31
83 30
84 28
85 22
86 36
87 24
88 20
89 17
90 28
92 15
93 22
94 18
95 12
96 21
98 27
99 29
100 13
101 18
103 17
104 12
105 20
106 11
107 17
108 12
109 20
110 14
111 12
112 8
113 15
114 9
115 12
116 7
117 11
118 14
119 19
120 7
122 6
123 5
124 10
125 3
126 6
127 8
129 10
130 8
132 7
133 5
135 10
136 3
137 5
138 9
139 11
140 6
141 8
143 6
144 4
145 7
146 10
147 4
148 2
149 5
150 6
151 5
152 2
153 3
154 4
155 5
156 4
159 3
161 5
162 3
163 6
164 5
165 2
166 5
167 1
168 3
169 7
170 5
171 2
173 1
174 2
175 4
176 5
177 2
178 3
179 1
180 3
181 0
181 0
182 3
183 4
184 3
185 2
186 0
186 0
187 1
188 4
189 3
190 1
192 4
193 3
194 2
195 1
196 0
196 0
197 1
198 4
199 3
201 4
202 1
203 3
204 0
205 0
206 2
207 3
208 4
209 2
210 0
210 0
211 2
212 1
213 2
214 1
215 2
216 3
217 0
217 0
218 2
221 1
223 2
224 3
225 0
226 0
227 2
228 1
229 0
229 0
230 2
231 0
231 0
232 1
233 2
234 3
235 1
236 0
236 0
237 1
239 0
240 0
241 1
242 0
243 0
244 2
246 0
247 0
248 1
249 0
251 0
252 2
253 0
254 0
255 1
256 0
258 0
259 1
260 0
260 0
261 1
264 0
266 0
267 2
268 0
268 0
269 2
270 0
270 0
271 1
272 0
273 0
274 1
275 2
276 0
276 0
277 1
279 0
280 0
281 2
282 1
285 0
291 0
292 2
293 1
294 0
295 0
296 1
297 0
300 0
301 1
303 0
306 0
307 2
308 1
313 0
323 0
324 1
325 2
326 0
327 0
328 3
329 0
337 0
338 1
339 0
339 0
340 1
341 0
342 0
343 1
344 0
348 0
349 1
350 0
350 0
351 1
352 0
356 0
357 1
358 0
377 0
378 1
379 0
385 0
386 1
387 0
393 0
394 1
395 0
406 0
407 1
408 0
419 0
420 1
421 0
427 0
428 1
429 0
446 0
447 1
448 0
467 0
468 1
469 0
495 0
496 1
497 0
574 0
575 1
576 0
604 0
605 1
606 0
714 0
715 1
