0 0
1 2
2 5
3 7
4 13
5 20
6 16
7 15
8 19
9 11
10 12
11 17
12 9
14 14
15 10
16 12
17 4
18 8
19 9
20 7
21 10
22 11
23 7
24 14
25 8
26 4
27 5
28 12
29 11
30 7
32 11
33 10
34 6
35 12
36 6
37 15
38 5
40 6
41 12
42 6
43 4
44 7
45 5
46 4
47 5
48 2
49 1
50 5
51 8
52 7
53 4
54 1
55 5
56 9
57 3
58 7
59 4
60 3
61 1
62 5
63 3
67 4
68 5
69 2
70 4
71 8
72 6
73 2
74 3
75 6
76 1
77 3
78 2
79 1
80 0
80 0
81 2
82 1
83 4
84 2
85 0
85 0
86 1
87 4
88 1
89 0
89 0
90 4
91 7
92 6
93 2
94 4
95 6
96 4
97 3
98 1
101 5
102 2
103 4
104 3
105 2
107 5
108 2
109 4
110 1
111 2
113 3
114 2
115 3
116 1
118 0
118 0
119 1
120 3
121 0
121 0
122 4
123 2
125 1
126 2
127 0
127 0
128 1
131 2
132 0
132 0
133 1
135 4
136 2
137 3
138 2
140 3
141 1
142 3
143 2
144 3
145 1
150 0
150 0
151 4
152 2
153 3
154 1
155 4
156 0
156 0
157 1
158 2
159 4
160 0
160 0
161 1
162 3
163 1
165 2
168 0
169 0
170 1
171 0
171 0
172 2
173 0
173 0
174 1
176 3
177 2
180 0
181 0
182 6
183 3
184 0
185 0
186 2
187 1
188 0
189 0
190 3
191 2
192 1
193 0
194 0
195 1
196 2
197 0
198 0
199 4
200 0
201 0
202 1
204 0
205 0
206 1
208 0
209 0
210 2
212 0
212 0
213 1
214 0
215 0
216 1
217 0
217 0
218 1
220 0
220 0
221 1
222 0
223 0
224 1
225 0
225 0
226 1
227 0
229 0
230 2
231 0
231 0
232 2
233 0
235 0
236 2
237 0
238 0
239 1
240 0
242 0
243 1
245 0
245 0
246 1
247 0
252 0
253 3
254 0
255 0
256 1
258 0
260 0
261 1
262 0
262 0
263 2
264 0
264 0
265 1
266 0
266 0
267 2
268 0
270 0
271 1
272 0
279 0
280 1
281 0
281 0
282 1
283 0
283 0
284 1
285 2
286 0
287 0
288 1
291 0
291 0
292 1
294 0
295 0
296 1
298 0
301 0
302 1
303 0
310 0
311 1
312 0
316 0
317 1
318 0
323 0
324 1
327 0
327 0
328 1
330 0
331 0
332 2
333 1
335 0
335 0
336 1
338 0
345 0
346 1
347 0
347 0
348 1
350 0
352 0
353 1
354 0
360 0
361 1
362 0
362 0
363 1
364 0
366 0
367 1
368 2
369 1
370 0
375 0
376 1
377 0
383 0
384 2
385 1
386 0
387 0
388 1
389 0
391 0
392 1
393 0
393 0
394 3
395 0
397 0
398 1
399 3
400 0
406 0
407 1
409 0
412 0
413 1
414 0
416 0
417 1
418 0
422 0
423 1
424 0
424 0
425 1
426 0
427 0
428 1
429 0
442 0
443 1
444 0
447 0
448 1
449 0
450 0
451 1
452 0
457 0
458 1
459 0
466 0
467 1
468 0
469 0
470 1
472 0
477 0
478 1
479 0
479 0
480 1
481 0
483 0
484 1
485 0
496 0
497 2
498 1
499 0
505 0
506 1
507 0
508 0
509 1
510 0
521 0
522 1
523 0
524 0
525 1
526 0
529 0
530 1
531 0
531 0
532 1
533 0
553 0
554 1
555 0
557 0
558 1
559 0
562 0
563 1
564 0
564 0
565 1
566 0
566 0
567 1
568 0
571 0
572 1
573 0
578 0
579 1
581 0
587 0
588 1
589 0
592 0
593 1
594 0
612 0
613 1
614 0
649 0
650 1
651 0
658 0
659 1
660 0
681 0
682 1
683 0
694 0
695 1
696 0
704 0
705 1
706 0
711 0
712 1
713 0
725 0
726 1
727 0
735 0
736 2
737 0
765 0
766 1
767 0
782 0
783 1
784 0
785 0
786 1
787 0
826 0
827 1
828 0
853 0
854 2
855 0
865 0
866 1
867 0
877 0
878 1
879 0
880 0
881 1
882 0
889 0
890 1
891 0
900 0
901 1
902 0
914 0
915 1
916 0
935 0
936 1
937 0
1085 0
1086 1
1087 0
1101 0
1102 1
1103 0
1105 0
1106 1
1107 0
1109 0
1110 1
1111 0
1113 0
1114 1
1115 0
1127 0
1128 1
1129 0
1129 0
1130 1
1132 0
1134 0
1135 1
1136 0
1137 0
1138 2
1139 1
1140 0
1140 0
1141 2
1142 0
1166 0
1167 118
