# Statistics for m=1, N=200, S=5000, all M
# k-definiteness count
1 2
2 5
3 7
4 13
5 20
6 16
7 15
8 19
9 11
10 12
11 17
12 9
13 9
14 14
15 10
16 12
17 4
18 8
19 9
20 7
21 10
22 11
23 7
24 14
25 8
26 4
27 5
28 12
29 11
30 7
31 7
32 11
33 10
34 6
35 12
36 6
37 15
38 5
39 5
40 6
41 12
42 6
43 4
44 7
45 5
46 4
47 5
48 2
49 1
50 5
51 8
52 7
53 4
54 1
55 5
56 9
57 3
58 7
59 4
60 3
61 1
62 5
63 3
64 3
65 3
66 3
67 4
68 5
69 2
70 4
71 8
72 6
73 2
74 3
75 6
76 1
77 3
78 2
79 1
81 2
82 1
83 4
84 2
86 1
87 4
88 1
90 4
91 7
92 6
93 2
94 4
95 6
96 4
97 3
98 1
99 1
100 1
101 5
102 2
103 4
104 3
105 2
106 2
107 5
108 2
109 4
110 1
111 2
112 2
113 3
114 2
115 3
116 1
117 1
119 1
120 3
122 4
123 2
124 2
125 1
126 2
128 1
129 1
130 1
131 2
133 1
134 1
135 4
136 2
137 3
138 2
139 2
140 3
141 1
142 3
143 2
144 3
145 1
146 1
147 1
148 1
149 1
151 4
152 2
153 3
154 1
155 4
157 1
158 2
159 4
161 1
162 3
163 1
164 1
165 2
166 2
167 2
170 1
172 2
174 1
175 1
176 3
177 2
178 2
179 2
182 6
183 3
186 2
187 1
190 3
191 2
192 1
195 1
196 2
199 4
202 1
203 1
206 1
207 1
210 2
211 2
213 1
216 1
218 1
219 1
221 1
224 1
226 1
230 2
232 2
236 2
239 1
243 1
244 1
246 1
253 3
256 1
257 1
261 1
263 2
265 1
267 2
271 1
280 1
282 1
284 1
285 2
288 1
289 1
290 1
292 1
293 1
296 1
297 1
302 1
311 1
317 1
324 1
325 1
326 1
328 1
329 1
332 2
333 1
334 1
336 1
337 1
346 1
348 1
349 1
353 1
361 1
363 1
367 1
368 2
369 1
376 1
384 2
385 1
388 1
392 1
394 3
398 1
399 3
407 1
408 1
413 1
417 1
423 1
425 1
428 1
443 1
448 1
451 1
458 1
467 1
470 1
471 1
478 1
480 1
484 1
497 2
498 1
506 1
509 1
522 1
525 1
530 1
532 1
554 1
558 1
563 1
565 1
567 1
572 1
579 1
580 1
588 1
593 1
613 1
650 1
659 1
682 1
695 1
705 1
712 1
726 1
736 2
766 1
783 1
786 1
827 1
854 2
866 1
878 1
881 1
890 1
901 1
915 1
936 1
1086 1
1102 1
1106 1
1110 1
1114 1
1128 1
1130 1
1131 1
1135 1
1138 2
1139 1
1141 2
1167 118
