0 0
1 0.00189214758751
2 0.00662251655629
3 0.0132450331126
4 0.0255439924314
5 0.0444654683065
6 0.0596026490066
7 0.073793755913
8 0.0917691579943
9 0.102175969726
10 0.113528855251
11 0.129612109745
12 0.138126773888
13 0.146641438032
14 0.159886471145
15 0.169347209082
16 0.180700094607
17 0.184484389782
18 0.192052980132
19 0.200567644276
20 0.207190160833
21 0.21665089877
22 0.227057710501
23 0.233680227058
24 0.24692526017
25 0.25449385052
26 0.258278145695
27 0.263008514664
28 0.274361400189
29 0.284768211921
30 0.291390728477
31 0.298013245033
32 0.308420056764
33 0.317880794702
34 0.323557237465
35 0.33491012299
36 0.340586565752
37 0.354777672658
38 0.359508041627
39 0.364238410596
40 0.369914853359
41 0.381267738884
42 0.386944181646
43 0.390728476821
44 0.397350993377
45 0.402081362346
46 0.405865657521
47 0.41059602649
48 0.412488174078
49 0.413434247871
50 0.41816461684
51 0.42573320719
52 0.432355723746
53 0.436140018921
54 0.437086092715
55 0.441816461684
56 0.450331125828
57 0.453169347209
58 0.459791863765
59 0.46357615894
60 0.466414380322
61 0.467360454115
62 0.472090823084
63 0.474929044465
64 0.477767265847
65 0.480605487228
66 0.483443708609
67 0.487228003784
68 0.491958372753
69 0.493850520341
70 0.497634815516
71 0.505203405866
72 0.510879848628
73 0.512771996216
74 0.515610217597
75 0.52128666036
76 0.522232734153
77 0.525070955535
78 0.526963103122
79 0.527909176916
81 0.529801324503
82 0.530747398297
83 0.534531693472
84 0.53642384106
86 0.537369914853
87 0.541154210028
88 0.542100283822
90 0.545884578997
91 0.552507095553
92 0.558183538316
93 0.560075685904
94 0.563859981079
95 0.569536423841
96 0.573320719016
97 0.576158940397
98 0.577105014191
99 0.578051087985
100 0.578997161779
101 0.583727530747
102 0.585619678335
103 0.58940397351
104 0.592242194891
105 0.594134342479
106 0.596026490066
107 0.600756859035
108 0.602649006623
109 0.606433301798
110 0.607379375591
111 0.609271523179
112 0.611163670766
113 0.614001892148
114 0.615894039735
115 0.618732261116
116 0.61967833491
117 0.620624408704
119 0.621570482498
120 0.624408703879
122 0.628192999054
123 0.630085146641
124 0.631977294229
125 0.632923368023
126 0.63481551561
128 0.635761589404
129 0.636707663198
130 0.637653736991
131 0.639545884579
133 0.640491958373
134 0.641438032167
135 0.645222327342
136 0.647114474929
137 0.64995269631
138 0.651844843898
139 0.653736991485
140 0.656575212867
141 0.65752128666
142 0.660359508042
143 0.662251655629
144 0.66508987701
145 0.666035950804
146 0.666982024598
147 0.667928098392
148 0.668874172185
149 0.669820245979
151 0.673604541154
152 0.675496688742
153 0.678334910123
154 0.679280983917
155 0.683065279092
157 0.684011352886
158 0.685903500473
159 0.689687795648
161 0.690633869442
162 0.693472090823
163 0.694418164617
164 0.695364238411
165 0.697256385998
166 0.699148533586
167 0.701040681173
170 0.701986754967
172 0.703878902554
174 0.704824976348
175 0.705771050142
176 0.708609271523
177 0.710501419111
178 0.712393566698
179 0.714285714286
182 0.719962157048
183 0.72280037843
186 0.724692526017
187 0.725638599811
190 0.728476821192
191 0.73036896878
192 0.731315042573
195 0.732261116367
196 0.734153263955
199 0.73793755913
202 0.738883632923
203 0.739829706717
206 0.740775780511
207 0.741721854305
210 0.743614001892
211 0.74550614948
213 0.746452223273
216 0.747398297067
218 0.748344370861
219 0.749290444655
221 0.750236518448
224 0.751182592242
226 0.752128666036
230 0.754020813623
232 0.755912961211
236 0.757805108798
239 0.758751182592
243 0.759697256386
244 0.76064333018
246 0.761589403974
253 0.764427625355
256 0.765373699149
257 0.766319772942
261 0.767265846736
263 0.769157994324
265 0.770104068117
267 0.771996215705
271 0.772942289499
280 0.773888363292
282 0.774834437086
284 0.77578051088
285 0.777672658467
288 0.778618732261
289 0.779564806055
290 0.780510879849
292 0.781456953642
293 0.782403027436
296 0.78334910123
297 0.784295175024
302 0.785241248817
311 0.786187322611
317 0.787133396405
324 0.788079470199
325 0.789025543992
326 0.789971617786
328 0.79091769158
329 0.791863765374
332 0.793755912961
333 0.794701986755
334 0.795648060549
336 0.796594134342
337 0.797540208136
346 0.79848628193
348 0.799432355724
349 0.800378429518
353 0.801324503311
361 0.802270577105
363 0.803216650899
367 0.804162724693
368 0.80605487228
369 0.807000946074
376 0.807947019868
384 0.809839167455
385 0.810785241249
388 0.811731315043
392 0.812677388836
394 0.815515610218
398 0.816461684011
399 0.819299905393
407 0.820245979186
408 0.82119205298
413 0.822138126774
417 0.823084200568
423 0.824030274361
425 0.824976348155
428 0.825922421949
443 0.826868495743
448 0.827814569536
451 0.82876064333
458 0.829706717124
467 0.830652790918
470 0.831598864711
471 0.832544938505
478 0.833491012299
480 0.834437086093
484 0.835383159886
497 0.837275307474
498 0.838221381268
506 0.839167455061
509 0.840113528855
522 0.841059602649
525 0.842005676443
530 0.842951750237
532 0.84389782403
554 0.844843897824
558 0.845789971618
563 0.846736045412
565 0.847682119205
567 0.848628192999
572 0.849574266793
579 0.850520340587
580 0.85146641438
588 0.852412488174
593 0.853358561968
613 0.854304635762
650 0.855250709555
659 0.856196783349
682 0.857142857143
695 0.858088930937
705 0.85903500473
712 0.859981078524
726 0.860927152318
736 0.862819299905
766 0.863765373699
783 0.864711447493
786 0.865657521287
827 0.86660359508
854 0.868495742668
866 0.869441816462
878 0.870387890255
881 0.871333964049
890 0.872280037843
901 0.873226111637
915 0.87417218543
936 0.875118259224
1086 0.876064333018
1102 0.877010406812
1106 0.877956480605
1110 0.878902554399
1114 0.879848628193
1128 0.880794701987
1130 0.881740775781
1131 0.882686849574
1135 0.883632923368
1138 0.885525070956
1139 0.886471144749
1141 0.888363292337
1167 1.0
