0 0
1 0.00794314381271
2 0.0154682274247
3 0.0217391304348
4 0.0284280936455
5 0.0367892976589
6 0.0443143812709
7 0.0472408026756
8 0.0505852842809
9 0.054347826087
10 0.0585284280936
11 0.0723244147157
15 0.0785953177258
16 0.0852842809365
18 0.0928093645485
20 0.109531772575
21 0.118311036789
22 0.127508361204
24 0.13754180602
29 0.149665551839
31 0.16262541806
35 0.177257525084
36 0.207357859532
38 0.223244147157
46 0.242474916388
48 0.26254180602
52 0.284280936455
57 0.308110367893
61 0.333612040134
62 0.359531772575
66 0.387123745819
77 0.419314381271
86 0.455267558528
91 0.493311036789
97 0.533862876254
100 1.0
