0 0
1 0.0990802675585
2 0.198578595318
3 0.29347826087
4 0.373327759197
5 0.4372909699
6 0.499581939799
7 0.546404682274
8 0.588628762542
9 0.628344481605
10 0.664715719064
11 0.696488294314
12 0.722408026756
13 0.745401337793
14 0.769648829431
15 0.788879598662
16 0.804765886288
17 0.823578595318
18 0.839882943144
19 0.852842809365
20 0.86245819398
21 0.872491638796
22 0.884197324415
23 0.892976588629
24 0.899247491639
25 0.904682274247
26 0.910535117057
27 0.918060200669
28 0.92474916388
29 0.929347826087
30 0.936036789298
31 0.938963210702
32 0.945234113712
33 0.948160535117
34 0.951505016722
35 0.954849498328
36 0.95610367893
37 0.958193979933
38 0.96279264214
39 0.965301003344
40 0.969899665552
41 0.971571906355
42 0.973244147157
43 0.974498327759
45 0.976170568562
46 0.977006688963
47 0.978260869565
48 0.979096989967
49 0.980351170569
50 0.98118729097
51 0.982441471572
52 0.982859531773
53 0.984531772575
54 0.985785953177
56 0.988294314381
57 0.988712374582
59 0.989130434783
60 0.989548494983
61 0.990384615385
63 0.991220735786
66 0.992474916388
68 0.99372909699
69 0.994983277592
77 0.995401337793
78 0.996237458194
92 0.996655518395
95 0.997491638796
97 0.997909698997
109 0.998327759197
113 0.998745819398
115 0.999163879599
128 0.999581939799
146 1.0
