0 0
1 237
2 238
3 227
4 191
5 153
6 149
7 112
8 101
9 95
10 87
11 76
12 62
13 55
14 58
15 46
16 38
17 45
18 39
19 31
20 23
21 24
22 28
23 21
24 15
25 13
26 14
27 18
28 16
29 11
30 16
31 7
32 15
33 7
34 8
36 3
37 5
38 11
39 6
40 11
41 4
43 3
44 0
44 0
45 4
46 2
47 3
48 2
49 3
50 2
51 3
52 1
53 4
54 3
55 0
55 0
56 6
57 1
58 0
58 0
59 1
61 2
62 0
62 0
63 2
64 0
65 0
66 3
67 0
67 0
68 3
70 0
76 0
77 1
78 2
79 0
91 0
92 1
93 0
94 0
95 2
96 0
96 0
97 1
98 0
108 0
109 1
110 0
112 0
113 1
114 0
114 0
115 1
116 0
127 0
128 1
129 0
145 0
146 1
