4 0
5 1
6 4
7 14
9 56
10 85
11 146
12 238
13 316
14 374
15 512
16 558
17 654
18 709
19 728
20 823
21 720
22 805
23 834
24 805
25 777
26 787
27 778
28 719
29 707
30 629
31 508
32 474
33 413
34 363
35 263
36 265
37 194
38 169
39 127
40 118
41 83
42 82
43 61
44 48
45 33
46 24
47 25
48 13
49 28
50 18
51 14
52 9
54 11
55 15
56 6
58 7
60 4
61 6
63 3
64 1
65 3
66 6
67 5
68 6
69 1
70 2
71 0
71 0
72 3
73 2
74 0
74 0
75 3
76 1
78 0
78 0
79 1
81 0
81 0
82 2
83 0
83 0
84 2
86 0
86 0
87 1
89 0
89 0
90 1
91 0
92 0
93 1
94 2
95 0
95 0
96 1
97 0
97 0
98 3
99 1
100 2
101 1
104 0
104 0
105 1
106 0
106 0
107 1
108 0
109 0
110 1
112 0
112 0
113 1
114 0
118 0
119 2
121 0
121 0
122 2
123 1
125 4
126 0
127 0
128 1
129 0
134 0
135 1
137 2
140 0
140 0
141 1
142 2
144 0
144 0
145 2
146 0
146 0
147 1
148 2
149 1
150 0
151 0
152 1
153 0
153 0
154 1
155 2
157 0
157 0
158 1
159 0
159 0
160 1
161 0
161 0
162 1
163 0
163 0
164 1
165 3
166 2
167 3
168 1
169 0
170 0
171 2
172 1
173 0
180 0
181 2
182 0
190 0
191 1
192 2
