4 0
5 6.12482391131e-05
6 0.000306241195566
7 0.00116371654315
8 0.00202119189073
9 0.00545109328107
10 0.0106571936057
11 0.0195994365162
12 0.0341765174251
13 0.0535309609849
14 0.0764378024132
15 0.107796900839
16 0.141973418264
17 0.182029766644
18 0.225454768175
19 0.27004348625
20 0.32045078704
21 0.364549519201
22 0.413854351687
23 0.464935383108
24 0.514240215594
25 0.561830097385
26 0.610032461567
27 0.657683591597
28 0.701721075519
29 0.745023580572
30 0.783548722974
31 0.814662828444
32 0.843694493783
33 0.868990016537
34 0.891223127335
35 0.907331414222
36 0.923562197587
37 0.935444355975
38 0.945795308385
39 0.953573834752
40 0.960801126968
41 0.965884730814
42 0.970907086421
43 0.974643229007
44 0.977583144485
45 0.979604336375
46 0.981074294114
47 0.982605500092
48 0.9834017272
49 0.985116677896
50 0.9862191462
51 0.987076621547
52 0.987627855699
53 0.988179089851
54 0.988852820481
55 0.989771544068
56 0.990139033503
57 0.990506522937
58 0.990935260611
59 0.991363998285
60 0.991608991242
61 0.991976480676
62 0.992343970111
63 0.992527714828
64 0.992588963067
65 0.992772707785
66 0.993140197219
67 0.993446438415
68 0.99381392785
69 0.993875176089
70 0.993997672567
72 0.994181417284
73 0.994303913762
75 0.99448765848
76 0.994548906719
77 0.994610154958
79 0.994671403197
80 0.994732651436
82 0.994855147914
84 0.994977644393
85 0.995100140871
87 0.99516138911
88 0.995222637349
90 0.995283885588
93 0.995345133827
94 0.995467630306
96 0.995528878545
98 0.995712623262
99 0.995773871501
100 0.995896367979
101 0.995957616219
102 0.996018864458
103 0.996080112697
105 0.996141360936
107 0.996202609175
110 0.996263857414
111 0.996325105653
113 0.996386353892
119 0.996508850371
120 0.996631346849
122 0.996753843327
123 0.996815091566
124 0.996876339805
125 0.997121332762
128 0.997182581001
135 0.99724382924
136 0.997305077479
137 0.997427573957
138 0.997550070435
139 0.997672566914
141 0.997733815153
142 0.997856311631
143 0.997978808109
145 0.998101304587
147 0.998162552827
148 0.998285049305
149 0.998346297544
152 0.998407545783
154 0.998468794022
155 0.9985912905
156 0.998713786979
158 0.998775035218
160 0.998836283457
162 0.998897531696
164 0.998958779935
165 0.999142524652
166 0.999265021131
167 0.999448765848
168 0.999510014087
171 0.999632510565
172 0.999693758804
181 0.999816255283
191 0.999877503522
192 1.0
