500 0.0903336240028
501 0.0904628104512
502 0.0910656805434
503 0.0927451043719
504 0.0964807458364
505 0.102358729236
506 0.111595560292
507 0.122737891462
508 0.133880222631
509 0.145184036861
510 0.153796466751
511 0.16044956884
512 0.166101475955
513 0.171247402814
514 0.176285674299
515 0.182325140759
516 0.188429200444
517 0.19513613022
518 0.202467461163
519 0.208883721431
520 0.215160029713
521 0.220898061127
522 0.22606551906
523 0.231383694517
524 0.23663727675
525 0.24222459064
526 0.248199463876
527 0.255229359773
528 0.262851360226
529 0.270774795724
530 0.278579810311
531 0.287299895574
532 0.296138401748
533 0.304869252549
534 0.313417089214
535 0.322417078448
536 0.33167544058
537 0.341665859251
538 0.352000775119
539 0.363509134558
540 0.375889502525
541 0.389238768853
542 0.403040187751
543 0.418284188655
544 0.433366706499
545 0.449224343033
546 0.465081979567
547 0.480681243204
548 0.497130984293
549 0.512805606692
550 0.527209895682
551 0.541689543434
552 0.55562014878
553 0.569130898169
554 0.582243322675
555 0.59573254099
556 0.607671521924
557 0.619319833349
558 0.631344938583
559 0.643154733069
560 0.654275533163
561 0.664707338867
562 0.674310198194
563 0.684246789178
564 0.694538642896
565 0.704281454209
566 0.713636706176
567 0.722098418543
568 0.72986037098
569 0.737428543746
570 0.745265854945
571 0.752457233903
572 0.759131867067
573 0.766075638666
574 0.772976348114
575 0.779586388055
576 0.786088772621
577 0.792311253216
578 0.798835168857
579 0.805628222933
580 0.812216731798
581 0.819246627695
582 0.825781308874
583 0.832359052202
584 0.838710719246
585 0.84579444283
586 0.851726253916
587 0.858024093273
588 0.863891311135
589 0.868821927246
590 0.873741777821
591 0.878500145335
592 0.883236981774
593 0.886951092164
594 0.890579078255
595 0.893604194253
596 0.896790793312
597 0.899568301952
598 0.902248920755
599 0.904897242946
600 0.908202262916
601 0.910624508822
602 0.912766850757
603 0.914704647482
604 0.916976175866
605 0.919398421772
606 0.921250094198
607 0.923198656461
608 0.925136453186
609 0.926492910894
610 0.927849368601
611 0.9289151568
612 0.930077834835
613 0.931326637169
614 0.932532377354
615 0.933285964969
616 0.934147207958
617 0.934567063915
618 0.934933092185
619 0.935256058306
620 0.935675914263
621 0.936074239146
622 0.936128066832
623 0.936171128982
624 0.936311080968
625 0.936569453864
626 0.936957013209
627 0.937010840896
628 0.93711849627
629 0.937441462391
630 0.938001270333
631 0.938733326874
632 0.939293134817
633 0.940445047315
634 0.941478538901
635 0.942285954203
636 0.942824231071
637 0.943340976865
638 0.94368547406
639 0.943997674644
640 0.944105330018
641 0.944159157704
642 0.944212985391
643 0.944245282003
644 0.944320640765
645 0.944417530601
646 0.944589779199
647 0.94486968317
648 0.945095759455
649 0.945128056067
650 0.945224945903
651 0.94544025665
652 0.945741691697
653 0.945913940294
655 0.945935471369
656 0.945978533519
657 0.946096954429
658 0.946312265177
659 0.946645996835
660 0.947022790643
661 0.947701019496
662 0.948605324635
663 0.949520395311
664 0.950198624164
665 0.950596949047
666 0.950941446242
667 0.951221350214
668 0.951425895424
669 0.951673502783
670 0.951845751381
671 0.952061062128
672 0.952351731637
673 0.952588573459
674 0.952922305117
675 0.9532345057
676 0.953514409672
677 0.953858906867
678 0.954192638526
679 0.95446177696
680 0.954763212006
681 0.955129240276
682 0.955645986069
683 0.956162731863
684 0.956797898567
685 0.957325409898
686 0.957745265855
687 0.958111294125
688 0.958434260246
689 0.958864881741
690 0.959284737698
691 0.959747655804
692 0.960145980687
693 0.960565836644
694 0.960985692601
695 0.961394783021
696 0.961717749141
697 0.961965356501
698 0.962245260472
699 0.962546695518
700 0.962762006266
701 0.962977317013
702 0.963203393297
703 0.963375641895
704 0.963741670165
705 0.964053870749
706 0.964258415959
707 0.964366071332
708 0.964570616542
709 0.964753630677
710 0.964839754976
711 0.964882817126
712 0.964958175887
713 0.964990472499
714 0.965022769112
715 0.965033534649
716 0.965044300186
718 0.96510889341
719 0.96515195556
720 0.965205783247
721 0.965281142008
722 0.965399562919
723 0.96556104598
724 0.965819418876
725 0.96608855731
726 0.966271571445
727 0.966476116655
728 0.966788317239
729 0.967197407659
730 0.967595732541
731 0.968155540484
732 0.9688230038
733 0.96943663943
734 0.969942619686
735 0.970814628212
736 0.971643574589
737 0.972343334518
738 0.973139984282
739 0.974011992809
740 0.974776345961
741 0.97563758895
742 0.976261990117
743 0.976864860209
744 0.977564620138
745 0.978253614529
746 0.978695001561
747 0.979330168265
748 0.979706962073
749 0.980180645717
750 0.980568205062
751 0.980966529944
752 0.981332558215
753 0.981666289873
754 0.981978490456
755 0.982376815339
756 0.982645953773
757 0.983055044193
758 0.983421072463
759 0.983754804121
760 0.984099301317
761 0.984422267437
762 0.984852888932
763 0.985326572576
764 0.985714131921
765 0.986155518953
766 0.986553843835
767 0.987038293016
768 0.987372024675
769 0.987974894767
770 0.988545468247
771 0.988997620816
772 0.989708146282
773 0.990311016374
774 0.990935417541
775 0.991559818708
776 0.992345702936
777 0.99298086964
778 0.993626801882
779 0.994348092885
780 0.994929431903
781 0.995521536457
782 0.9960813444
783 0.99669498003
784 0.997233256898
785 0.997782299303
786 0.9980406722
787 0.998255982947
788 0.998600480143
789 0.998772728741
790 0.998988039488
791 0.999149522548
792 0.999289474534
793 0.999472488669
794 0.999569378506
795 0.999655502804
796 0.999784689253
797 0.999849282477
798 0.999892344626
799 0.999924641238
800 0.999956937851
801 0.999967703388
803 0.999978468925
804 0.999989234463
806 1.0
