0 0
1 0.000247607359321
2 0.000505980256004
3 0.000732056540602
4 0.00107655373618
5 0.00134569217022
6 0.00160406506691
7 0.00198085887457
8 0.00206698317347
9 0.00245454251849
11 0.00280980525143
12 0.00306817814811
13 0.00320813013382
14 0.00366028270301
15 0.00382176576344
16 0.00399401436123
17 0.00417702849638
18 0.00475836751391
19 0.00496291272379
20 0.00517822347102
25 0.00571650033911
26 0.00599640431052
27 0.00628707381929
29 0.00722367556977
30 0.00754664169062
33 0.00790190442356
36 0.00867702311361
37 0.009075347996
39 0.00949520395311
46 0.00999041867175
49 0.0110454413332
50 1.0
