0 0
1 0.0140845070423
2 0.0422535211268
3 0.056338028169
4 0.112676056338
5 0.169014084507
6 0.225352112676
7 0.267605633803
8 0.30985915493
9 0.338028169014
10 0.394366197183
11 0.450704225352
12 0.464788732394
13 0.492957746479
14 0.521126760563
15 0.535211267606
16 0.549295774648
17 0.56338028169
18 0.591549295775
19 0.605633802817
20 0.619718309859
21 0.647887323944
22 0.661971830986
23 0.69014084507
24 0.704225352113
25 0.732394366197
26 0.746478873239
27 0.760563380282
28 0.788732394366
29 0.816901408451
39 0.845070422535
41 0.859154929577
43 0.87323943662
45 0.887323943662
77 0.901408450704
81 0.915492957746
82 1.0
