2 0.0198478946392
3 0.0467445742905
4 0.0695603784085
5 0.0966425524022
6 0.115562975329
7 0.134112409572
8 0.154331292896
9 0.172324244111
10 0.191244667038
11 0.209237618253
12 0.226303097756
13 0.243368577258
14 0.258764607679
15 0.273233166388
16 0.285846781673
17 0.301613800779
18 0.315525876461
19 0.32851048043
20 0.342793544797
21 0.356705620479
22 0.370246707475
23 0.383045817103
24 0.392877017251
25 0.404377666481
26 0.416434798739
27 0.426636987572
28 0.438137636802
29 0.448154331293
30 0.455203116305
31 0.465219810796
32 0.472825078835
33 0.482841773326
34 0.492487479132
35 0.500463735856
36 0.508254498238
37 0.516601743647
38 0.525134483398
39 0.53218326841
40 0.540901502504
41 0.549990725283
42 0.555555555556
43 0.561305880171
44 0.56965312558
45 0.576145427564
46 0.583936189946
47 0.590613986273
48 0.599146726025
49 0.606010016694
50 0.613058801707
51 0.620849564088
52 0.628269337785
53 0.634576145428
54 0.6401409757
55 0.648117232424
56 0.654238545724
57 0.659061398627
58 0.66536820627
59 0.669820070488
60 0.674642923391
61 0.678909293267
62 0.683917640512
63 0.688184010388
64 0.691522908551
65 0.697644221851
66 0.702838063439
67 0.707104433315
68 0.710443331478
69 0.7135967353
70 0.719347059915
71 0.724540901503
72 0.727879799666
73 0.732702652569
74 0.736783528102
75 0.740307920608
76 0.743275830087
77 0.746429233908
78 0.749768132072
79 0.752365052866
80 0.754776479317
81 0.758115377481
82 0.762567241699
83 0.767575588945
84 0.770172509738
85 0.772769430532
86 0.775366351326
87 0.778148766463
88 0.781487664626
89 0.785754034502
90 0.788907438323
91 0.792617325172
92 0.795028751623
93 0.79706918939
94 0.800593581896
95 0.804488963087
96 0.807085883881
97 0.810424782044
98 0.812650714153
99 0.814505657577
100 0.818215544426
101 0.82155444259
102 0.824151363383
103 0.82693377852
104 0.829159710629
105 0.831385642738
106 0.833982563532
107 0.837135967353
108 0.839732888147
109 0.842515303283
110 0.845112224077
111 0.846967167501
112 0.849007605268
113 0.850862548692
114 0.853088480801
115 0.855870895938
116 0.858096828047
117 0.859766277129
118 0.861621220553
119 0.864589130032
120 0.866444073456
121 0.86829901688
122 0.869968465962
123 0.872379892413
124 0.87367835281
125 0.875347801892
126 0.875904284919
127 0.879243183083
128 0.880912632165
129 0.883324058616
130 0.884808013356
131 0.886477462437
132 0.888703394546
133 0.890187349286
134 0.892227787052
135 0.893897236134
136 0.895937673901
137 0.89816360601
138 0.899276572065
139 0.900760526804
140 0.902429975886
141 0.903913930625
142 0.905212391022
143 0.906510851419
144 0.906881840104
145 0.907623817474
146 0.908736783528
147 0.910035243925
148 0.910591726952
149 0.911704693007
150 0.912632164719
151 0.914116119458
152 0.91578556854
153 0.91652754591
154 0.917826006307
155 0.918753478019
156 0.920608421443
157 0.920979410128
158 0.923205342237
160 0.924318308292
161 0.926544240401
162 0.92728621777
163 0.928584678167
164 0.929326655537
165 0.930254127249
166 0.931367093304
167 0.932851048043
168 0.933778519755
169 0.934520497125
170 0.935262474495
171 0.935818957522
172 0.936375440549
173 0.936931923576
174 0.938230383973
175 0.938786867001
176 0.939899833055
177 0.940456316082
178 0.940641810425
179 0.941754776479
180 0.942311259507
181 0.942867742534
182 0.943238731219
183 0.943609719904
184 0.944722685958
185 0.944908180301
186 0.945279168985
187 0.945835652013
188 0.946763123725
189 0.947876089779
190 0.948803561491
192 0.949545538861
193 0.949731033203
194 0.950287516231
195 0.950658504916
196 0.9510294936
197 0.951214987943
198 0.951585976628
199 0.951956965313
201 0.952327953997
202 0.952698942682
203 0.953440920052
204 0.953997403079
205 0.954553886106
207 0.954924874791
208 0.955295863476
209 0.955852346503
210 0.956223335188
211 0.956594323873
212 0.9571508069
213 0.957707289928
214 0.95863476164
215 0.959562233352
216 0.959747727694
217 0.959933222037
219 0.960118716379
220 0.960860693749
221 0.961046188091
222 0.961417176776
223 0.961602671119
224 0.961973659803
226 0.962530142831
227 0.963086625858
228 0.9632721202
229 0.963457614543
230 0.963643108885
231 0.96401409757
232 0.964385086255
233 0.964570580597
236 0.964941569282
237 0.965127063625
238 0.965498052309
239 0.965683546652
240 0.966054535337
241 0.966240029679
242 0.966425524022
243 0.966611018364
244 0.966982007049
246 0.967167501391
247 0.967723984418
249 0.968280467446
250 0.968465961788
251 0.968836950473
252 0.969207939158
253 0.9693934335
254 0.969764422185
255 0.970320905212
257 0.970506399555
258 0.97087738824
262 0.971062882582
263 0.971619365609
265 0.972361342979
266 0.972732331664
267 0.973103320349
268 0.973288814691
269 0.973659803376
270 0.973845297718
271 0.974030792061
272 0.974401780746
273 0.974772769431
274 0.974958263773
275 0.975143758115
276 0.975329252458
277 0.9755147468
280 0.975700241143
281 0.976071229827
283 0.97625672417
284 0.976442218512
287 0.976627712855
288 0.977555184567
290 0.977740678909
291 0.978111667594
292 0.978297161937
295 0.978482656279
297 0.978853644964
298 0.979224633649
299 0.979410127991
302 0.979781116676
303 0.979966611018
304 0.980337599703
306 0.980523094046
308 0.98089408273
310 0.981079577073
314 0.981265071415
321 0.981450565758
324 0.981821554443
325 0.982192543127
326 0.98237803747
329 0.982934520497
330 0.98312001484
335 0.983305509182
336 0.983676497867
338 0.983861992209
342 0.984047486552
343 0.984232980894
344 0.984418475237
346 0.984789463921
348 0.984974958264
351 0.985160452606
355 0.985531441291
357 0.985716935633
358 0.985902429976
360 0.986087924318
365 0.986273418661
367 0.986458913003
368 0.986644407346
369 0.986829901688
373 0.98701539603
375 0.987200890373
376 0.987386384715
377 0.987571879058
379 0.9877573734
384 0.987942867743
385 0.988128362085
388 0.988313856427
394 0.98849935077
396 0.988684845112
398 0.988870339455
402 0.989055833797
406 0.989241328139
408 0.989426822482
414 0.989797811167
415 0.989983305509
421 0.990168799852
424 0.990354294194
429 0.990539788536
431 0.990725282879
436 0.991096271564
437 0.991281765906
442 0.991467260249
443 0.991652754591
447 0.992023743276
453 0.992209237618
457 0.992394731961
460 0.992580226303
462 0.992765720646
463 0.992951214988
472 0.99313670933
482 0.993322203673
486 0.993507698015
488 0.993693192358
497 0.9938786867
503 0.994064181042
517 0.994249675385
526 0.994435169727
527 0.99462066407
533 0.994806158412
537 0.994991652755
538 0.995362641439
540 0.995548135782
543 0.995733630124
573 0.995919124467
586 0.996104618809
592 0.996290113152
597 0.996475607494
605 0.996661101836
611 0.996846596179
619 0.997032090521
761 0.997217584864
765 0.997403079206
770 0.997588573549
854 0.997774067891
918 0.997959562233
925 0.998145056576
959 0.998330550918
968 0.998516045261
1087 0.998701539603
1107 0.998887033945
1142 0.999072528288
1160 0.99925802263
1171 0.999443516973
1299 0.999629011315
2666 0.999814505658
5821 1.0
