2 0.0281690140845
3 0.0704225352113
4 0.154929577465
5 0.225352112676
6 0.30985915493
7 0.380281690141
8 0.464788732394
9 0.521126760563
10 0.549295774648
11 0.619718309859
12 0.633802816901
13 0.676056338028
14 0.718309859155
15 0.732394366197
16 0.746478873239
17 0.760563380282
18 0.774647887324
19 0.788732394366
20 0.816901408451
21 0.845070422535
22 0.87323943662
24 0.887323943662
25 0.901408450704
26 0.915492957746
28 0.929577464789
29 0.943661971831
30 0.957746478873
31 0.971830985915
32 0.985915492958
33 1.0
