7 0.008
10 0.088
16 0.136
23 0.152
24 0.2
30 0.224
31 0.256
32 0.264
33 0.272
34 0.28
35 0.296
37 0.32
38 0.328
39 0.344
40 0.352
41 0.36
43 0.376
44 0.392
45 0.416
46 0.424
49 0.432
50 0.44
51 0.448
52 0.464
55 0.472
56 0.496
57 0.52
58 0.544
59 0.552
60 0.584
64 0.592
70 0.608
72 0.616
73 0.64
79 0.648
80 0.672
81 0.68
82 0.696
83 0.72
84 0.736
85 0.768
86 0.784
87 0.8
88 0.808
89 0.824
90 0.832
91 0.84
92 0.856
93 0.88
94 0.888
95 0.912
97 0.928
99 0.936
100 0.952
101 0.96
105 0.968
106 0.976
107 0.984
108 0.992
109 1.0
