0 0
1 3
2 1
3 2
4 8
5 6
6 4
8 3
9 5
10 4
11 2
12 3
13 4
14 5
15 3
16 1
17 2
20 5
21 3
22 1
23 3
24 2
25 4
27 3
28 2
29 5
30 0
30 0
31 1
32 2
33 0
33 0
34 2
35 4
36 0
36 0
37 2
38 1
40 2
41 0
41 0
42 2
43 1
46 2
47 0
47 0
48 1
50 0
50 0
51 1
52 0
52 0
53 3
54 0
54 0
55 1
56 0
56 0
57 1
58 0
58 0
59 1
60 0
60 0
61 1
63 0
63 0
64 1
65 0
65 0
66 1
67 0
67 0
68 1
69 0
69 0
70 1
72 0
72 0
73 2
74 1
75 0
76 0
77 1
78 0
81 0
82 3
83 1
84 0
85 0
86 1
87 2
88 0
89 0
90 1
91 0
92 0
93 2
94 0
100 0
101 1
102 2
103 0
105 0
106 1
108 0
111 0
112 1
113 0
114 0
115 1
116 0
117 0
118 1
120 0
126 0
127 1
128 0
133 0
134 1
136 0
139 0
140 1
141 0
147 0
148 1
149 0
150 0
151 1
153 0
160 0
161 2
162 0
162 0
163 1
165 0
165 0
166 1
167 0
169 0
170 1
171 0
171 0
172 1
173 0
173 0
174 1
175 0
182 0
183 1
184 0
194 0
195 1
196 0
197 0
198 1
199 2
200 0
201 0
202 1
203 0
336 0
337 1
338 0
344 0
345 2
346 1
347 0
347 0
348 1
349 0
349 0
350 3
351 2
352 3
353 1
354 0
362 0
363 128
