2 0.0125
3 0.01875
4 0.04375
5 0.0625
6 0.075
7 0.0875
8 0.096875
9 0.1125
10 0.125
11 0.13125
12 0.140625
13 0.153125
14 0.16875
15 0.178125
16 0.18125
17 0.1875
18 0.19375
19 0.2
20 0.215625
21 0.225
22 0.228125
23 0.2375
24 0.24375
25 0.25625
26 0.26875
27 0.278125
28 0.284375
29 0.3
31 0.303125
32 0.309375
34 0.315625
35 0.328125
37 0.334375
38 0.3375
39 0.340625
40 0.346875
42 0.353125
43 0.35625
44 0.359375
45 0.3625
46 0.36875
48 0.371875
49 0.375
51 0.378125
53 0.3875
55 0.390625
57 0.39375
59 0.396875
61 0.4
62 0.403125
64 0.40625
66 0.409375
68 0.4125
70 0.415625
71 0.41875
73 0.425
74 0.428125
77 0.43125
82 0.440625
83 0.44375
86 0.446875
87 0.453125
90 0.45625
93 0.4625
101 0.465625
102 0.471875
106 0.475
107 0.478125
112 0.48125
115 0.484375
118 0.4875
119 0.490625
127 0.49375
134 0.496875
135 0.5
140 0.503125
148 0.50625
151 0.509375
152 0.5125
161 0.51875
163 0.521875
164 0.525
166 0.528125
170 0.53125
172 0.534375
174 0.5375
183 0.540625
195 0.54375
198 0.546875
199 0.553125
202 0.55625
337 0.559375
345 0.565625
346 0.56875
348 0.571875
350 0.58125
351 0.5875
352 0.596875
353 0.6
363 1.0
