0 0
1 0.00159245421694
2 0.0028174189992
3 0.00447112145526
4 0.00545109328107
5 0.0069822992589
6 0.00771727812825
7 0.00986096649721
8 0.010840938323
9 0.0124946407791
10 0.0137196055613
12 0.0151895633001
13 0.016782017517
14 0.0184969682122
15 0.0230905861456
19 0.0242543026888
20 0.0254792674711
21 0.0267654804924
24 0.0282354382312
27 0.0298891406872
33 0.0339315244687
35 0.0360752128376
37 0.040607582532
47 0.0434862497703
48 0.0464261652477
54 0.0497335701599
61 0.0534697127458
62 0.0572671035708
72 0.0616769767869
73 0.0661480982422
81 0.0711092056103
92 0.0767440436087
96 0.0826238745636
111 0.0894224291052
116 0.0965272248423
127 0.10430575121
152 0.113615483555
163 0.12359894653
180 0.134623629571
199 0.146812029154
213 0.159857904085
225 0.173638757886
252 0.189073314142
272 0.205732835181
299 0.224046058676
326 0.244012984627
388 0.267777301403
391 0.291725362896
429 0.318000857475
451 0.345623813315
464 0.374042996264
486 0.403809640473
500 1.0
