0 0
1 26
2 20
3 27
4 16
5 25
6 12
7 35
8 16
9 27
10 20
11 0
11 0
12 24
13 26
14 28
15 75
16 0
18 0
19 19
20 20
21 21
22 0
23 0
24 24
25 0
26 0
27 27
28 0
32 0
33 66
34 0
34 0
35 35
36 0
36 0
37 74
38 0
46 0
47 47
48 48
49 0
53 0
54 54
55 0
60 0
61 61
62 62
63 0
71 0
72 72
73 73
74 0
80 0
81 81
82 0
91 0
92 92
93 0
95 0
96 96
97 0
110 0
111 111
112 0
115 0
116 116
117 0
126 0
127 127
128 0
151 0
152 152
153 0
162 0
163 163
164 0
179 0
180 180
181 0
198 0
199 199
200 0
212 0
213 213
214 0
224 0
225 225
226 0
251 0
252 252
253 0
271 0
272 272
273 0
298 0
299 299
300 0
325 0
326 326
327 0
387 0
388 388
389 0
390 0
391 391
392 0
428 0
429 429
430 0
450 0
451 451
452 0
463 0
464 464
465 0
485 0
486 486
487 0
499 0
500 9734
