0 0
1 0.00334448160535
2 0.0100334448161
3 0.0342809364548
4 0.0748327759197
5 0.144648829431
6 0.238294314381
7 0.330267558528
8 0.432692307692
9 0.524247491639
10 0.614130434783
11 0.685618729097
12 0.745819397993
13 0.802675585284
14 0.84364548495
15 0.877926421405
16 0.897575250836
17 0.913043478261
18 0.923913043478
19 0.933110367893
20 0.938963210702
21 0.945234113712
22 0.95025083612
23 0.953177257525
24 0.95652173913
25 0.958193979933
26 0.961120401338
27 0.961956521739
28 0.964464882943
29 0.967809364548
30 0.969481605351
31 0.970317725753
32 0.971153846154
33 0.973244147157
34 0.97491638796
35 0.976170568562
36 0.978678929766
37 0.979933110368
38 0.980769230769
39 0.982441471572
40 0.983695652174
41 0.984531772575
42 0.986622073579
43 0.987040133779
44 0.98745819398
45 0.989548494983
47 0.989966555184
48 0.990384615385
49 0.991220735786
50 0.992474916388
51 0.99372909699
52 0.994983277592
53 0.996237458194
54 0.996655518395
55 0.997491638796
56 0.997909698997
57 0.998327759197
58 0.998745819398
59 0.999163879599
60 1.0
