0 0
1 4
2 30
3 46
4 24
5 21
6 23
7 24
8 19
10 21
11 26
12 18
13 22
14 21
15 16
16 14
17 19
18 16
19 9
20 18
21 16
22 11
24 22
25 11
26 12
29 6
30 9
31 11
32 9
33 12
34 6
35 15
36 7
37 10
38 6
39 2
40 7
41 8
42 6
43 9
44 8
45 6
47 4
48 2
49 5
50 11
51 6
52 9
53 7
54 8
55 5
56 3
57 5
58 4
59 7
60 5
61 6
62 7
63 4
64 3
65 5
66 3
67 4
68 1
69 4
70 5
71 2
72 1
73 3
75 6
78 1
79 2
80 3
82 2
83 0
83 0
84 1
85 3
86 2
87 3
88 4
89 5
90 0
90 0
91 3
92 2
94 1
96 4
98 3
99 4
100 1
101 7
102 3
104 4
105 1
106 0
106 0
107 2
109 1
110 2
111 0
111 0
112 5
113 4
114 1
118 2
119 1
121 0
122 0
123 2
124 1
126 6
127 2
128 1
129 3
131 2
132 1
134 0
134 0
135 1
137 2
138 0
139 0
140 1
142 2
143 1
144 0
144 0
145 1
147 2
148 0
148 0
149 2
150 0
150 0
151 1
153 0
153 0
154 2
155 1
158 2
161 0
162 0
163 1
164 2
165 1
167 0
167 0
168 1
169 3
170 0
172 0
173 1
174 0
174 0
175 2
176 1
177 0
177 0
178 1
179 0
179 0
180 2
181 0
182 0
183 1
184 0
185 0
186 2
187 1
188 0
188 0
189 2
190 0
191 0
192 3
193 0
197 0
198 1
199 0
201 0
202 1
203 0
208 0
209 1
215 0
218 0
219 1
220 0
221 0
222 3
223 1
224 0
230 0
231 1
235 0
240 0
241 2
242 0
242 0
243 1
244 0
244 0
245 1
246 0
247 0
248 1
249 0
249 0
250 2
251 0
253 0
254 1
255 2
256 0
269 0
270 1
271 0
273 0
274 1
275 0
282 0
283 3
284 0
284 0
285 1
286 0
287 0
288 1
289 0
302 0
303 1
304 0
304 0
305 1
306 0
315 0
316 1
317 0
326 0
327 2
328 0
343 0
344 1
345 0
346 0
347 1
348 0
350 0
351 1
352 0
352 0
353 1
354 0
359 0
360 1
361 0
376 0
377 1
378 0
394 0
395 1
397 0
402 0
403 2
404 0
404 0
405 1
406 0
408 0
409 1
410 0
596 0
597 1
598 0
685 0
686 1
687 0
832 0
833 1
834 0
856 0
857 1
858 0
980 0
981 1
982 0
1072 0
1073 1
1074 0
1166 0
1167 18
