0 0
1 0.00378429517502
2 0.0321665089877
3 0.0756859035005
4 0.0983916745506
5 0.118259224219
6 0.140018921476
7 0.162724692526
8 0.180700094607
9 0.198675496689
10 0.218543046358
11 0.243140964995
12 0.260170293283
13 0.280983916746
14 0.300851466414
15 0.315988647114
16 0.329233680227
17 0.347209082308
18 0.362346263009
19 0.370860927152
20 0.38789025544
21 0.40302743614
22 0.413434247871
23 0.423841059603
24 0.444654683065
25 0.455061494797
26 0.466414380322
27 0.477767265847
28 0.489120151372
29 0.494796594134
30 0.503311258278
31 0.513718070009
32 0.522232734153
33 0.533585619678
34 0.539262062441
35 0.553453169347
36 0.560075685904
37 0.569536423841
38 0.575212866604
39 0.577105014191
40 0.583727530747
41 0.591296121097
42 0.59697256386
43 0.605487228004
44 0.613055818354
45 0.618732261116
46 0.624408703879
47 0.628192999054
48 0.630085146641
49 0.63481551561
50 0.645222327342
51 0.650898770104
52 0.659413434248
53 0.666035950804
54 0.673604541154
55 0.678334910123
56 0.681173131504
57 0.685903500473
58 0.689687795648
59 0.696310312204
60 0.701040681173
61 0.706717123936
62 0.713339640492
63 0.717123935667
64 0.719962157048
65 0.724692526017
66 0.727530747398
67 0.731315042573
68 0.732261116367
69 0.736045411542
70 0.740775780511
71 0.742667928098
72 0.743614001892
73 0.746452223273
74 0.749290444655
75 0.754966887417
76 0.76064333018
77 0.766319772942
78 0.767265846736
79 0.769157994324
80 0.771996215705
81 0.774834437086
82 0.776726584674
84 0.777672658467
85 0.780510879849
86 0.782403027436
87 0.785241248817
88 0.789025543992
89 0.793755912961
91 0.796594134342
92 0.79848628193
93 0.800378429518
94 0.801324503311
95 0.802270577105
96 0.80605487228
97 0.809839167455
98 0.812677388836
99 0.816461684011
100 0.817407757805
101 0.824030274361
102 0.826868495743
103 0.829706717124
104 0.833491012299
105 0.834437086093
107 0.83632923368
108 0.838221381268
109 0.839167455061
110 0.841059602649
112 0.845789971618
113 0.849574266793
114 0.850520340587
115 0.85146641438
116 0.852412488174
117 0.853358561968
118 0.855250709555
119 0.856196783349
120 0.857142857143
123 0.85903500473
124 0.859981078524
125 0.860927152318
126 0.86660359508
127 0.868495742668
128 0.869441816462
129 0.872280037843
130 0.875118259224
131 0.877010406812
132 0.877956480605
133 0.878902554399
135 0.879848628193
136 0.880794701987
137 0.882686849574
140 0.883632923368
141 0.884578997162
142 0.886471144749
143 0.887417218543
145 0.888363292337
146 0.889309366131
147 0.891201513718
149 0.893093661306
151 0.894039735099
152 0.894985808893
154 0.896877956481
155 0.897824030274
156 0.898770104068
157 0.899716177862
158 0.901608325449
159 0.903500473037
160 0.905392620624
163 0.906338694418
164 0.908230842006
165 0.909176915799
166 0.910122989593
168 0.911069063387
169 0.913907284768
173 0.914853358562
175 0.916745506149
176 0.917691579943
178 0.918637653737
180 0.920529801325
183 0.921475875118
186 0.923368022706
187 0.9243140965
189 0.926206244087
192 0.929044465468
198 0.929990539262
202 0.930936613056
209 0.93188268685
210 0.932828760643
211 0.933774834437
212 0.934720908231
213 0.935666982025
214 0.936613055818
219 0.937559129612
222 0.940397350993
223 0.941343424787
231 0.942289498581
232 0.943235572375
233 0.944181646168
234 0.945127719962
241 0.94701986755
243 0.947965941343
245 0.948912015137
248 0.949858088931
250 0.951750236518
254 0.952696310312
255 0.9545884579
270 0.955534531693
274 0.956480605487
283 0.959318826868
285 0.960264900662
288 0.961210974456
303 0.96215704825
305 0.963103122044
316 0.964049195837
327 0.965941343425
344 0.966887417219
347 0.967833491012
351 0.968779564806
353 0.9697256386
360 0.970671712394
377 0.971617786187
395 0.972563859981
396 0.973509933775
403 0.975402081362
405 0.976348155156
409 0.97729422895
597 0.978240302744
686 0.979186376537
833 0.980132450331
857 0.981078524125
981 0.982024597919
1073 0.982970671712
1167 1.0
