2 0.162062840693
3 0.242849268084
4 0.311018558216
5 0.37085808783
6 0.42610399951
7 0.475041342561
8 0.519262571201
9 0.556685245299
10 0.591719238072
11 0.626018251975
12 0.656826116249
13 0.684510320328
14 0.709315857169
15 0.731671464445
16 0.751577142157
17 0.771666564586
18 0.789122312734
19 0.805781833772
20 0.821216390029
21 0.833772279047
22 0.846511912783
23 0.857904085258
24 0.869663747167
25 0.878789734795
26 0.887976970662
27 0.896061738225
28 0.904452746984
29 0.911251301525
30 0.917988607828
31 0.923010963435
32 0.928339560238
33 0.932136951063
34 0.936730568996
35 0.941017945734
36 0.944876584798
37 0.948122741471
38 0.951920132296
39 0.954737551295
40 0.957616218534
41 0.960311141055
42 0.962516077663
43 0.964292276597
44 0.96619097201
45 0.968273412139
46 0.970049611074
47 0.971887058247
48 0.973112023029
49 0.974275739572
50 0.975439456116
51 0.976725669137
52 0.977766889202
53 0.978869357506
54 0.979665584614
55 0.980278067006
56 0.980890549397
57 0.981809272983
58 0.982850493048
59 0.983524223679
60 0.984442947265
61 0.985177926135
62 0.985912905004
63 0.986525387395
64 0.987076621547
65 0.98756660746
66 0.987811600416
67 0.988485331047
68 0.988730324003
69 0.989281558155
70 0.990077785264
71 0.990690267655
72 0.991057757089
73 0.991608991242
74 0.991915232437
75 0.992343970111
76 0.992588963067
77 0.993017700741
78 0.993201445458
79 0.993568934893
80 0.993936424328
81 0.994303913762
83 0.99448765848
84 0.994671403197
85 0.994793899675
86 0.994855147914
87 0.994977644393
89 0.995100140871
90 0.995222637349
91 0.995467630306
92 0.995651375023
93 0.995712623262
94 0.995773871501
95 0.996080112697
96 0.996202609175
97 0.996386353892
98 0.996447602131
99 0.99657009861
100 0.996815091566
101 0.997121332762
102 0.99724382924
104 0.997427573957
106 0.997550070435
107 0.997856311631
109 0.99791755987
111 0.998040056348
112 0.998162552827
114 0.998223801066
115 0.998346297544
117 0.998407545783
118 0.998468794022
119 0.998530042261
120 0.9985912905
122 0.99865253874
123 0.998713786979
124 0.998836283457
127 0.998897531696
128 0.998958779935
131 0.999081276413
132 0.999142524652
136 0.999265021131
137 0.99932626937
138 0.999387517609
144 0.999448765848
156 0.999510014087
158 0.999571262326
164 0.999632510565
167 0.999693758804
173 0.999755007044
180 0.999816255283
201 0.999877503522
209 0.999938751761
243 1.0
