5 0
6 7
7 3
8 5
9 17
10 26
11 24
12 36
13 52
15 53
16 47
17 44
18 41
19 29
20 27
21 21
22 8
23 12
24 9
25 13
27 17
30 12
31 14
34 15
35 10
36 26
37 28
38 25
39 21
40 23
41 18
42 25
43 24
45 18
47 26
48 15
49 28
50 16
51 15
53 11
54 16
55 14
56 19
57 9
58 17
59 12
60 19
62 13
63 20
64 24
65 18
66 26
67 16
68 11
69 23
70 22
71 19
72 18
73 15
74 12
75 11
76 16
77 14
78 9
79 12
80 15
81 16
82 11
83 10
84 13
85 12
86 18
87 16
88 12
89 15
90 17
91 12
92 17
93 10
94 12
95 6
96 10
97 17
98 15
99 9
100 17
101 6
102 7
103 14
104 11
105 6
106 14
107 16
108 7
109 14
110 15
111 14
112 12
113 6
114 13
115 14
116 10
117 16
118 9
119 14
120 13
121 16
122 13
123 7
124 15
125 16
126 6
127 8
128 16
129 8
130 14
131 8
132 9
133 11
134 9
135 13
136 10
137 14
139 13
140 9
141 6
142 8
144 13
146 15
147 7
148 10
149 16
150 6
151 8
152 16
153 10
156 12
157 11
158 9
160 10
161 6
162 10
163 9
164 4
165 11
166 8
167 9
168 7
169 8
170 5
171 12
173 7
174 8
175 2
176 10
178 7
179 14
180 5
181 8
182 10
183 7
184 10
185 7
186 14
187 5
188 10
189 9
190 5
191 6
193 9
194 3
195 7
196 2
197 6
198 5
199 8
200 7
201 10
202 11
203 5
204 9
205 6
206 2
207 4
208 9
209 5
211 8
212 9
213 7
215 5
216 10
217 6
218 10
219 4
221 5
222 9
223 7
225 3
226 8
227 10
228 7
229 3
230 5
231 3
232 7
233 1
234 5
236 3
237 6
238 4
239 3
240 5
241 10
242 3
243 4
244 6
245 4
246 5
247 6
249 3
250 4
252 8
253 6
254 9
255 12
256 10
257 5
259 9
260 5
261 7
262 6
264 11
265 6
266 3
267 7
268 6
269 5
271 6
272 10
273 4
274 5
275 4
277 1
278 3
279 5
280 2
282 5
283 4
284 9
285 4
286 3
287 5
290 9
291 5
292 6
294 5
295 4
296 7
297 4
298 6
299 5
300 7
301 3
302 7
303 6
304 7
305 3
306 2
307 5
308 7
309 6
310 4
311 6
312 2
313 6
314 7
315 4
316 6
317 5
318 4
320 5
322 4
323 8
324 2
325 3
326 2
328 0
328 0
329 4
330 6
331 4
332 3
333 1
334 8
335 6
336 5
337 4
339 1
340 3
341 4
343 3
344 2
345 9
346 2
347 1
348 7
349 3
350 1
351 7
352 4
354 3
355 6
356 7
357 5
358 1
359 6
360 2
362 7
363 3
364 5
365 2
366 1
367 5
368 7
369 0
369 0
370 3
371 4
372 2
373 6
374 5
375 3
376 5
377 4
379 2
380 3
381 4
382 5
383 7
384 4
386 2
388 5
389 4
390 8
391 3
393 2
394 1
395 6
396 3
397 7
398 1
399 3
400 2
401 5
402 4
403 2
404 5
406 4
408 3
409 2
412 5
413 2
414 3
416 4
418 1
419 5
420 3
421 2
422 4
423 7
424 1
425 3
426 1
427 0
427 0
428 6
429 2
430 3
431 0
431 0
432 1
434 2
435 4
436 2
437 3
438 0
438 0
439 2
440 1
442 2
443 5
444 2
445 4
446 1
447 4
448 2
449 1
451 2
452 3
453 5
454 2
455 1
456 2
457 1
458 3
459 1
460 6
461 2
462 1
463 3
464 0
464 0
465 2
467 3
468 1
469 3
470 4
471 5
472 0
472 0
473 4
474 1
475 3
476 2
477 1
478 3
479 4
480 2
481 4
482 2
483 1
484 0
484 0
485 1
487 2
488 3
489 1
491 3
492 1
494 3
496 2
497 3
498 1
499 2
500 6
501 1
504 4
505 3
506 2
511 1
512 2
513 3
514 2
515 4
516 3
518 2
521 3
522 1
523 3
525 0
525 0
526 2
527 1
528 3
529 1
530 0
530 0
531 1
532 2
534 3
535 1
536 3
537 1
538 3
539 1
540 5
541 3
542 1
543 2
545 3
546 1
547 2
548 1
549 3
550 0
550 0
551 3
553 1
554 2
556 1
558 4
559 0
559 0
560 4
561 6
562 1
563 3
564 1
565 3
566 0
566 0
567 3
568 1
569 2
571 3
572 2
574 3
575 2
576 1
578 2
580 1
582 2
583 0
583 0
584 2
585 0
585 0
586 1
587 2
588 1
589 4
591 0
593 0
594 2
595 0
595 0
596 2
597 0
597 0
598 5
599 1
600 2
601 5
602 1
603 2
604 4
605 2
606 1
607 4
608 3
609 4
610 2
611 1
612 2
613 0
613 0
614 2
615 1
616 4
617 3
618 1
619 2
620 0
620 0
621 3
622 0
623 0
624 1
625 4
626 3
627 0
627 0
628 3
629 4
630 1
631 3
632 0
632 0
633 3
635 1
638 0
638 0
639 3
640 1
643 2
644 0
644 0
645 1
646 2
647 3
648 0
648 0
649 3
650 0
650 0
651 2
653 1
654 0
654 0
655 1
656 2
657 1
658 0
658 0
659 2
660 0
660 0
661 2
662 0
662 0
663 3
664 1
665 2
666 7
667 3
668 1
669 0
669 0
670 1
673 0
673 0
674 3
675 1
676 2
677 3
678 0
679 0
680 1
681 3
683 0
683 0
684 2
685 1
686 2
688 3
689 2
690 0
690 0
691 3
692 0
693 0
694 5
695 1
696 2
697 3
699 4
700 1
701 4
702 3
703 1
704 2
706 1
707 3
708 1
709 3
710 2
711 1
712 3
713 0
713 0
714 1
716 0
716 0
717 1
718 0
718 0
719 2
720 3
721 0
721 0
722 4
723 1
724 0
725 0
726 2
727 0
727 0
728 1
730 2
731 0
735 0
736 3
737 0
737 0
738 2
739 1
741 0
741 0
742 2
743 3
744 2
745 1
746 2
747 1
748 0
749 0
750 7
751 1
753 0
753 0
754 1
755 2
756 0
757 0
758 3
759 2
761 0
761 0
762 2
763 1
764 2
765 3
766 1
767 0
768 0
769 2
770 1
771 2
772 1
774 5
775 1
776 0
776 0
777 4
778 1
780 0
780 0
781 3
782 1
783 2
786 1
789 0
789 0
790 1
791 2
792 1
793 3
794 0
794 0
795 1
796 0
798 0
799 2
800 0
800 0
801 1
802 0
802 0
803 1
804 3
805 2
806 0
808 0
809 1
810 6
811 0
811 0
812 1
813 0
813 0
814 1
815 0
816 0
817 2
818 3
820 0
820 0
821 1
823 2
825 0
827 0
828 2
829 1
830 0
830 0
831 2
832 1
833 0
833 0
834 1
836 2
837 0
837 0
838 1
839 0
840 0
841 1
843 0
843 0
844 3
845 1
847 0
848 0
849 1
850 0
852 0
853 1
854 0
854 0
855 1
857 0
859 0
860 3
861 2
862 1
863 0
863 0
864 2
866 1
867 2
868 0
868 0
869 2
870 7
871 1
872 2
873 0
873 0
874 2
875 1
876 3
877 1
879 3
880 2
881 4
882 0
882 0
883 1
884 2
885 1
886 2
887 1
888 2
889 0
890 0
891 1
893 0
894 0
895 3
896 2
897 0
897 0
898 2
899 3
900 2
901 0
901 0
902 1
903 0
906 0
907 1
908 0
908 0
909 1
911 2
912 0
913 0
914 1
915 0
918 0
919 1
921 0
921 0
922 2
923 0
923 0
924 1
925 0
925 0
926 1
927 0
927 0
928 1
930 2
931 1
933 2
934 1
935 0
937 0
938 3
939 0
942 0
943 2
944 0
944 0
945 2
946 0
946 0
947 2
948 1
949 0
949 0
950 2
951 1
952 3
953 2
955 1
957 2
958 3
959 0
959 0
960 1
961 3
962 0
962 0
963 1
965 0
965 0
966 2
967 1
969 0
969 0
970 2
972 0
974 0
975 1
976 0
976 0
977 2
978 1
979 2
980 1
983 0
983 0
984 1
987 0
988 0
989 1
991 2
993 0
995 0
996 2
997 1
998 0
998 0
999 3
1000 0
1000 0
1001 2
1003 0
1005 0
1006 1
1007 2
1008 0
1008 0
1009 1
1010 2
1011 0
1012 0
1013 2
1014 0
1022 0
1023 2
1024 1
1025 0
1025 0
1026 1
1027 2
1028 3
1029 0
1033 0
1034 1
1037 0
1038 0
1039 1
1040 0
1040 0
1041 1
1042 0
1044 0
1045 2
1046 1
1047 0
1048 0
1049 1
1050 2
1051 0
1051 0
1052 1
1054 0
1057 0
1058 2
1059 1
1063 0
1068 0
1069 3
1070 0
1070 0
1071 1
1072 0
1073 0
1074 1
1075 2
1076 1
1077 2
1078 0
1078 0
1079 1
1080 0
1081 0
1082 3
1083 0
1084 0
1085 1
1087 0
1089 0
1090 1
1092 2
1093 0
1097 0
1098 2
1099 0
1099 0
1100 1
1101 0
1102 0
1103 1
1106 0
1107 0
1108 1
1109 0
1109 0
1110 1
1111 0
1111 0
1112 1
1113 0
1115 0
1116 3
1117 2
1119 1
1120 0
1120 0
1121 1
1122 0
1129 0
1130 1
1133 0
1136 0
1137 3
1138 0
1139 0
1140 3
1141 0
1141 0
1142 2
1143 0
1143 0
1144 1
1145 0
1151 0
1152 1
1154 0
1154 0
1155 1
1156 0
1157 0
1158 1
1159 0
1162 0
1163 1
1164 0
1165 0
1166 1
1167 0
1167 0
1168 1
1169 0
1169 0
1170 1
1171 0
1173 0
1174 1
1175 0
1179 0
1180 2
1181 1
1182 0
1183 0
1184 1
1185 0
1188 0
1189 1
1190 0
1194 0
1195 1
1196 0
1196 0
1197 2
1198 0
1199 0
1200 1
1201 0
1201 0
1202 3
1203 0
1203 0
1204 1
1205 0
1207 0
1208 1
1209 0
1211 0
1212 1
1213 0
1213 0
1214 1
1216 0
1219 0
1220 1
1222 0
1223 0
1224 1
1225 0
1231 0
1232 1
1233 0
1233 0
1234 2
1235 0
1237 0
1238 1
1239 0
1239 0
1240 1
1243 0
1245 0
1246 1
1247 0
1248 0
1249 1
1251 0
1251 0
1252 1
1253 0
1253 0
1254 1
1255 0
1257 0
1258 1
1259 0
1259 0
1260 1
1261 0
1262 0
1263 2
1264 0
1264 0
1265 1
1266 0
1266 0
1267 1
1269 0
1269 0
1270 1
1271 0
1273 0
1274 1
1275 0
1284 0
1285 1
1286 2
1287 0
1287 0
1288 1
1290 0
1290 0
1291 1
1292 0
1293 0
1294 1
1296 0
1299 0
1300 1
1303 2
1305 1
1306 0
1311 0
1312 1
1314 0
1316 0
1317 1
1318 0
1326 0
1327 1
1328 2
1329 0
1330 0
1331 2
1332 0
1333 0
1334 1
1335 0
1337 0
1338 1
1339 0
1342 0
1343 1
1345 0
1349 0
1350 1
1352 0
1363 0
1364 2
1365 1
1366 0
1367 0
1368 1
1369 0
1370 0
1371 1
1373 0
1373 0
1374 1
1376 0
1377 0
1378 1
1381 0
1382 0
1383 1
1384 0
1387 0
1388 4
1389 0
1389 0
1390 1
1392 0
1396 0
1397 1
1398 0
1398 0
1399 1
1400 0
1401 0
1402 1
1403 0
1404 0
1405 1
1406 0
1407 0
1408 4
1409 0
1409 0
1410 1
1411 2
1412 0
1412 0
1413 1
1414 3
1415 0
1415 0
1416 1
1417 0
1427 0
1428 1
1429 0
1439 0
1440 1
1443 0
1443 0
1444 2
1445 0
1446 0
1447 1
1448 0
1454 0
1455 2
1456 0
1457 0
1458 1
1460 0
1460 0
1461 1
1462 0
1463 0
1464 1
1465 0
1466 0
1467 1
1469 0
1470 0
1471 1
1472 0
1478 0
1479 1
1480 0
1483 0
1484 1
1485 0
1486 0
1487 1
1489 0
1489 0
1490 1
1491 0
1494 0
1495 1
1496 0
1497 0
1498 1
1500 0
1500 0
1501 1
1502 0
1504 0
1505 1
1506 0
1516 0
1517 2
1518 0
1521 0
1522 1
1523 0
1524 0
1525 1
1526 0
1526 0
1527 1
1528 0
1529 0
1530 2
1531 0
1534 0
1535 2
1536 1
1537 0
1537 0
1538 1
1539 2
1540 0
1541 0
1542 1
1543 0
1543 0
1544 1
1545 0
1547 0
1548 1
1550 0
1553 0
1554 2
1555 0
1559 0
1560 2
1561 1
1562 0
1564 0
1565 1
1566 0
1567 0
1568 1
1569 0
1585 0
1586 1
1587 0
1589 0
1590 1
1592 0
1596 0
1597 1
1598 0
1599 0
1600 1
1601 0
1602 0
1603 1
1605 0
1613 0
1614 1
1615 0
1617 0
1618 1
1619 0
1621 0
1622 1
1623 0
1628 0
1629 1
1630 0
1632 0
1633 1
1634 0
1637 0
1638 1
1639 0
1639 0
1640 1
1641 0
1642 0
1643 1
1644 0
1652 0
1653 1
1654 0
1660 0
1661 1
1662 0
1681 0
1682 1
1683 0
1691 0
1692 2
1693 1
1694 0
1695 0
1696 1
1697 0
1705 0
1706 1
1707 0
1707 0
1708 1
1709 0
1712 0
1713 1
1714 0
1717 0
1718 1
1719 0
1723 0
1724 1
1725 0
1725 0
1726 1
1727 0
1727 0
1728 1
1729 0
1740 0
1741 1
1742 0
1773 0
1774 1
1775 0
1795 0
1796 1
1797 0
1807 0
1808 1
1809 0
1811 0
1812 1
1813 0
1824 0
1825 1
1826 0
1828 0
1829 1
1830 0
1837 0
1838 1
1839 0
1848 0
1849 1
1850 0
1854 0
1855 1
1856 0
1868 0
1869 1
1870 0
1874 0
1875 1
1876 0
1882 0
1883 1
1884 0
1885 0
1886 1
1887 0
1887 0
1888 1
1889 0
1897 0
1898 1
1899 0
1899 0
1900 1
1902 0
1912 0
1913 1
1914 0
1915 0
1916 1
1917 0
1919 0
1920 1
1921 0
1927 0
1928 1
1929 0
1930 0
1931 1
1932 0
1934 0
1935 1
1937 0
1941 0
1942 2
1943 0
1953 0
1954 1
1955 0
1961 0
1962 1
1963 0
1963 0
1964 1
1965 0
1980 0
1981 1
1982 0
2003 0
2004 1
2006 0
2012 0
2013 1
2014 0
2023 0
2024 1
2025 0
2025 0
2026 1
2027 0
2034 0
2035 1
2037 0
2054 0
2055 1
2056 0
2062 0
2063 1
2064 0
2069 0
2070 1
2071 0
2082 0
2083 1
2084 0
2090 0
2091 1
2092 0
2101 0
2102 1
2103 0
2122 0
2123 1
2124 0
2128 0
2129 1
2130 0
2138 0
2139 1
2140 0
2141 0
2142 1
2143 0
2151 0
2152 2
2153 0
2180 0
2181 1
2182 0
2184 0
2185 1
2186 0
2193 0
2194 1
2195 0
2205 0
2206 1
2207 0
2207 0
2208 1
2209 0
2219 0
2220 1
2221 0
2222 0
2223 1
2224 0
2228 0
2229 1
2230 0
2235 0
2236 1
2237 0
2238 0
2239 1
2240 0
2253 0
2254 1
2255 0
2276 0
2277 1
2278 0
2281 0
2282 1
2284 0
2285 0
2286 1
2287 0
2287 0
2288 1
2289 0
2301 0
2302 1
2303 0
2307 0
2308 1
2309 0
2310 0
2311 2
2312 0
2316 0
2317 1
2318 0
2323 0
2324 1
2325 0
2339 0
2340 1
2341 0
2345 0
2346 1
2348 0
2348 0
2349 1
2350 0
2353 0
2354 1
2355 0
2373 0
2374 1
2375 0
2392 0
2393 1
2394 0
2395 0
2396 2
2397 0
2403 0
2404 1
2405 0
2407 0
2408 1
2409 0
2414 0
2415 1
2416 0
2416 0
2417 1
2418 0
2420 0
2421 1
2422 0
2440 0
2441 1
2442 0
2453 0
2454 1
2456 0
2456 0
2457 1
2458 0
2469 0
2470 1
2471 0
2478 0
2479 1
2480 0
2483 0
2484 1
2485 0
2486 0
2487 1
2488 0
2495 0
2496 1
2497 0
2505 0
2506 2
2507 0
2508 0
2509 1
2510 0
2515 0
2516 1
2518 0
2519 0
2520 1
2521 0
2570 0
2571 1
2573 0
2585 0
2586 1
2587 0
2605 0
2606 1
2607 0
2613 0
2614 1
2615 0
2616 0
2617 1
2618 0
2619 0
2620 1
2621 0
2634 0
2635 1
2636 0
2640 0
2641 1
2642 0
2648 0
2649 1
2650 0
2689 0
2690 1
2691 0
2729 0
2730 1
2731 0
2732 0
2733 1
2734 0
2741 0
2742 1
2743 0
2743 0
2744 1
2745 0
2762 0
2763 1
2764 0
2772 0
2773 1
2774 0
2795 0
2796 1
2797 0
2813 0
2814 1
2815 0
2817 0
2818 1
2819 0
2822 0
2823 1
2824 0
2824 0
2825 1
2826 0
2897 0
2898 1
2899 0
2922 0
2923 1
2924 0
2928 0
2929 1
2930 0
2957 0
2958 2
2959 0
2960 0
2961 1
2962 0
2991 0
2992 1
2993 0
2993 0
2994 1
2996 0
3009 0
3010 1
3011 0
3013 0
3014 1
3015 0
3021 0
3022 1
3023 0
3030 0
3031 1
3032 0
3052 0
3053 1
3054 0
3055 0
3056 1
3057 0
3066 0
3067 1
3068 0
3074 0
3075 1
3076 0
3076 0
3077 1
3078 0
3129 0
3130 1
3131 0
3151 0
3152 1
3153 0
3153 0
3154 1
3155 0
3159 0
3160 1
3161 0
3184 0
3185 1
3186 0
3194 0
3195 1
3196 0
3201 0
3202 1
3203 0
3210 0
3211 1
3212 0
3227 0
3228 1
3229 0
3232 0
3233 1
3234 0
3326 0
3327 1
3328 0
3412 0
3413 1
3414 0
3431 0
3432 1
3433 0
3434 0
3435 1
3436 0
3452 0
3453 1
3454 0
3478 0
3479 1
3480 0
3481 0
3482 1
3483 0
3524 0
3525 1
3526 0
3544 0
3545 1
3547 0
3571 0
3572 1
3573 0
3678 0
3679 1
3680 0
3684 0
3685 1
3686 0
3699 0
3700 1
3701 0
3728 0
3729 1
3730 0
3795 0
3796 1
3797 0
3798 0
3799 1
3800 0
3811 0
3812 1
3813 0
3823 0
3824 1
3825 0
3832 0
3833 1
3834 0
3851 0
3852 1
3853 0
3926 0
3927 1
3928 0
3972 0
3973 1
3974 0
3979 0
3980 1
3981 0
3996 0
3997 1
3998 0
4029 0
4030 1
4031 0
4053 0
4054 1
4055 0
4083 0
4084 1
4085 0
4086 0
4087 1
4088 0
4117 0
4118 1
4119 0
4160 0
4161 1
4162 0
4222 0
4223 1
4224 0
4338 0
4339 1
4340 0
4698 0
4699 1
4700 0
4734 0
4735 1
4736 0
4785 0
4786 1
4787 0
4820 0
4821 1
4822 0
4872 0
4873 1
4874 0
4879 0
4880 1
4881 0
4884 0
4885 1
4886 0
5704 0
5705 1
5706 0
5710 0
5711 1
5712 0
5735 0
5736 1
5737 0
5740 0
5741 1
5742 0
5746 0
5747 1
5748 0
5753 0
5754 1
5755 0
5756 0
5757 1
5758 0
5761 0
5762 1
5763 0
5763 0
5764 1
5766 0
5770 0
5771 1
5772 0
5820 0
5821 247
