6 0.00129846039696
7 0.00185494342423
8 0.00278241513634
9 0.00593581895752
10 0.0107586718605
11 0.0152105360786
12 0.0218883324059
13 0.0315340382118
14 0.0411797440178
15 0.0510109441662
16 0.0597291782601
17 0.0678909293267
18 0.075496197366
19 0.0808755332962
20 0.0858838805416
21 0.0897792617325
22 0.0912632164719
23 0.093489148581
24 0.0951585976628
25 0.0975700241143
26 0.0999814505658
27 0.103134854387
28 0.106288258208
29 0.109441662029
30 0.111667594138
31 0.114264514932
32 0.116861435726
33 0.11945835652
34 0.122240771656
35 0.124095715081
36 0.128918567984
37 0.134112409572
38 0.138749768132
39 0.142645149323
40 0.146911519199
41 0.150250417362
42 0.154887775923
43 0.159339640141
44 0.163791504359
45 0.167130402523
46 0.170469300686
47 0.175292153589
48 0.178074568726
49 0.183268410313
50 0.186236319792
51 0.189018734929
52 0.191801150065
53 0.193841587832
54 0.19680949731
55 0.199406418104
56 0.20293081061
57 0.204600259692
58 0.207753663513
59 0.209979595622
60 0.213503988128
61 0.217028380634
62 0.219439807086
63 0.223149693934
64 0.227601558152
65 0.230940456316
66 0.235763309219
67 0.238731218698
68 0.240771656464
69 0.24503802634
70 0.249118901873
71 0.25264329438
72 0.255982192543
73 0.258764607679
74 0.260990539789
75 0.263030977555
76 0.265998887034
77 0.268595807828
78 0.27026525691
79 0.272491189019
80 0.275273604155
81 0.278241513634
82 0.2802819514
83 0.282136894825
84 0.284548321276
85 0.286774253385
86 0.290113151549
87 0.293081061028
88 0.295306993137
89 0.298089408273
90 0.301242812094
91 0.303468744203
92 0.306622148024
93 0.308477091449
94 0.310703023558
95 0.311815989612
96 0.313670933037
97 0.316824336858
98 0.319606751994
99 0.321276201076
100 0.324429604897
101 0.325542570952
102 0.326841031349
103 0.329437952142
104 0.331478389909
105 0.332591355964
106 0.335188276758
107 0.338156186236
108 0.339454646633
109 0.342051567427
110 0.344833982564
111 0.347430903357
112 0.349656835467
113 0.350769801521
114 0.353181227973
115 0.355778148766
116 0.357633092191
117 0.360601001669
118 0.362270450751
119 0.364867371545
120 0.367278797997
121 0.370246707475
122 0.372658133927
123 0.373956594324
124 0.37673900946
125 0.379706918939
126 0.380819884994
127 0.382303839733
128 0.385271749212
129 0.386755703951
130 0.389352624745
131 0.390836579484
132 0.392506028566
133 0.394546466333
134 0.396215915415
135 0.398627341866
136 0.40048228529
137 0.403079206084
138 0.405676126878
139 0.40808755333
140 0.409757002411
141 0.410869968466
142 0.412353923205
143 0.413837877945
144 0.416249304396
145 0.418660730848
146 0.421443145984
147 0.422741606381
148 0.424596549805
149 0.427564459284
150 0.428677425339
151 0.430161380078
152 0.433129289557
153 0.434984232981
154 0.436839176405
155 0.438694119829
156 0.440920051938
157 0.442960489705
158 0.444629938787
159 0.446299387869
160 0.448154331293
161 0.449267297347
162 0.451122240772
163 0.452791689853
164 0.453533667223
165 0.45557410499
166 0.457058059729
167 0.458727508811
168 0.460025969208
169 0.461509923947
170 0.462437395659
171 0.464663327769
172 0.466889259878
173 0.468187720275
174 0.469671675014
175 0.470042663699
176 0.471897607123
177 0.473752550547
178 0.475051010944
179 0.477647931738
180 0.47857540345
181 0.48005935819
182 0.481914301614
183 0.483212762011
184 0.485067705435
185 0.486366165832
186 0.488963086626
187 0.489890558338
188 0.491745501762
189 0.493414950844
190 0.494342422556
191 0.495455388611
192 0.496568354665
193 0.498237803747
194 0.498794286774
195 0.500092747171
196 0.500463735856
197 0.501576701911
198 0.502504173623
199 0.503988128362
200 0.505286588759
201 0.507141532183
202 0.50918196995
203 0.510109441662
204 0.511778890744
205 0.512891856798
206 0.513262845483
207 0.514004822853
208 0.515674271935
209 0.516601743647
210 0.517529215359
211 0.519013170098
212 0.52068261918
213 0.521981079577
214 0.523279539974
215 0.524207011686
216 0.52606195511
217 0.527174921165
218 0.529029864589
219 0.529771841959
220 0.530513819329
221 0.531441291041
222 0.533110740122
223 0.534409200519
224 0.535707660916
225 0.536264143944
226 0.537748098683
227 0.539603042107
228 0.540901502504
229 0.541457985531
230 0.542385457244
231 0.542941940271
232 0.544240400668
233 0.54442589501
234 0.545353366722
235 0.546280838434
236 0.546837321462
237 0.547950287516
238 0.548692264886
239 0.549248747913
240 0.550176219625
241 0.55203116305
242 0.552587646077
243 0.553329623446
244 0.554442589501
245 0.555184566871
246 0.556112038583
247 0.557225004637
248 0.558337970692
249 0.558894453719
250 0.559636431089
251 0.560378408459
252 0.561862363198
253 0.562975329252
254 0.564644778334
255 0.566870710443
256 0.568725653868
257 0.56965312558
258 0.570580597292
259 0.572250046374
260 0.573177518086
261 0.574475978483
262 0.575588944537
263 0.576701910592
264 0.578742348358
265 0.579855314413
266 0.58041179744
267 0.581710257837
268 0.582823223892
269 0.583750695604
270 0.584678167316
271 0.58579113337
272 0.587646076795
273 0.588388054164
274 0.589315525876
275 0.590057503246
276 0.590799480616
277 0.590984974958
278 0.591541457986
279 0.592468929698
280 0.592839918382
281 0.593210907067
282 0.594138378779
283 0.594880356149
284 0.596549805231
285 0.597291782601
286 0.597848265628
287 0.59877573734
288 0.599703209052
289 0.600630680764
290 0.602300129846
291 0.603227601558
292 0.604340567613
293 0.605453533667
294 0.606381005379
295 0.607122982749
296 0.608421443146
297 0.609163420516
298 0.61027638657
299 0.611203858282
300 0.612502318679
301 0.613058801707
302 0.614357262104
303 0.615470228158
304 0.616768688555
305 0.617325171582
306 0.617696160267
307 0.618623631979
308 0.619922092376
309 0.621035058431
310 0.6217770358
311 0.622890001855
312 0.62326099054
313 0.624373956594
314 0.625672416991
315 0.626414394361
316 0.627527360416
317 0.628454832128
318 0.629196809497
319 0.629938786867
320 0.630866258579
321 0.631793730291
322 0.632535707661
323 0.6340196624
324 0.634390651085
325 0.634947134112
326 0.635318122797
327 0.635689111482
329 0.636431088852
330 0.637544054906
331 0.638286032276
332 0.638842515303
333 0.639028009646
334 0.640511964385
335 0.64162493044
336 0.642552402152
337 0.643294379521
338 0.644036356891
339 0.644221851234
340 0.644778334261
341 0.64552031163
342 0.646262289
343 0.646818772027
344 0.647189760712
345 0.648859209794
346 0.649230198479
347 0.649415692821
348 0.650714153218
349 0.651270636246
350 0.651456130588
351 0.652754590985
352 0.653496568355
353 0.654238545724
354 0.654795028752
355 0.655907994806
356 0.657206455203
357 0.658133926915
358 0.658319421258
359 0.659432387312
360 0.659803375997
361 0.660174364682
362 0.661472825079
363 0.662029308106
364 0.662956779818
365 0.663327768503
366 0.663513262845
367 0.664440734558
368 0.665739194955
370 0.666295677982
371 0.667037655352
372 0.667408644036
373 0.668521610091
374 0.669449081803
375 0.67000556483
376 0.670933036542
377 0.671675013912
378 0.672416991282
379 0.672787979967
380 0.673344462994
381 0.674086440364
382 0.675013912076
383 0.676312372473
384 0.677054349842
385 0.677796327212
386 0.678167315897
387 0.678538304582
388 0.679465776294
389 0.680207753664
390 0.681691708403
391 0.68224819143
392 0.682804674457
393 0.683175663142
394 0.683361157485
395 0.684474123539
396 0.685030606566
397 0.686329066963
398 0.686514561306
399 0.687071044333
400 0.687442033018
401 0.68836950473
402 0.6891114821
403 0.689482470785
404 0.690409942497
405 0.691337414209
406 0.692079391579
407 0.692821368948
408 0.693377851976
409 0.69374884066
410 0.694119829345
411 0.69449081803
412 0.695418289742
413 0.695789278427
414 0.696345761454
415 0.696902244482
416 0.697644221851
417 0.698386199221
418 0.698571693563
419 0.699499165275
420 0.700055648303
421 0.700426636988
422 0.701168614357
423 0.702467074754
424 0.702652569097
425 0.703209052124
426 0.703394546466
428 0.704507512521
429 0.704878501206
430 0.705434984233
432 0.705620478575
433 0.705805972918
434 0.706176961603
435 0.706918938972
436 0.707289927657
437 0.707846410684
439 0.708217399369
440 0.708402893712
441 0.708588388054
442 0.708959376739
443 0.709886848451
444 0.710257837136
445 0.710999814506
446 0.711185308848
447 0.711927286218
448 0.712298274903
449 0.712483769245
450 0.712669263587
451 0.713040252272
452 0.7135967353
453 0.714524207012
454 0.714895195697
455 0.715080690039
456 0.715451678724
457 0.715637173066
458 0.716193656093
459 0.716379150436
460 0.71749211649
461 0.717863105175
462 0.718048599518
463 0.718605082545
465 0.71897607123
466 0.719347059915
467 0.719903542942
468 0.720089037284
469 0.720645520312
470 0.721387497681
471 0.722314969393
473 0.723056946763
474 0.723242441106
475 0.723798924133
476 0.724169912818
477 0.72435540716
478 0.724911890187
479 0.725653867557
480 0.726024856242
481 0.726766833612
482 0.727137822296
483 0.727323316639
485 0.727508810981
486 0.727694305324
487 0.728065294009
488 0.728621777036
489 0.728807271378
490 0.728992765721
491 0.729549248748
492 0.72973474309
493 0.729920237433
494 0.73047672046
495 0.731033203487
496 0.731404192172
497 0.731960675199
498 0.732146169542
499 0.732517158227
500 0.733630124281
501 0.733815618624
502 0.734001112966
503 0.734186607308
504 0.734928584678
505 0.735485067705
506 0.73585605639
507 0.736227045075
508 0.73659803376
509 0.736969022445
510 0.73734001113
511 0.737525505472
512 0.737896494157
513 0.738452977184
514 0.738823965869
515 0.739565943239
516 0.740122426266
517 0.740678909293
518 0.741049897978
519 0.741420886663
520 0.741791875348
521 0.742348358375
522 0.742533852717
523 0.743090335745
524 0.743646818772
526 0.744017807457
527 0.744203301799
528 0.744759784827
529 0.744945279169
531 0.745130773511
532 0.745501762196
533 0.745872750881
534 0.746429233908
535 0.746614728251
536 0.747171211278
537 0.74735670562
538 0.747913188648
539 0.74809868299
540 0.749026154702
541 0.74958263773
542 0.749768132072
543 0.750139120757
544 0.750510109442
545 0.751066592469
546 0.751252086811
547 0.751623075496
548 0.751808569839
549 0.752365052866
551 0.752921535893
552 0.75347801892
553 0.753663513263
554 0.754034501948
555 0.754405490633
556 0.754590984975
557 0.754776479317
558 0.755518456687
560 0.756260434057
561 0.757373400111
562 0.757558894454
563 0.758115377481
564 0.758300871823
565 0.758857354851
567 0.759413837878
568 0.75959933222
569 0.759970320905
570 0.76034130959
571 0.760897792617
572 0.761268781302
573 0.761639769987
574 0.762196253014
575 0.762567241699
576 0.762752736042
577 0.762938230384
578 0.763309219069
579 0.763680207754
580 0.763865702096
581 0.764051196439
582 0.764422185123
584 0.764793173808
586 0.764978668151
587 0.765349656835
588 0.765535151178
589 0.766277128548
590 0.767019105917
594 0.767390094602
596 0.767761083287
598 0.768688554999
599 0.768874049341
600 0.769245038026
601 0.770172509738
602 0.770358004081
603 0.770728992766
604 0.771470970135
605 0.77184195882
606 0.772027453163
607 0.772769430532
608 0.77332591356
609 0.774067890929
610 0.774438879614
611 0.774624373957
612 0.774995362641
614 0.775366351326
615 0.775551845669
616 0.776293823038
617 0.776850306066
618 0.777035800408
619 0.777406789093
621 0.77796327212
624 0.778148766463
625 0.778890743832
626 0.77944722686
628 0.780003709887
629 0.780745687257
630 0.780931181599
631 0.781487664626
633 0.782044147653
634 0.782600630681
635 0.782786125023
636 0.782971619366
637 0.783157113708
639 0.783713596735
640 0.783899091078
641 0.78408458542
642 0.784270079763
643 0.784641068447
645 0.78482656279
646 0.785197551475
647 0.785754034502
649 0.786310517529
651 0.786681506214
652 0.787052494899
653 0.787237989241
655 0.787423483584
656 0.787794472269
657 0.787979966611
659 0.788350955296
661 0.788721943981
663 0.789278427008
664 0.78946392135
665 0.789834910035
666 0.791133370432
667 0.791689853459
668 0.791875347802
670 0.792060842144
671 0.792246336487
672 0.792431830829
674 0.792988313856
675 0.793173808199
676 0.793544796884
677 0.794101279911
680 0.794286774253
681 0.794843257281
682 0.795399740308
684 0.795770728993
685 0.795956223335
686 0.79632721202
687 0.796698200705
688 0.797254683732
689 0.797625672417
691 0.798182155444
694 0.799109627156
695 0.799295121499
696 0.799666110184
697 0.800222593211
698 0.800779076238
699 0.801521053608
700 0.80170654795
701 0.80244852532
702 0.803005008347
703 0.80319050269
704 0.803561491375
705 0.803932480059
706 0.804117974402
707 0.804674457429
708 0.804859951771
709 0.805416434799
710 0.805787423484
711 0.805972917826
712 0.806529400853
714 0.806714895196
715 0.806900389538
717 0.807085883881
719 0.807456872565
720 0.808013355593
722 0.808755332962
723 0.808940827305
726 0.80931181599
728 0.809497310332
729 0.809682804674
730 0.810053793359
736 0.810610276387
738 0.810981265071
739 0.811166759414
740 0.811352253756
742 0.811723242441
743 0.812279725468
744 0.812650714153
745 0.812836208496
746 0.81320719718
747 0.813392691523
750 0.81469115192
751 0.814876646262
752 0.815062140605
754 0.815247634947
755 0.815618623632
758 0.816175106659
759 0.816546095344
760 0.816917084029
762 0.817288072714
763 0.817473567056
764 0.817844555741
765 0.818401038768
766 0.818586533111
769 0.818957521796
770 0.819143016138
771 0.819514004823
772 0.819699499165
773 0.819884993508
774 0.82081246522
775 0.820997959562
777 0.821739936932
778 0.821925431274
779 0.822110925617
781 0.822667408644
782 0.822852902986
783 0.823223891671
784 0.823594880356
785 0.823965869041
786 0.824151363383
787 0.824336857726
788 0.824522352068
790 0.824707846411
791 0.825078835096
792 0.825264329438
793 0.825820812465
795 0.826006306808
799 0.826377295492
801 0.826562789835
803 0.826748284177
804 0.827304767205
805 0.827675755889
809 0.827861250232
810 0.828974216286
812 0.829159710629
814 0.829345204971
817 0.829716193656
818 0.830272676683
819 0.830829159711
821 0.831014654053
822 0.831200148395
823 0.83157113708
824 0.831942125765
828 0.83231311445
829 0.832498608792
831 0.832869597477
832 0.83305509182
834 0.833240586162
835 0.833426080505
836 0.833797069189
838 0.833982563532
841 0.834168057874
842 0.834353552217
844 0.834910035244
845 0.835095529586
846 0.835281023929
849 0.835466518271
853 0.835652012614
855 0.835837506956
856 0.836023001298
860 0.836579484326
861 0.836950473011
862 0.837135967353
864 0.837506956038
865 0.837877944723
866 0.838063439065
867 0.83843442775
869 0.838805416435
870 0.840103876832
871 0.840289371174
872 0.840660359859
874 0.841031348544
875 0.841216842886
876 0.841773325914
877 0.841958820256
878 0.842144314598
879 0.842700797626
880 0.843071786311
881 0.84381376368
883 0.843999258023
884 0.844370246707
885 0.84455574105
886 0.844926729735
887 0.845112224077
888 0.845483212762
891 0.845668707104
892 0.845854201447
895 0.846410684474
896 0.846781673159
898 0.847152661844
899 0.847709144871
900 0.848080133556
902 0.848265627898
907 0.848451122241
909 0.848636616583
910 0.848822110926
911 0.84919309961
914 0.849378593953
919 0.849564088295
920 0.849749582638
922 0.850120571323
924 0.850306065665
926 0.850491560007
928 0.85067705435
929 0.850862548692
930 0.851233537377
931 0.85141903172
932 0.851604526062
933 0.851975514747
934 0.852161009089
938 0.852717492116
943 0.853088480801
945 0.853459469486
947 0.853830458171
948 0.854015952513
950 0.854386941198
951 0.854572435541
952 0.855128918568
953 0.855499907253
954 0.855870895938
955 0.85605639028
956 0.856241884623
957 0.856612873307
958 0.857169356335
960 0.857354850677
961 0.857911333704
963 0.858096828047
964 0.858282322389
966 0.858653311074
967 0.858838805416
968 0.859024299759
970 0.859395288444
971 0.859766277129
975 0.859951771471
977 0.860322760156
978 0.860508254498
979 0.860879243183
980 0.861064737526
981 0.861250231868
982 0.86143572621
984 0.861621220553
985 0.861806714895
986 0.861992209238
989 0.86217770358
990 0.862363197922
991 0.862734186607
992 0.863105175292
996 0.863476163977
997 0.863661658319
999 0.864218141347
1001 0.864589130032
1002 0.864960118716
1006 0.865145613059
1007 0.865516601744
1009 0.865702096086
1010 0.866073084771
1013 0.866444073456
1023 0.866815062141
1024 0.867000556483
1026 0.867186050825
1027 0.86755703951
1028 0.868113522538
1034 0.86829901688
1035 0.868484511222
1036 0.868670005565
1039 0.868855499907
1041 0.86904099425
1045 0.869411982935
1046 0.869597477277
1049 0.869782971619
1050 0.870153960304
1052 0.870339454647
1053 0.870524948989
1058 0.870895937674
1059 0.871081432016
1060 0.871266926359
1061 0.871452420701
1062 0.871637915044
1069 0.872194398071
1071 0.872379892413
1074 0.872565386756
1075 0.872936375441
1076 0.873121869783
1077 0.873492858468
1079 0.87367835281
1082 0.874234835838
1085 0.87442033018
1086 0.874605824522
1090 0.874791318865
1091 0.874976813207
1092 0.875347801892
1098 0.875718790577
1100 0.875904284919
1103 0.876089779262
1104 0.876275273604
1105 0.876460767947
1108 0.876646262289
1110 0.876831756631
1112 0.877017250974
1116 0.877573734001
1117 0.877944722686
1118 0.878315711371
1119 0.878501205713
1121 0.878686700056
1130 0.878872194398
1131 0.87905768874
1132 0.879243183083
1137 0.87979966611
1140 0.880356149137
1142 0.880727137822
1144 0.880912632165
1152 0.881098126507
1153 0.88128362085
1155 0.881469115192
1158 0.881654609534
1163 0.881840103877
1166 0.882025598219
1168 0.882211092562
1170 0.882396586904
1174 0.882582081247
1180 0.882953069931
1181 0.883138564274
1184 0.883324058616
1189 0.883509552959
1195 0.883695047301
1197 0.884066035986
1200 0.884251530328
1202 0.884808013356
1204 0.884993507698
1208 0.88517900204
1212 0.885364496383
1214 0.885549990725
1215 0.885735485068
1220 0.88592097941
1221 0.886106473753
1224 0.886291968095
1232 0.886477462437
1234 0.886848451122
1238 0.887033945465
1240 0.887219439807
1241 0.88740493415
1242 0.887590428492
1246 0.887775922834
1249 0.887961417177
1250 0.888146911519
1252 0.888332405862
1254 0.888517900204
1258 0.888703394546
1260 0.888888888889
1263 0.889259877574
1265 0.889445371916
1267 0.889630866259
1268 0.889816360601
1270 0.890001854943
1274 0.890187349286
1285 0.890372843628
1286 0.890743832313
1288 0.890929326656
1289 0.891114820998
1291 0.89130031534
1294 0.891485809683
1295 0.891671304025
1300 0.891856798368
1301 0.89204229271
1302 0.892227787052
1303 0.892598775737
1304 0.892969764422
1305 0.893155258765
1312 0.893340753107
1313 0.893526247449
1317 0.893711741792
1327 0.893897236134
1328 0.894268224819
1331 0.894639213504
1334 0.894824707846
1338 0.895010202189
1343 0.895195696531
1344 0.895381190874
1350 0.895566685216
1351 0.895752179559
1364 0.896123168243
1365 0.896308662586
1368 0.896494156928
1371 0.896679651271
1372 0.896865145613
1374 0.897050639955
1375 0.897236134298
1378 0.89742162864
1379 0.897607122983
1380 0.897792617325
1383 0.897978111668
1388 0.898720089037
1390 0.89890558338
1391 0.899091077722
1397 0.899276572065
1399 0.899462066407
1402 0.899647560749
1405 0.899833055092
1408 0.900575032462
1410 0.900760526804
1411 0.901131515489
1413 0.901317009831
1414 0.901873492858
1416 0.902058987201
1428 0.902244481543
1440 0.902429975886
1441 0.902615470228
1442 0.902800964571
1444 0.903171953255
1447 0.903357447598
1455 0.903728436283
1458 0.903913930625
1459 0.904099424968
1461 0.90428491931
1464 0.904470413652
1467 0.904655907995
1468 0.904841402337
1471 0.90502689668
1479 0.905212391022
1484 0.905397885364
1487 0.905583379707
1488 0.905768874049
1490 0.905954368392
1495 0.906139862734
1498 0.906325357077
1499 0.906510851419
1501 0.906696345761
1505 0.906881840104
1517 0.907252828789
1522 0.907438323131
1525 0.907623817474
1527 0.907809311816
1530 0.908180300501
1535 0.908551289186
1536 0.908736783528
1538 0.908922277871
1539 0.909293266555
1542 0.909478760898
1544 0.90966425524
1548 0.909849749583
1549 0.910035243925
1554 0.91040623261
1560 0.910777221295
1561 0.910962715637
1565 0.91114820998
1568 0.911333704322
1586 0.911519198664
1590 0.911704693007
1591 0.911890187349
1597 0.912075681692
1600 0.912261176034
1603 0.912446670377
1604 0.912632164719
1614 0.912817659061
1618 0.913003153404
1622 0.913188647746
1629 0.913374142089
1633 0.913559636431
1638 0.913745130774
1640 0.913930625116
1643 0.914116119458
1653 0.914301613801
1661 0.914487108143
1682 0.914672602486
1692 0.91504359117
1693 0.915229085513
1696 0.915414579855
1706 0.915600074198
1708 0.91578556854
1713 0.915971062883
1718 0.916156557225
1724 0.916342051567
1726 0.91652754591
1728 0.916713040252
1741 0.916898534595
1774 0.917084028937
1796 0.91726952328
1808 0.917455017622
1812 0.917640511964
1825 0.917826006307
1829 0.918011500649
1838 0.918196994992
1849 0.918382489334
1855 0.918567983676
1869 0.918753478019
1875 0.918938972361
1883 0.919124466704
1886 0.919309961046
1888 0.919495455389
1898 0.919680949731
1900 0.919866444073
1901 0.920051938416
1913 0.920237432758
1916 0.920422927101
1920 0.920608421443
1928 0.920793915786
1931 0.920979410128
1935 0.92116490447
1936 0.921350398813
1942 0.921721387498
1954 0.92190688184
1962 0.922092376183
1964 0.922277870525
1981 0.922463364867
2004 0.92264885921
2005 0.922834353552
2013 0.923019847895
2024 0.923205342237
2026 0.923390836579
2035 0.923576330922
2036 0.923761825264
2055 0.923947319607
2063 0.924132813949
2070 0.924318308292
2083 0.924503802634
2091 0.924689296976
2102 0.924874791319
2123 0.925060285661
2129 0.925245780004
2139 0.925431274346
2142 0.925616768689
2152 0.925987757373
2181 0.926173251716
2185 0.926358746058
2194 0.926544240401
2206 0.926729734743
2208 0.926915229086
2220 0.927100723428
2223 0.92728621777
2229 0.927471712113
2236 0.927657206455
2239 0.927842700798
2254 0.92802819514
2277 0.928213689482
2282 0.928399183825
2283 0.928584678167
2286 0.92877017251
2288 0.928955666852
2302 0.929141161195
2308 0.929326655537
2311 0.929697644222
2317 0.929883138564
2324 0.930068632907
2340 0.930254127249
2346 0.930439621592
2347 0.930625115934
2349 0.930810610276
2354 0.930996104619
2374 0.931181598961
2393 0.931367093304
2396 0.931738081988
2404 0.931923576331
2408 0.932109070673
2415 0.932294565016
2417 0.932480059358
2421 0.932665553701
2441 0.932851048043
2454 0.933036542385
2455 0.933222036728
2457 0.93340753107
2470 0.933593025413
2479 0.933778519755
2484 0.933964014098
2487 0.93414950844
2496 0.934335002782
2506 0.934705991467
2509 0.93489148581
2516 0.935076980152
2517 0.935262474495
2520 0.935447968837
2571 0.935633463179
2572 0.935818957522
2586 0.936004451864
2606 0.936189946207
2614 0.936375440549
2617 0.936560934891
2620 0.936746429234
2635 0.936931923576
2641 0.937117417919
2649 0.937302912261
2690 0.937488406604
2730 0.937673900946
2733 0.937859395288
2742 0.938044889631
2744 0.938230383973
2763 0.938415878316
2773 0.938601372658
2796 0.938786867001
2814 0.938972361343
2818 0.939157855685
2823 0.939343350028
2825 0.93952884437
2898 0.939714338713
2923 0.939899833055
2929 0.940085327398
2958 0.940456316082
2961 0.940641810425
2992 0.940827304767
2994 0.94101279911
2995 0.941198293452
3010 0.941383787794
3014 0.941569282137
3022 0.941754776479
3031 0.941940270822
3053 0.942125765164
3056 0.942311259507
3067 0.942496753849
3075 0.942682248191
3077 0.942867742534
3130 0.943053236876
3152 0.943238731219
3154 0.943424225561
3160 0.943609719904
3185 0.943795214246
3195 0.943980708588
3202 0.944166202931
3211 0.944351697273
3228 0.944537191616
3233 0.944722685958
3327 0.944908180301
3413 0.945093674643
3432 0.945279168985
3435 0.945464663328
3453 0.94565015767
3479 0.945835652013
3482 0.946021146355
3525 0.946206640697
3545 0.94639213504
3546 0.946577629382
3572 0.946763123725
3679 0.946948618067
3685 0.94713411241
3700 0.947319606752
3729 0.947505101094
3796 0.947690595437
3799 0.947876089779
3812 0.948061584122
3824 0.948247078464
3833 0.948432572807
3852 0.948618067149
3927 0.948803561491
3973 0.948989055834
3980 0.949174550176
3997 0.949360044519
4030 0.949545538861
4054 0.949731033203
4084 0.949916527546
4087 0.950102021888
4118 0.950287516231
4161 0.950473010573
4223 0.950658504916
4339 0.950843999258
4699 0.9510294936
4735 0.951214987943
4786 0.951400482285
4821 0.951585976628
4873 0.95177147097
4880 0.951956965313
4885 0.952142459655
5705 0.952327953997
5711 0.95251344834
5736 0.952698942682
5741 0.952884437025
5747 0.953069931367
5754 0.95325542571
5757 0.953440920052
5762 0.953626414394
5764 0.953811908737
5765 0.953997403079
5771 0.954182897422
5821 1.0
