28 0
29 1
30 0
164 0
165 1
166 0
199 0
200 499
201 57
202 102
203 153
204 102
205 62
206 50
207 72
208 99
209 64
210 66
211 64
212 71
213 79
214 128
215 142
216 139
217 114
218 132
219 127
220 115
221 102
222 88
223 27
224 4
225 1
226 14
227 42
228 119
229 208
230 30
231 23
232 48
233 68
234 38
235 19
236 21
237 26
238 14
239 3
240 12
241 19
242 54
243 64
244 61
245 102
246 98
247 29
248 18
249 3
250 0
251 0
252 1
254 17
255 18
256 11
257 3
258 8
259 7
260 11
261 0
261 0
262 1
263 3
265 5
266 15
267 21
268 39
269 49
270 37
271 39
272 30
273 41
274 25
275 20
276 27
277 19
278 28
279 16
280 15
281 16
282 29
283 27
284 28
285 33
286 42
287 44
288 69
289 54
290 76
291 71
292 73
293 71
294 58
295 55
296 52
297 47
298 44
299 52
300 35
301 23
302 24
303 20
304 15
306 6
307 2
308 3
