28 0
29 0.000185494342423
165 0.000370988684845
200 0.0929326655537
201 0.103505843072
202 0.122426265999
203 0.15080690039
204 0.169727323317
205 0.181227972547
206 0.190502689668
207 0.203858282322
208 0.222222222222
209 0.234093860137
210 0.246336486737
211 0.258208124652
212 0.271378222964
213 0.286032276016
214 0.309775551846
215 0.33611574847
216 0.361899462066
217 0.383045817103
218 0.407531070302
219 0.43108885179
220 0.452420701169
221 0.471341124096
222 0.487664626229
223 0.492672973474
224 0.493414950844
225 0.493600445186
226 0.49619736598
227 0.503988128362
228 0.52606195511
229 0.564644778334
230 0.570209608607
231 0.574475978483
232 0.583379706919
233 0.595993322204
234 0.603042107216
235 0.606566499722
236 0.610461880913
237 0.615284733816
238 0.61788165461
239 0.618438137637
240 0.620664069746
241 0.624188462252
242 0.634205156743
243 0.646076794658
244 0.657391949546
245 0.676312372473
246 0.69449081803
247 0.69987015396
248 0.703209052124
249 0.703765535151
252 0.703951029494
253 0.704136523836
254 0.707289927657
255 0.710628825821
256 0.712669263587
257 0.713225746615
258 0.714709701354
259 0.716008161751
260 0.718048599518
262 0.71823409386
263 0.718790576887
264 0.719347059915
265 0.720274531627
266 0.723056946763
267 0.726952327954
268 0.734186607308
269 0.743275830087
270 0.750139120757
271 0.757373400111
272 0.762938230384
273 0.770543498423
274 0.775180856984
275 0.778890743832
276 0.783899091078
277 0.787423483584
278 0.792617325172
279 0.79558523465
280 0.798367649787
281 0.801335559265
282 0.806714895196
283 0.811723242441
284 0.816917084029
285 0.823038397329
286 0.830829159711
287 0.838990910777
288 0.851790020404
289 0.861806714895
290 0.875904284919
291 0.889074383231
292 0.902615470228
293 0.91578556854
294 0.926544240401
295 0.936746429234
296 0.94639213504
297 0.955110369134
298 0.9632721202
299 0.972917826006
300 0.979410127991
301 0.983676497867
302 0.988128362085
303 0.991838248933
304 0.99462066407
305 0.997403079206
306 0.998516045261
307 0.998887033945
308 0.999443516973
309 1.0
