2 0.0790133779264
3 0.122491638796
4 0.16220735786
5 0.209030100334
6 0.242892976589
7 0.286371237458
8 0.314381270903
9 0.344481605351
10 0.367056856187
11 0.394648829431
12 0.419314381271
13 0.445652173913
14 0.468227424749
15 0.489966555184
16 0.515886287625
17 0.532608695652
18 0.553093645485
19 0.569397993311
20 0.586120401338
21 0.603678929766
22 0.618311036789
23 0.630852842809
24 0.647157190635
25 0.65635451505
26 0.665969899666
27 0.681856187291
28 0.694397993311
29 0.705267558528
30 0.718227424749
31 0.727006688963
32 0.734949832776
33 0.742474916388
34 0.753344481605
35 0.761287625418
36 0.765886287625
37 0.774247491639
38 0.782190635452
39 0.78762541806
40 0.795150501672
41 0.79974916388
42 0.805183946488
43 0.811872909699
44 0.817725752508
45 0.821906354515
46 0.828595317726
47 0.833612040134
48 0.839464882943
49 0.842391304348
50 0.847826086957
51 0.851588628763
52 0.85618729097
53 0.860785953177
54 0.864130434783
55 0.869147157191
56 0.872073578595
57 0.876254180602
58 0.880434782609
59 0.884197324415
60 0.887959866221
61 0.889632107023
62 0.89381270903
63 0.897575250836
64 0.90008361204
65 0.901337792642
66 0.903428093645
67 0.906772575251
68 0.910117056856
69 0.913043478261
70 0.917224080268
71 0.919732441472
72 0.920986622074
73 0.924331103679
74 0.927257525084
75 0.929765886288
76 0.932692307692
77 0.934782608696
78 0.936454849498
79 0.9377090301
80 0.939799331104
82 0.941471571906
83 0.94356187291
84 0.944816053512
85 0.945652173913
86 0.946488294314
87 0.948160535117
88 0.948996655518
89 0.949414715719
90 0.951923076923
91 0.954013377926
92 0.955267558528
93 0.95610367893
94 0.956939799331
95 0.957357859532
96 0.957775919732
97 0.959030100334
98 0.959866220736
99 0.960284280936
100 0.96237458194
101 0.963210702341
102 0.964046822742
103 0.965301003344
104 0.965719063545
105 0.966555183946
108 0.966973244147
110 0.967809364548
111 0.96864548495
112 0.969063545151
113 0.969899665552
114 0.970317725753
115 0.970735785953
119 0.971571906355
120 0.972408026756
121 0.972826086957
122 0.973662207358
123 0.974080267559
124 0.974498327759
126 0.975752508361
127 0.976170568562
128 0.977424749164
130 0.977842809365
131 0.978260869565
132 0.978678929766
133 0.979515050167
134 0.980351170569
135 0.980769230769
136 0.98118729097
140 0.981605351171
141 0.982441471572
147 0.982859531773
150 0.983277591973
152 0.983695652174
154 0.984113712375
158 0.984531772575
162 0.984949832776
163 0.985367892977
165 0.985785953177
172 0.986204013378
176 0.98745819398
177 0.987876254181
181 0.988294314381
184 0.988712374582
191 0.989130434783
200 0.989548494983
202 0.989966555184
206 0.990384615385
208 0.991638795987
215 0.992056856187
222 0.992474916388
229 0.992892976589
230 0.993311036789
235 0.99372909699
245 0.994147157191
250 0.994565217391
253 0.994983277592
255 0.995819397993
263 0.996237458194
293 0.996655518395
330 0.997073578595
351 0.997491638796
353 0.997909698997
395 0.998327759197
415 0.998745819398
429 0.999163879599
454 0.999581939799
508 1.0
