0 0
1 60
2 129
3 104
4 95
5 112
6 81
7 104
8 67
9 72
10 54
11 66
12 59
13 63
14 54
15 52
16 62
17 40
18 49
19 39
20 40
21 42
22 35
23 30
24 39
25 22
26 23
27 38
28 30
29 26
30 31
31 21
32 19
33 18
34 26
35 19
36 11
37 20
38 19
39 13
40 18
41 11
42 13
43 16
44 14
45 10
46 16
47 12
48 14
49 7
50 13
51 9
52 11
54 8
55 12
56 7
57 10
59 9
61 4
62 10
63 9
64 6
65 3
66 5
67 8
69 7
70 10
71 6
72 3
73 8
74 7
75 6
76 7
77 5
78 4
79 3
80 5
81 0
81 0
82 4
83 5
84 3
85 2
87 4
88 2
89 1
90 6
91 5
92 3
93 2
95 1
97 3
98 2
99 1
100 5
101 2
103 3
104 1
105 2
106 0
107 0
108 1
109 0
109 0
110 2
112 1
113 2
114 1
116 0
118 0
119 2
121 1
122 2
123 1
125 0
125 0
126 3
127 1
128 3
129 0
129 0
130 1
133 2
135 1
137 0
139 0
140 1
141 2
142 0
146 0
147 1
148 0
149 0
150 1
151 0
151 0
152 1
153 0
153 0
154 1
155 0
157 0
158 1
159 0
161 0
162 1
164 0
164 0
165 1
166 0
171 0
172 1
173 0
175 0
176 3
177 1
178 0
180 0
181 1
182 0
183 0
184 1
185 0
190 0
191 1
192 0
199 0
200 1
201 0
201 0
202 1
203 0
205 0
206 1
207 0
207 0
208 3
209 0
214 0
215 1
216 0
221 0
222 1
223 0
228 0
229 1
231 0
234 0
235 1
236 0
244 0
245 1
246 0
249 0
250 1
251 0
252 0
253 1
254 0
254 0
255 2
256 0
262 0
263 1
264 0
292 0
293 1
294 0
329 0
330 1
331 0
350 0
351 1
352 0
352 0
353 1
354 0
394 0
395 1
396 0
414 0
415 1
416 0
428 0
429 1
430 0
453 0
454 1
455 0
507 0
508 1
