2 0.0274361400189
3 0.0302743614002
4 0.0416272469253
5 0.0510879848628
6 0.0624408703879
7 0.0823084200568
9 0.0993377483444
10 0.108798486282
11 0.119205298013
13 0.131504257332
15 0.174077578051
17 0.190160832545
18 0.207190160833
21 0.227057710501
22 0.247871333964
27 0.273415326395
32 0.333964049196
33 0.396404919584
36 0.430463576159
37 0.465468306528
38 0.501419110691
39 0.538315988647
51 0.586565752129
63 0.646168401135
65 0.707663197729
67 0.771050141911
71 0.838221381268
78 0.912015137181
93 1.0
