0 0
1 11
2 45
3 63
4 71
5 62
6 50
7 51
8 54
9 41
10 52
11 50
12 59
13 37
14 34
15 38
16 31
17 36
18 42
19 36
20 25
22 30
23 42
24 29
25 28
26 21
27 33
28 24
29 22
30 29
31 31
32 21
33 19
34 23
36 14
37 22
38 14
39 18
40 22
41 29
42 15
43 16
44 17
45 22
46 15
47 14
48 15
49 21
50 20
51 12
52 8
54 10
55 12
56 6
57 12
59 9
60 14
61 15
62 9
63 10
64 13
65 14
66 7
68 15
69 8
70 12
71 7
72 6
74 10
77 9
78 11
79 5
80 7
81 8
83 10
84 3
85 4
86 11
87 8
88 5
89 10
90 6
92 10
93 6
94 3
95 4
96 8
97 3
98 5
99 7
100 5
101 3
102 5
103 7
104 6
105 3
106 4
107 5
108 3
109 7
110 5
112 4
113 5
115 2
117 7
119 5
120 0
120 0
121 4
122 3
125 4
126 2
127 1
128 2
130 4
131 5
134 4
135 3
136 6
137 1
138 2
139 4
140 2
141 5
142 7
143 3
145 1
146 2
149 3
150 4
151 0
152 0
153 3
154 6
155 1
156 2
157 1
158 3
159 2
161 1
162 2
164 4
165 2
166 1
168 0
168 0
169 1
170 3
173 1
174 2
175 3
176 1
177 0
177 0
178 1
179 3
180 1
181 2
184 0
184 0
185 3
187 1
188 2
189 1
192 0
192 0
193 3
194 0
194 0
195 2
196 1
198 0
198 0
199 2
200 1
201 2
202 1
204 0
204 0
205 1
206 2
207 0
207 0
208 1
211 2
212 1
216 0
216 0
217 1
218 2
219 0
220 0
221 2
222 0
222 0
223 2
224 0
226 0
227 1
229 2
230 0
230 0
231 1
232 0
232 0
233 3
234 1
235 0
236 0
237 1
238 0
238 0
239 1
240 0
240 0
241 2
242 0
243 0
244 1
247 0
248 0
249 1
250 0
250 0
251 2
252 0
252 0
253 1
255 0
255 0
256 2
257 1
258 0
259 0
260 1
261 2
262 0
264 0
265 1
267 0
273 0
274 2
276 1
277 0
278 0
279 2
280 1
281 0
282 0
283 1
284 0
284 0
285 1
287 0
293 0
294 2
295 1
296 0
298 0
299 1
300 0
302 0
303 1
304 0
306 0
307 1
308 0
308 0
309 1
311 0
311 0
312 1
313 0
313 0
314 1
315 0
319 0
320 1
321 0
322 0
323 1
324 0
325 0
326 1
327 0
327 0
328 2
329 1
330 0
330 0
331 1
332 0
340 0
341 1
342 0
345 0
346 1
347 0
348 0
349 1
350 0
363 0
364 1
365 0
368 0
369 1
370 0
372 0
373 1
375 0
376 0
377 1
379 0
381 0
382 1
383 0
386 0
387 1
388 0
393 0
394 1
397 0
397 0
398 1
399 0
401 0
402 1
403 0
405 0
406 1
407 0
413 0
414 1
415 0
419 0
420 1
422 0
427 0
428 1
429 0
429 0
430 1
431 0
445 0
446 1
447 0
457 0
458 1
459 0
495 0
496 1
497 0
498 0
499 1
500 0
530 0
531 1
533 0
564 0
565 1
566 0
578 0
579 1
580 0
601 0
602 1
603 0
650 0
651 1
652 0
670 0
671 1
672 0
672 0
673 1
674 0
695 0
696 1
697 0
735 0
736 1
737 0
744 0
745 1
746 0
748 0
749 1
750 0
786 0
787 1
788 0
851 0
852 1
854 0
877 0
878 1
879 0
889 0
890 1
891 0
939 0
940 1
941 0
957 0
958 1
959 0
963 0
964 1
965 0
1010 0
1011 1
1012 0
1029 0
1030 1
1031 0
1758 0
1759 1
1760 0
2253 0
2254 1
2255 0
2633 0
2634 6
