0 0
1 0.00459866220736
2 0.0234113712375
3 0.0497491638796
4 0.0794314381271
5 0.105351170569
6 0.126254180602
7 0.147575250836
8 0.170150501672
9 0.1872909699
10 0.209030100334
11 0.229933110368
12 0.254598662207
13 0.270066889632
14 0.284280936455
15 0.30016722408
16 0.313127090301
17 0.328177257525
18 0.345735785953
19 0.360785953177
20 0.371237458194
21 0.381688963211
22 0.394230769231
23 0.411789297659
24 0.423913043478
25 0.435618729097
26 0.444397993311
27 0.458193979933
28 0.468227424749
29 0.477424749164
30 0.489548494983
31 0.502508361204
32 0.511287625418
33 0.519230769231
34 0.528846153846
35 0.538461538462
36 0.544314381271
37 0.553511705686
38 0.559364548495
39 0.566889632107
40 0.576086956522
41 0.588210702341
42 0.594481605351
43 0.601170568562
44 0.608277591973
45 0.617474916388
46 0.623745819398
47 0.629598662207
48 0.635869565217
49 0.644648829431
50 0.653010033445
51 0.658026755853
52 0.661371237458
53 0.664715719064
54 0.66889632107
55 0.673913043478
56 0.676421404682
57 0.68143812709
58 0.686454849498
59 0.690217391304
60 0.696070234114
61 0.702341137124
62 0.70610367893
63 0.710284280936
64 0.715719063545
65 0.721571906355
66 0.724498327759
67 0.727424749164
68 0.733695652174
69 0.737040133779
70 0.742056856187
71 0.744983277592
72 0.747491638796
73 0.75
74 0.754180602007
75 0.758361204013
76 0.76254180602
77 0.766304347826
78 0.770903010033
79 0.772993311037
80 0.775919732441
81 0.779264214047
82 0.782608695652
83 0.786789297659
84 0.788043478261
85 0.789715719064
86 0.794314381271
87 0.797658862876
88 0.79974916388
89 0.803929765886
90 0.80643812709
91 0.808946488294
92 0.813127090301
93 0.815635451505
94 0.816889632107
95 0.81856187291
96 0.821906354515
97 0.823160535117
98 0.82525083612
99 0.828177257525
100 0.830267558528
101 0.83152173913
102 0.833612040134
103 0.836538461538
104 0.839046822742
105 0.840301003344
106 0.841973244147
107 0.844063545151
108 0.845317725753
109 0.848244147157
110 0.850334448161
111 0.852424749164
112 0.854096989967
113 0.85618729097
114 0.858277591973
115 0.859113712375
116 0.859949832776
117 0.862876254181
118 0.865802675585
119 0.867892976589
121 0.869565217391
122 0.870819397993
123 0.872073578595
124 0.873327759197
125 0.875
126 0.875836120401
127 0.876254180602
128 0.877090301003
129 0.877926421405
130 0.879598662207
131 0.881688963211
132 0.883779264214
133 0.885869565217
134 0.88754180602
135 0.888795986622
136 0.891304347826
137 0.891722408027
138 0.892558528428
139 0.894230769231
140 0.895066889632
141 0.897157190635
142 0.90008361204
143 0.901337792642
144 0.902591973244
145 0.903010033445
146 0.903846153846
147 0.904682274247
148 0.905518394649
149 0.906772575251
150 0.908444816054
153 0.909698996656
154 0.91220735786
155 0.91262541806
156 0.913461538462
157 0.913879598662
158 0.915133779264
159 0.915969899666
160 0.916806020067
161 0.917224080268
162 0.918060200669
163 0.91889632107
164 0.920568561873
165 0.921404682274
166 0.921822742475
167 0.922240802676
169 0.922658862876
170 0.923913043478
171 0.92516722408
172 0.926421404682
173 0.926839464883
174 0.927675585284
175 0.928929765886
176 0.929347826087
178 0.929765886288
179 0.93102006689
180 0.93143812709
181 0.932274247492
182 0.933110367893
183 0.933946488294
185 0.935200668896
186 0.936454849498
187 0.936872909699
188 0.9377090301
189 0.938127090301
190 0.938545150502
191 0.938963210702
193 0.940217391304
195 0.941053511706
196 0.941471571906
197 0.941889632107
199 0.942725752508
200 0.943143812709
201 0.94397993311
202 0.944397993311
203 0.944816053512
205 0.945234113712
206 0.946070234114
208 0.946488294314
209 0.946906354515
210 0.947324414716
211 0.948160535117
212 0.948578595318
213 0.948996655518
214 0.949414715719
215 0.94983277592
217 0.95025083612
218 0.951086956522
221 0.951923076923
223 0.952759197324
227 0.953177257525
228 0.953595317726
229 0.954431438127
231 0.954849498328
233 0.95610367893
234 0.95652173913
237 0.956939799331
239 0.957357859532
241 0.958193979933
244 0.958612040134
245 0.959030100334
246 0.959448160535
249 0.959866220736
251 0.960702341137
253 0.961120401338
254 0.961538461538
256 0.96237458194
257 0.96279264214
260 0.963210702341
261 0.964046822742
265 0.964464882943
266 0.964882943144
274 0.965719063545
275 0.966555183946
276 0.966973244147
279 0.967809364548
280 0.968227424749
283 0.96864548495
285 0.969063545151
286 0.969481605351
294 0.970317725753
295 0.970735785953
299 0.971153846154
303 0.971571906355
307 0.971989966555
309 0.972408026756
310 0.972826086957
312 0.973244147157
314 0.973662207358
320 0.974080267559
323 0.974498327759
326 0.97491638796
328 0.975752508361
329 0.976170568562
331 0.976588628763
341 0.977006688963
346 0.977424749164
349 0.977842809365
364 0.978260869565
369 0.978678929766
373 0.979096989967
374 0.979515050167
377 0.979933110368
378 0.980351170569
382 0.980769230769
387 0.98118729097
394 0.981605351171
395 0.982023411371
396 0.982441471572
398 0.982859531773
402 0.983277591973
406 0.983695652174
414 0.984113712375
420 0.984531772575
421 0.984949832776
428 0.985367892977
430 0.985785953177
446 0.986204013378
458 0.986622073579
496 0.987040133779
499 0.98745819398
531 0.987876254181
532 0.988294314381
565 0.988712374582
579 0.989130434783
602 0.989548494983
651 0.989966555184
671 0.990384615385
673 0.990802675585
696 0.991220735786
736 0.991638795987
745 0.992056856187
749 0.992474916388
787 0.992892976589
852 0.993311036789
853 0.99372909699
878 0.994147157191
890 0.994565217391
940 0.994983277592
958 0.995401337793
964 0.995819397993
1011 0.996237458194
1030 0.996655518395
1759 0.997073578595
2254 0.997491638796
2634 1.0
