99 0
100 0.107306914926
101 0.142034666503
102 0.176884914559
103 0.206651558768
104 0.229619648435
105 0.250505297973
106 0.270288479206
107 0.292521590004
108 0.315428431433
109 0.344827586207
110 0.376737918785
111 0.413915599927
112 0.452685735285
113 0.497335701599
114 0.540944447847
115 0.591657989833
116 0.639799105776
117 0.682550376677
118 0.723157959209
119 0.75825320022
120 0.788938568016
121 0.815336559074
122 0.836405953329
123 0.854229190911
124 0.871439946102
125 0.887609481227
126 0.901390335028
127 0.91161879096
128 0.919642310284
129 0.92613462363
130 0.928217063759
131 0.931218227476
132 0.933300667606
133 0.93991547743
134 0.943467875299
135 0.94751025908
136 0.94959269921
137 0.951920132296
138 0.952838855883
139 0.95375757947
140 0.954737551295
141 0.955166288969
142 0.955717523121
143 0.955901267839
144 0.956146260795
145 0.956268757273
146 0.957126232621
147 0.958044956208
148 0.959147424512
149 0.959637410424
150 0.960494885772
151 0.961658602315
152 0.962638574141
153 0.963863538923
154 0.966497213205
155 0.968640901574
156 0.971090831139
157 0.974643229007
158 0.977583144485
159 0.980706804679
160 0.983095486005
161 0.985361670852
162 0.987505359221
163 0.988791572242
164 0.990200281742
165 0.992160225394
166 0.993140197219
167 0.994181417284
168 0.995467630306
169 0.996815091566
170 0.997856311631
171 0.998346297544
172 0.998713786979
173 0.999448765848
174 0.999510014087
175 0.999632510565
176 0.999755007044
177 0.999816255283
178 0.999938751761
181 1.0
