4 0.00625
5 0.015625
6 0.025
7 0.03125
8 0.0625
9 0.08125
10 0.103125
11 0.109375
12 0.13125
13 0.159375
14 0.196875
15 0.221875
16 0.25625
17 0.290625
18 0.29375
19 0.33125
20 0.35
21 0.378125
22 0.39375
23 0.409375
24 0.43125
25 0.4625
26 0.48125
27 0.49375
28 0.515625
29 0.53125
30 0.55
31 0.571875
32 0.590625
33 0.615625
34 0.625
35 0.634375
36 0.653125
37 0.678125
38 0.690625
39 0.709375
40 0.721875
41 0.740625
43 0.746875
45 0.75625
46 0.759375
47 0.765625
48 0.778125
49 0.7875
50 0.803125
51 0.8125
52 0.815625
53 0.828125
54 0.834375
55 0.8375
56 0.840625
58 0.84375
60 0.85
61 0.859375
62 0.865625
63 0.86875
64 0.875
66 0.878125
67 0.884375
68 0.89375
69 0.896875
70 0.9
71 0.909375
72 0.915625
73 0.91875
74 0.921875
75 0.93125
77 0.9375
79 0.940625
84 0.94375
85 0.95
86 0.953125
87 0.959375
88 0.965625
89 0.96875
92 0.971875
93 0.978125
94 0.98125
96 0.984375
98 0.990625
99 0.99375
105 1.0
