200 0.0923768308921
201 0.10088929047
202 0.117616986875
203 0.137186132775
204 0.156743389766
205 0.172341639718
206 0.186477553738
207 0.199091687274
208 0.211277820049
209 0.222940840784
210 0.233878638006
211 0.245458436371
212 0.257430568765
213 0.271637816245
214 0.287866178429
215 0.305461765265
216 0.325078466806
217 0.34619317101
218 0.369150656268
219 0.393879589119
220 0.420154080274
221 0.448521019593
222 0.477351626403
223 0.508310348107
224 0.537402510938
225 0.565947783907
226 0.593898611375
227 0.619174434088
228 0.643083032148
229 0.666456629256
230 0.689699448355
231 0.709886817577
232 0.728302739205
233 0.745505992011
234 0.761544131634
235 0.776750047556
236 0.790790850295
237 0.804165874073
238 0.81716045273
239 0.828609473084
240 0.839927715427
241 0.851459958151
242 0.862528533384
243 0.871718660833
244 0.880754232452
245 0.888672246528
246 0.896542704965
247 0.903604717519
248 0.909156838501
249 0.914387958912
250 0.919737968423
251 0.923661308731
252 0.927441982119
253 0.930497431995
254 0.933885771352
255 0.936679665208
256 0.939497336884
257 0.94231500856
258 0.944847346395
259 0.947700684801
260 0.949947688796
261 0.952337359711
262 0.954881586456
263 0.957283146281
264 0.959910595397
265 0.962585600152
266 0.964654270496
267 0.965890717139
268 0.966734829751
269 0.967614609093
270 0.968339832604
271 0.968946167015
272 0.969576279247
273 0.970146946928
274 0.97099105954
275 0.971502282671
276 0.972001616892
277 0.972512840023
278 0.972810062773
279 0.973047840974
280 0.973202396804
281 0.973499619555
282 0.973784953395
283 0.974212954156
284 0.974617177097
285 0.975152178048
286 0.97575851246
287 0.976412402511
288 0.976971181282
289 0.977755849344
290 0.978552406315
291 0.979099296177
292 0.979622408218
293 0.980038520068
294 0.980454631919
295 0.98089452159
296 0.981179855431
297 0.981441411451
298 0.981714856382
299 0.982047745863
300 0.982333079703
301 0.982689747004
302 0.983105858855
303 0.983510081796
304 0.984092638387
305 0.984663306068
306 0.985305307209
307 0.986078086361
308 0.986565531672
309 0.987397755374
310 0.987873311775
311 0.988539090736
312 0.989288092068
313 0.989941982119
314 0.990667205631
315 0.991392429142
316 0.992188986114
317 0.992914209625
318 0.993556210767
319 0.994435990108
320 0.99516121362
321 0.995886437131
322 0.996635438463
323 0.997253661784
324 0.997693551455
325 0.998121552216
326 0.998620886437
327 0.998977553738
328 0.999310443219
329 0.999512554689
330 0.999655221609
331 0.99978599962
332 0.99984544417
333 0.99989299981
334 0.99996433327
335 0.99998811109
336 1.0
