199 0
200 7770
201 716
202 1407
203 1646
204 1645
205 1312
206 1189
207 1061
208 1025
209 981
210 920
211 974
212 1007
213 1195
214 1365
215 1480
216 1650
217 1776
218 1931
219 2080
220 2210
221 2386
222 2425
223 2604
224 2447
225 2401
226 2351
227 2126
228 2011
229 1966
230 1955
231 1698
232 1549
233 1447
234 1349
235 1279
236 1181
237 1125
238 1093
239 963
240 952
241 970
242 931
243 773
244 760
245 666
246 662
247 594
248 467
249 440
250 450
251 330
252 318
253 257
254 285
255 235
256 237
258 213
259 240
260 189
261 201
262 214
263 202
264 221
265 225
266 174
267 104
268 71
269 74
270 61
271 51
272 53
273 48
274 71
275 43
276 42
277 43
278 25
279 20
280 13
281 25
282 24
283 36
284 34
285 45
286 51
287 55
288 47
289 66
290 67
291 46
292 44
293 35
295 37
296 24
297 22
298 23
299 28
300 24
301 30
302 35
303 34
304 49
305 48
306 54
307 65
308 41
309 70
310 40
311 56
312 63
313 55
314 61
316 67
317 61
318 54
319 74
320 61
322 63
323 52
324 37
325 36
326 42
327 30
328 28
329 17
330 12
331 11
332 5
333 4
334 6
335 2
336 1
