5 0
6 0.000836120401338
7 0.00292642140468
8 0.00710702341137
9 0.0175585284281
10 0.0271739130435
11 0.0405518394649
12 0.0602006688963
13 0.0798494983278
14 0.105351170569
15 0.131688963211
16 0.16262541806
17 0.188963210702
18 0.221153846154
19 0.262123745819
20 0.290133779264
21 0.31897993311
22 0.352424749164
23 0.384615384615
24 0.411371237458
25 0.438963210702
26 0.467391304348
27 0.492056856187
28 0.517558528428
29 0.53762541806
30 0.55643812709
31 0.571488294314
32 0.588628762542
33 0.605351170569
34 0.621237458194
35 0.63127090301
36 0.639214046823
37 0.651755852843
38 0.66220735786
39 0.670150501672
40 0.678093645485
41 0.686872909699
42 0.697324414716
43 0.702759197324
44 0.708612040134
45 0.716555183946
46 0.723244147157
47 0.727842809365
48 0.732023411371
49 0.736622073579
50 0.740802675585
51 0.745401337793
52 0.75
53 0.752926421405
54 0.755852842809
55 0.760869565217
56 0.765468227425
57 0.769230769231
58 0.77508361204
59 0.780518394649
60 0.783444816054
61 0.78762541806
62 0.79389632107
63 0.797240802676
64 0.799331103679
65 0.801839464883
66 0.805602006689
67 0.808528428094
68 0.814381270903
69 0.817725752508
70 0.820652173913
71 0.822324414716
72 0.826923076923
73 0.829431438127
74 0.830685618729
75 0.834866220736
76 0.838628762542
77 0.841137123746
78 0.841973244147
79 0.845317725753
80 0.847408026756
81 0.848662207358
82 0.850334448161
83 0.852006688963
84 0.855351170569
85 0.858695652174
86 0.861622073579
87 0.865384615385
88 0.869565217391
89 0.872909698997
90 0.877090301003
91 0.881688963211
92 0.884615384615
93 0.886287625418
94 0.889632107023
95 0.891304347826
96 0.894230769231
97 0.897993311037
98 0.901755852843
99 0.904682274247
100 0.911371237458
101 0.913461538462
102 0.914715719064
103 0.916806020067
104 0.920986622074
105 0.923076923077
106 0.926003344482
107 0.928093645485
108 0.929347826087
109 0.933110367893
110 0.936454849498
111 0.9372909699
112 0.938545150502
113 0.940635451505
114 0.94356187291
115 0.946070234114
116 0.948578595318
117 0.951086956522
118 0.954013377926
119 0.95610367893
120 0.959448160535
121 0.960702341137
122 0.964046822742
123 0.966555183946
124 0.96864548495
125 0.971571906355
126 0.973662207358
127 0.976170568562
128 0.977006688963
129 0.979096989967
130 0.982023411371
131 0.983277591973
132 0.984949832776
133 0.988712374582
134 0.991220735786
135 0.992474916388
136 0.994565217391
137 0.995401337793
138 0.996237458194
139 0.996655518395
140 0.998327759197
141 0.998745819398
142 0.999163879599
143 0.999581939799
144 1.0
