2 0.369983277592
3 0.489130434783
4 0.590301003344
5 0.661371237458
6 0.722408026756
7 0.764214046823
8 0.803093645485
9 0.834866220736
10 0.859949832776
11 0.880852842809
12 0.899665551839
13 0.918060200669
14 0.929765886288
15 0.938963210702
16 0.947742474916
17 0.955267558528
18 0.960702341137
19 0.967391304348
20 0.970317725753
21 0.974498327759
22 0.975752508361
23 0.979933110368
24 0.981605351171
25 0.982859531773
26 0.983695652174
27 0.985785953177
28 0.987876254181
29 0.988712374582
30 0.990384615385
31 0.993311036789
32 0.994147157191
33 0.995401337793
35 0.995819397993
36 0.996237458194
38 0.996655518395
39 0.997073578595
44 0.997491638796
50 0.998327759197
52 0.998745819398
53 0.999163879599
55 0.999581939799
75 1.0
