0 0
1 0.108798486282
2 0.21665089877
3 0.312204351939
4 0.411542100284
5 0.484389782403
6 0.530747398297
7 0.596026490066
8 0.64238410596
9 0.675496688742
10 0.705771050142
11 0.727530747398
12 0.76064333018
13 0.782403027436
14 0.804162724693
15 0.823084200568
16 0.840113528855
17 0.855250709555
18 0.867549668874
19 0.889309366131
20 0.895931882687
21 0.903500473037
22 0.916745506149
23 0.926206244087
24 0.930936613056
25 0.938505203406
26 0.945127719962
27 0.950804162725
28 0.957426679281
29 0.965941343425
30 0.966887417219
31 0.9697256386
32 0.974456007569
34 0.976348155156
35 0.978240302744
38 0.979186376537
39 0.980132450331
40 0.982024597919
41 0.982970671712
44 0.983916745506
45 0.9848628193
47 0.986754966887
49 0.987701040681
51 0.988647114475
58 0.989593188269
60 0.990539262062
62 0.991485335856
65 0.99243140965
68 0.993377483444
69 0.994323557237
74 0.995269631031
78 0.996215704825
91 0.997161778619
100 0.998107852412
102 0.999053926206
181 1.0
