5 0
6 0.003125
7 0.009375
8 0.015625
9 0.025
10 0.028125
11 0.046875
12 0.053125
13 0.059375
14 0.065625
15 0.071875
17 0.078125
18 0.0875
19 0.090625
23 0.09375
25 0.1
26 0.103125
31 0.10625
32 0.1125
33 0.115625
34 0.11875
39 0.125
40 0.128125
41 0.1375
42 0.140625
43 0.146875
44 0.15
45 0.153125
48 0.15625
51 0.1625
52 0.165625
53 0.16875
54 0.171875
57 0.175
79 0.178125
81 0.18125
83 0.184375
87 0.1875
90 0.19375
91 0.2
93 0.20625
95 0.209375
97 0.215625
99 0.21875
100 0.221875
101 0.228125
103 0.23125
104 0.234375
108 0.2375
111 0.240625
112 0.24375
116 0.246875
122 0.25
340 0.253125
357 0.25625
358 0.26875
359 0.3125
363 1.0
