5 0
6 1
7 2
9 3
10 1
11 6
12 2
16 0
16 0
17 2
18 3
19 1
20 0
22 0
23 1
24 0
24 0
25 2
26 1
27 0
30 0
31 1
32 2
33 1
35 0
38 0
39 2
40 1
41 3
42 1
43 2
44 1
46 0
47 0
48 1
49 0
50 0
51 2
52 1
55 0
56 0
57 1
58 0
78 0
79 1
80 0
80 0
81 1
82 0
82 0
83 1
84 0
86 0
87 1
88 0
89 0
90 2
92 0
92 0
93 2
94 0
94 0
95 1
96 0
96 0
97 2
98 0
98 0
99 1
101 2
102 0
102 0
103 1
105 0
107 0
108 1
109 0
110 0
111 1
113 0
115 0
116 1
117 0
121 0
122 1
123 0
339 0
340 1
341 0
356 0
357 1
358 4
359 14
360 0
362 0
363 220
