133 2.72427602365e-05
200 0.0912632467922
201 0.0974745961261
202 0.112485357016
203 0.132835698913
204 0.155937559594
205 0.179420818917
206 0.197264826872
207 0.211540033236
208 0.223090963576
209 0.234124281472
210 0.244857929005
211 0.256081946223
212 0.271119949873
213 0.2856948266
214 0.301413899256
215 0.317105729152
216 0.332606859727
217 0.352684774021
218 0.372435775193
219 0.395755577955
220 0.418884681396
221 0.444983245702
222 0.472062549378
223 0.500313291743
224 0.52883646171
225 0.557087204076
226 0.583839594628
227 0.611845152151
228 0.63821614406
229 0.662843599313
230 0.68777072493
231 0.709537690359
232 0.730732557823
233 0.75111014248
234 0.768327566949
235 0.785599476939
236 0.801672705479
237 0.816928651211
238 0.831394556897
239 0.843762770044
240 0.857547606724
241 0.867818127333
242 0.876426839567
243 0.885062794562
244 0.891764513581
245 0.898003105675
246 0.904813795734
247 0.909744735337
248 0.913204565887
249 0.916310240554
250 0.919633857302
251 0.922467104367
252 0.923801999619
253 0.925245865911
254 0.926853188765
255 0.928160841256
256 0.930013348953
257 0.931865856649
258 0.93434494783
259 0.935925027924
260 0.937096466614
261 0.938131691503
262 0.939003459831
263 0.939330372953
264 0.939711771597
265 0.94014765576
266 0.941019424088
267 0.941782221375
268 0.942599504182
269 0.944343040837
270 0.94472443948
271 0.945214809164
272 0.946086577492
273 0.946413490615
274 0.946658675457
275 0.947230773422
276 0.947748385866
277 0.948592911434
278 0.949464679761
279 0.95044541913
280 0.951317187457
281 0.952325169586
282 0.95281553927
283 0.953714550358
284 0.954668046967
285 0.955485329774
286 0.956547797423
287 0.958073391996
288 0.959762443131
289 0.961397008745
290 0.962650175716
291 0.964012313728
292 0.965292723459
293 0.966110006266
294 0.966872803552
295 0.967908028441
296 0.968398398126
297 0.969106709892
298 0.97008744926
299 0.971040945869
300 0.97237584112
301 0.974064892255
302 0.975672215109
303 0.977415751764
304 0.9792410167
305 0.981229738197
306 0.983027760373
307 0.984199199063
308 0.985588579835
309 0.986596561964
310 0.987795243414
311 0.989021167625
312 0.989920178713
313 0.991037131882
314 0.992072356771
315 0.99305309614
316 0.994142806549
317 0.994878361076
318 0.995586672842
319 0.996131528046
320 0.996839839813
321 0.997330209497
322 0.998065764023
323 0.998419919906
324 0.99880131855
325 0.999291688234
326 0.999509630316
327 0.999564115836
328 0.999591358596
329 0.999700329637
330 0.999863786199
331 0.999891028959
332 0.99994551448
333 0.99997275724
338 1.0
