2 0.153376740131
3 0.226578036887
4 0.288854986787
5 0.347208979214
6 0.400986187921
7 0.448497561773
8 0.492140463672
9 0.533059089547
10 0.569564388264
11 0.602010515705
12 0.632413436129
13 0.660473479173
14 0.68545509031
15 0.70855695099
16 0.729561119133
17 0.7489034789
18 0.767782711744
19 0.784673223091
20 0.800119868145
21 0.814313346228
22 0.827744027025
23 0.840139482932
24 0.852126297436
25 0.861988176642
26 0.871359686163
27 0.880431525322
28 0.888168469229
29 0.894788459967
30 0.901817092108
31 0.90786498488
32 0.913831149372
33 0.918952788297
34 0.923556814776
35 0.928297055058
36 0.932601411175
37 0.936388154848
38 0.939847985398
39 0.943634729071
40 0.94698558858
41 0.950336448089
42 0.953169695154
43 0.955948456698
44 0.958100634756
45 0.960225570055
46 0.962350505353
47 0.964148527529
48 0.965864821424
49 0.967444901517
50 0.96894325333
51 0.970141934781
52 0.971558558313
53 0.972811725284
54 0.974391805378
55 0.975399787506
56 0.976543983436
57 0.977742664887
58 0.978614433214
59 0.979758629144
60 0.980630397472
61 0.981638379601
62 0.982428419647
63 0.983218459694
64 0.9838995287
65 0.984607840466
66 0.985288909472
67 0.986051706759
68 0.986514833683
69 0.987195902689
70 0.987822486174
71 0.988231127578
72 0.988721497262
73 0.989048410385
74 0.989239109707
75 0.989865693192
76 0.990274334596
77 0.99076470428
78 0.991200588444
79 0.991554744327
80 0.99190890021
81 0.992072356771
82 0.992317541613
83 0.992698940257
84 0.992971367859
85 0.993216552701
86 0.993488980303
87 0.993679679625
88 0.993924864467
89 0.994170049309
90 0.994360748631
91 0.994578690713
92 0.994687661754
93 0.994714904514
94 0.994823875555
95 0.995014574877
96 0.995259759719
97 0.995477701801
98 0.995668401122
99 0.995913585965
100 0.996104285286
101 0.996322227368
102 0.996431198409
103 0.99651292669
104 0.99659465497
105 0.996676383251
106 0.996812597052
107 0.996976053614
108 0.997057781894
109 0.997112267415
110 0.997221238456
111 0.997330209497
112 0.997493666058
113 0.997602637099
114 0.99771160814
115 0.997766093661
116 0.997956792982
117 0.998038521263
118 0.998093006783
119 0.998174735064
120 0.998201977824
121 0.998256463345
123 0.998310948865
124 0.998392677146
126 0.998447162667
127 0.998474405427
129 0.998528890947
130 0.998556133707
131 0.998610619228
132 0.998692347509
137 0.998746833029
139 0.99880131855
140 0.99882856131
141 0.99888304683
142 0.998910289591
143 0.998937532351
144 0.998992017871
145 0.999019260631
146 0.999073746152
147 0.999100988912
149 0.999128231672
152 0.999155474433
153 0.999291688234
154 0.999346173754
155 0.999373416515
156 0.999400659275
157 0.999455144795
160 0.999509630316
161 0.999536873076
162 0.999564115836
164 0.999591358596
167 0.999618601357
169 0.999645844117
171 0.999673086877
174 0.999700329637
176 0.999727572398
179 0.999754815158
182 0.999782057918
191 0.999809300678
197 0.999836543439
212 0.999863786199
221 0.999891028959
239 0.999918271719
273 0.99994551448
283 0.99997275724
308 1.0
