6 0
7 0.000946073793756
93 0.0889309366131
102 0.0898770104068
103 0.0927152317881
104 0.0936613055818
105 0.0964995269631
106 0.0983916745506
107 0.106906338694
108 0.111636707663
109 0.114474929044
110 0.119205298013
111 0.13339640492
112 0.14096499527
113 0.176915799432
114 0.199621570482
115 0.208136234626
116 0.221381267739
117 0.237464522233
118 0.243140964995
119 0.247871333964
120 0.298013245033
121 0.304635761589
122 0.313150425733
125 0.32734153264
126 0.330179754021
127 0.358561967833
128 0.363292336802
129 0.376537369915
130 0.396404919584
131 0.438978240303
132 0.47114474929
133 0.509933774834
134 0.539262062441
135 0.585619678335
136 0.647114474929
137 0.696310312204
138 0.736991485336
139 0.766319772942
140 0.810785241249
141 0.850520340587
142 0.887417218543
143 0.908230842006
144 0.934720908231
145 0.947965941343
146 0.958372753075
147 0.974456007569
148 0.987701040681
149 0.99243140965
150 0.998107852412
151 1.0
