4 0
5 0.000418060200669
7 0.00376254180602
8 0.00627090301003
9 0.0104515050167
10 0.0142140468227
11 0.0196488294314
12 0.0296822742475
13 0.0401337792642
14 0.0489130434783
15 0.0547658862876
16 0.065635451505
17 0.0731605351171
18 0.0773411371237
19 0.0794314381271
20 0.0831939799331
21 0.0852842809365
22 0.0890468227425
23 0.0915551839465
24 0.0940635451505
25 0.0982441471572
26 0.102006688963
27 0.105769230769
28 0.107441471572
29 0.109531772575
30 0.113294314381
31 0.114966555184
32 0.115802675585
33 0.121655518395
34 0.127090301003
35 0.129598662207
36 0.131688963211
37 0.139214046823
38 0.142976588629
39 0.15008361204
40 0.155518394649
41 0.160117056856
42 0.164715719064
43 0.170568561873
44 0.172658862876
45 0.176839464883
46 0.179765886288
47 0.181856187291
48 0.183528428094
49 0.185200668896
50 0.186454849498
51 0.189799331104
52 0.192307692308
53 0.194816053512
54 0.197324414716
55 0.201923076923
56 0.204013377926
57 0.207357859532
58 0.211956521739
59 0.214882943144
60 0.219063545151
61 0.221571906355
62 0.22491638796
63 0.229933110368
64 0.233695652174
65 0.237876254181
66 0.242056856187
67 0.242892976589
68 0.245819397993
69 0.247491638796
70 0.252508361204
71 0.255016722408
72 0.257943143813
73 0.260451505017
74 0.264632107023
75 0.267558528428
76 0.269648829431
77 0.272157190635
78 0.274665551839
79 0.279682274247
80 0.282190635452
81 0.286371237458
82 0.288879598662
83 0.290133779264
84 0.295150501672
85 0.298494983278
86 0.301421404682
87 0.303929765886
88 0.30643812709
89 0.308528428094
90 0.311872909699
91 0.316053511706
92 0.321070234114
93 0.322742474916
94 0.323578595318
95 0.32483277592
96 0.329431438127
97 0.33152173913
98 0.333193979933
99 0.335702341137
100 0.33737458194
101 0.339882943144
102 0.340719063545
103 0.341137123746
104 0.344063545151
105 0.345317725753
106 0.347408026756
107 0.349080267559
108 0.352006688963
109 0.354515050167
110 0.356605351171
111 0.359531772575
112 0.361204013378
113 0.36245819398
115 0.364548494983
116 0.368311036789
117 0.369565217391
118 0.369983277592
119 0.371237458194
120 0.373327759197
121 0.375
122 0.377508361204
123 0.380434782609
124 0.38127090301
125 0.382943143813
126 0.383361204013
127 0.386287625418
128 0.387959866221
129 0.389214046823
130 0.389632107023
131 0.390886287625
132 0.392140468227
133 0.39381270903
134 0.395484949833
136 0.397993311037
137 0.399247491639
138 0.40008361204
139 0.401755852843
140 0.403010033445
141 0.405518394649
142 0.406772575251
143 0.409280936455
144 0.410535117057
145 0.411789297659
146 0.413879598662
147 0.414297658863
148 0.415551839465
149 0.416806020067
150 0.41847826087
151 0.419732441472
152 0.422240802676
153 0.423494983278
154 0.425585284281
155 0.427675585284
156 0.429347826087
157 0.43102006689
158 0.431856187291
159 0.434364548495
160 0.435200668896
161 0.436454849498
162 0.4377090301
163 0.440217391304
164 0.442725752508
166 0.44397993311
167 0.444816053512
168 0.445234113712
169 0.446488294314
170 0.448160535117
171 0.44983277592
172 0.450668896321
173 0.452759197324
174 0.454431438127
175 0.455267558528
176 0.456939799331
178 0.457357859532
179 0.458193979933
180 0.459448160535
181 0.460284280936
182 0.461120401338
183 0.463628762542
184 0.464882943144
185 0.465719063545
186 0.466973244147
187 0.467809364548
188 0.469063545151
189 0.469899665552
190 0.471571906355
192 0.473244147157
193 0.474498327759
194 0.47491638796
195 0.475752508361
196 0.476170568562
197 0.478260869565
199 0.479933110368
200 0.482859531773
202 0.486204013378
203 0.487040133779
204 0.48745819398
205 0.488294314381
206 0.489966555184
207 0.491638795987
208 0.493311036789
209 0.495401337793
210 0.496237458194
211 0.497491638796
212 0.498327759197
213 0.499163879599
214 0.501254180602
215 0.501672240803
216 0.502090301003
217 0.503344481605
218 0.503762541806
219 0.505016722408
221 0.505434782609
222 0.50627090301
223 0.507943143813
224 0.510033444816
225 0.511705685619
226 0.512123745819
227 0.51254180602
228 0.512959866221
230 0.513795986622
231 0.515468227425
232 0.516304347826
233 0.517558528428
234 0.519648829431
235 0.520066889632
236 0.521321070234
237 0.521739130435
238 0.522157190635
239 0.522993311037
240 0.524665551839
241 0.52508361204
242 0.526337792642
243 0.526755852843
244 0.527173913043
245 0.527591973244
246 0.529264214047
249 0.530936454849
251 0.53135451505
252 0.532190635452
253 0.533862876254
254 0.535535117057
255 0.536789297659
256 0.538461538462
257 0.539715719064
258 0.540133779264
259 0.542642140468
260 0.543060200669
261 0.544314381271
262 0.545568561873
263 0.546822742475
264 0.548076923077
265 0.548494983278
266 0.548913043478
267 0.549331103679
268 0.54974916388
269 0.551003344482
270 0.552675585284
271 0.553511705686
272 0.555183946488
274 0.556856187291
275 0.558110367893
276 0.558946488294
280 0.559364548495
282 0.561036789298
283 0.5622909699
287 0.563127090301
288 0.563545150502
289 0.564381270903
290 0.564799331104
291 0.565635451505
292 0.566053511706
293 0.567307692308
294 0.569816053512
295 0.571070234114
297 0.571488294314
299 0.572742474916
301 0.573160535117
302 0.573996655518
303 0.574414715719
304 0.57483277592
305 0.576086956522
306 0.576923076923
307 0.577341137124
308 0.577759197324
309 0.578177257525
310 0.579431438127
311 0.580267558528
312 0.580685618729
315 0.58152173913
316 0.581939799331
317 0.582357859532
318 0.583612040134
319 0.584030100334
320 0.584448160535
322 0.584866220736
326 0.586120401338
327 0.586538461538
328 0.586956521739
329 0.589464882943
330 0.589882943144
331 0.590301003344
332 0.591973244147
333 0.592391304348
334 0.593227424749
335 0.594063545151
336 0.594899665552
339 0.595317725753
340 0.595735785953
342 0.596571906355
343 0.596989966555
345 0.598662207358
348 0.599080267559
349 0.599498327759
350 0.600334448161
351 0.601588628763
352 0.602006688963
354 0.602842809365
355 0.603260869565
356 0.603678929766
358 0.604515050167
359 0.605351170569
361 0.605769230769
362 0.607023411371
363 0.607441471572
364 0.607859531773
365 0.608277591973
367 0.609113712375
368 0.609531772575
370 0.609949832776
371 0.611204013378
372 0.612876254181
374 0.613294314381
375 0.613712374582
376 0.614548494983
377 0.614966555184
378 0.616638795987
379 0.617056856187
380 0.617474916388
382 0.618311036789
383 0.61872909699
384 0.619147157191
388 0.619565217391
391 0.619983277592
392 0.620401337793
393 0.621237458194
396 0.622491638796
397 0.623327759197
399 0.624163879599
401 0.625
402 0.625836120401
403 0.626254180602
405 0.627090301003
406 0.627926421405
409 0.628762541806
410 0.629180602007
411 0.629598662207
414 0.630016722408
415 0.630852842809
416 0.631688963211
417 0.632107023411
418 0.632525083612
419 0.632943143813
420 0.633779264214
421 0.634197324415
422 0.635033444816
423 0.635451505017
425 0.635869565217
428 0.636287625418
429 0.636705685619
430 0.637123745819
432 0.63754180602
433 0.637959866221
434 0.638377926421
436 0.638795986622
437 0.639214046823
438 0.639632107023
439 0.640050167224
440 0.640468227425
441 0.641304347826
443 0.641722408027
445 0.642140468227
448 0.642976588629
449 0.644230769231
450 0.645066889632
452 0.645484949833
453 0.646321070234
455 0.646739130435
456 0.647157190635
457 0.647575250836
459 0.647993311037
461 0.648411371237
462 0.649665551839
463 0.650501672241
465 0.650919732441
468 0.651755852843
469 0.652591973244
471 0.653010033445
472 0.653428093645
473 0.654682274247
475 0.655100334448
476 0.655518394649
477 0.655936454849
479 0.65635451505
480 0.656772575251
481 0.657608695652
482 0.658026755853
490 0.658444816054
494 0.658862876254
497 0.659280936455
498 0.659698996656
499 0.660117056856
500 0.660535117057
501 0.660953177258
502 0.661371237458
504 0.661789297659
506 0.66220735786
507 0.66262541806
510 0.663043478261
513 0.663879598662
514 0.664297658863
516 0.664715719064
517 0.665133779264
518 0.665551839465
519 0.665969899666
520 0.666387959866
525 0.666806020067
526 0.667224080268
528 0.667642140468
531 0.668060200669
532 0.66847826087
534 0.66889632107
537 0.669314381271
538 0.669732441472
541 0.670568561873
542 0.670986622074
544 0.671404682274
545 0.672240802676
550 0.673076923077
555 0.673913043478
557 0.67474916388
560 0.67516722408
564 0.675585284281
566 0.676003344482
568 0.676421404682
569 0.676839464883
572 0.677257525084
573 0.677675585284
575 0.678093645485
576 0.678929765886
578 0.679765886288
581 0.680183946488
582 0.682274247492
583 0.682692307692
585 0.683946488294
587 0.684364548495
588 0.685618729097
589 0.686036789298
590 0.686454849498
591 0.6877090301
593 0.688127090301
594 0.688545150502
595 0.688963210702
599 0.689799331104
601 0.690217391304
602 0.691053511706
603 0.691471571906
605 0.691889632107
611 0.692307692308
621 0.692725752508
622 0.693143812709
625 0.69356187291
626 0.69397993311
627 0.694397993311
631 0.695234113712
634 0.695652173913
641 0.696488294314
648 0.697324414716
649 0.697742474916
652 0.698160535117
654 0.698578595318
655 0.698996655518
657 0.699414715719
661 0.69983277592
665 0.70025083612
668 0.700668896321
669 0.701086956522
671 0.701505016722
672 0.701923076923
673 0.702341137124
674 0.702759197324
675 0.703177257525
677 0.703595317726
680 0.704013377926
682 0.704431438127
683 0.704849498328
694 0.705267558528
697 0.70610367893
701 0.70652173913
706 0.706939799331
707 0.707357859532
709 0.707775919732
711 0.708193979933
717 0.708612040134
719 0.709030100334
721 0.709448160535
723 0.709866220736
725 0.710284280936
727 0.710702341137
730 0.71237458194
732 0.71279264214
733 0.713210702341
737 0.713628762542
739 0.714046822742
743 0.714464882943
745 0.714882943144
747 0.715301003344
748 0.715719063545
754 0.716137123746
759 0.716973244147
768 0.717391304348
776 0.718227424749
777 0.71864548495
778 0.719063545151
780 0.719481605351
787 0.719899665552
797 0.720735785953
798 0.721153846154
799 0.721571906355
800 0.721989966555
806 0.722408026756
812 0.722826086957
814 0.723244147157
816 0.723662207358
825 0.724498327759
826 0.72491638796
827 0.725334448161
830 0.725752508361
831 0.727006688963
836 0.727424749164
846 0.727842809365
847 0.728260869565
850 0.728678929766
851 0.729515050167
857 0.729933110368
858 0.730351170569
859 0.730769230769
860 0.73118729097
862 0.731605351171
866 0.732023411371
874 0.732441471572
876 0.732859531773
878 0.733277591973
886 0.733695652174
890 0.734113712375
892 0.734531772575
900 0.734949832776
909 0.735367892977
911 0.735785953177
915 0.736622073579
916 0.737040133779
920 0.73745819398
922 0.737876254181
925 0.738294314381
927 0.738712374582
933 0.739130434783
936 0.739548494983
940 0.739966555184
947 0.740802675585
950 0.741220735786
953 0.741638795987
963 0.742056856187
977 0.742474916388
981 0.742892976589
984 0.74372909699
985 0.744147157191
986 0.744565217391
990 0.744983277592
991 0.745401337793
992 0.745819397993
995 0.746237458194
997 0.746655518395
1000 0.747073578595
1002 0.747491638796
1021 0.747909698997
1022 0.748327759197
1025 0.748745819398
1032 0.749163879599
1039 0.749581939799
1045 0.75
1047 0.750418060201
1056 0.750836120401
1057 0.751254180602
1063 0.751672240803
1064 0.752090301003
1067 0.752508361204
1089 0.752926421405
1099 0.753344481605
1104 0.753762541806
1125 0.754180602007
1132 0.754598662207
1136 0.755016722408
1147 0.755434782609
1151 0.755852842809
1154 0.75627090301
1161 0.756688963211
1164 0.757107023411
1166 0.757525083612
1170 0.757943143813
1181 0.758361204013
1183 0.758779264214
1186 0.759197324415
1206 0.759615384615
1226 0.760033444816
1236 0.760451505017
1238 0.761287625418
1241 0.761705685619
1243 0.762123745819
1254 0.76254180602
1255 0.762959866221
1257 0.763377926421
1267 0.763795986622
1276 0.764214046823
1281 0.764632107023
1284 0.765050167224
1288 0.765468227425
1289 0.765886287625
1293 0.766304347826
1300 0.766722408027
1306 0.767140468227
1320 0.767558528428
1322 0.767976588629
1323 0.768394648829
1327 0.76881270903
1337 0.769230769231
1350 0.769648829431
1359 0.770066889632
1364 0.770484949833
1376 0.770903010033
1383 0.771321070234
1384 0.771739130435
1391 0.772157190635
1403 0.772575250836
1424 0.772993311037
1426 0.773411371237
1427 0.773829431438
1436 0.774247491639
1450 0.774665551839
1471 0.77508361204
1476 0.775501672241
1480 0.775919732441
1488 0.776337792642
1504 0.776755852843
1509 0.777591973244
1512 0.778010033445
1540 0.778428093645
1548 0.778846153846
1562 0.779264214047
1566 0.779682274247
1582 0.780100334448
1626 0.780518394649
1639 0.780936454849
1724 0.78135451505
1728 0.781772575251
1733 0.782190635452
1752 0.782608695652
1754 0.783026755853
1770 0.783444816054
1772 0.783862876254
1782 0.784280936455
1783 0.784698996656
1793 0.785117056856
1797 0.785535117057
1868 0.785953177258
1872 0.786371237458
1874 0.786789297659
1877 0.78720735786
1883 0.78762541806
1884 0.788043478261
1891 0.788461538462
1906 0.788879598662
1911 0.789297658863
1950 0.789715719064
2059 0.790133779264
2520 0.790551839465
2549 0.790969899666
2557 0.791387959866
2568 0.791806020067
2579 0.792224080268
2583 0.792642140468
2584 0.79347826087
2588 0.794732441472
2593 0.795150501672
2594 0.795986622074
2595 0.796404682274
2596 0.797240802676
2600 0.797658862876
2603 0.798494983278
2604 0.799331103679
2605 0.80016722408
2606 0.800585284281
2607 0.801003344482
2608 0.801421404682
2609 0.803093645485
2611 0.803511705686
2612 0.803929765886
2613 0.804347826087
2615 0.804765886288
2634 1.0
