4 0
5 1
6 0
6 0
7 8
8 6
9 10
10 9
11 13
12 24
13 25
14 21
15 14
16 26
17 18
18 10
19 5
20 9
21 5
22 9
23 6
25 10
26 9
28 4
29 5
30 9
31 4
32 2
33 14
34 13
35 6
36 5
37 18
38 9
39 17
40 13
41 11
43 14
44 5
45 10
46 7
47 5
48 4
50 3
51 8
52 6
55 11
56 5
57 8
58 11
59 7
60 10
61 6
62 8
63 12
64 9
65 10
67 2
68 7
69 4
70 12
71 6
72 7
73 6
74 10
75 7
76 5
77 6
79 12
80 6
81 10
82 6
83 3
84 12
85 8
86 7
87 6
89 5
90 8
91 10
92 12
93 4
94 2
95 3
96 11
97 5
98 4
99 6
100 4
101 6
102 2
103 1
104 7
105 3
106 5
107 4
108 7
109 6
110 5
111 7
112 4
113 3
114 0
114 0
115 5
116 9
117 3
118 1
119 3
120 5
121 4
122 6
123 7
124 2
125 4
126 1
127 7
128 4
129 3
130 1
131 3
133 4
135 0
135 0
136 6
137 3
138 2
139 4
140 3
141 6
142 3
143 6
144 3
146 5
147 1
148 3
150 4
151 3
152 6
153 3
154 5
156 4
158 2
159 6
160 2
161 3
163 6
165 0
165 0
166 3
167 2
168 1
169 3
170 4
172 2
173 5
174 4
175 2
176 4
177 0
177 0
178 1
179 2
180 3
181 2
183 6
184 3
185 2
186 3
187 2
188 3
189 2
190 4
191 0
191 0
192 4
193 3
194 1
195 2
196 1
197 5
198 0
198 0
199 4
200 7
201 0
201 0
202 8
203 2
204 1
205 2
206 4
209 5
210 2
211 3
212 2
214 5
215 1
217 3
218 1
219 3
220 0
220 0
221 1
222 2
223 4
224 5
225 4
226 1
229 0
229 0
230 2
231 4
232 2
233 3
234 5
235 1
236 3
237 1
239 2
240 4
241 1
242 3
243 1
246 4
247 0
248 0
249 4
250 0
250 0
251 1
252 2
253 4
255 3
256 4
257 3
258 1
259 6
260 1
261 3
265 1
269 3
270 4
271 2
272 4
273 0
273 0
274 4
275 3
276 2
277 0
279 0
280 1
281 0
281 0
282 4
283 3
284 0
286 0
287 2
288 1
289 2
290 1
291 2
292 1
293 3
294 6
295 3
296 0
296 0
297 1
298 0
298 0
299 3
300 0
300 0
301 1
302 2
303 1
305 3
306 2
307 1
310 3
311 2
312 1
313 0
314 0
315 2
316 1
318 3
319 1
321 0
321 0
322 1
323 0
325 0
326 3
327 1
329 6
330 1
332 4
333 1
334 2
337 0
338 0
339 1
341 0
341 0
342 2
343 1
344 0
344 0
345 4
346 0
347 0
348 1
350 2
351 3
352 1
353 0
353 0
354 2
355 1
357 0
357 0
358 2
360 0
360 0
361 1
362 3
363 1
366 0
366 0
367 2
368 1
369 0
369 0
370 1
371 3
372 4
373 0
373 0
374 1
376 2
377 1
378 4
379 1
381 0
381 0
382 2
383 1
385 0
387 0
388 1
389 0
390 0
391 1
393 2
394 0
395 0
396 3
397 2
398 0
398 0
399 2
400 0
400 0
401 2
403 1
404 0
404 0
405 2
407 0
408 0
409 2
410 1
412 0
413 0
414 1
415 2
417 1
420 2
421 1
422 2
423 1
424 0
424 0
425 1
426 0
427 0
428 1
431 0
431 0
432 1
435 0
435 0
436 1
441 2
442 0
442 0
443 1
444 0
444 0
445 1
446 0
447 0
448 2
449 3
450 2
451 0
451 0
452 1
453 2
454 0
454 0
455 1
458 0
458 0
459 1
460 0
460 0
461 1
462 3
463 2
464 0
464 0
465 1
466 0
467 0
468 2
470 0
470 0
471 1
473 3
474 0
474 0
475 1
478 0
478 0
479 1
481 2
482 1
483 0
489 0
490 1
491 0
493 0
494 1
495 0
496 0
497 1
503 0
503 0
504 1
505 0
505 0
506 1
508 0
509 0
510 1
511 0
512 0
513 2
514 1
515 0
515 0
516 1
521 0
524 0
525 1
527 0
527 0
528 1
529 0
530 0
531 1
533 0
533 0
534 1
535 0
536 0
537 1
539 0
540 0
541 2
542 1
543 0
543 0
544 1
545 2
546 0
549 0
550 2
551 0
554 0
555 2
556 0
556 0
557 2
558 0
559 0
560 1
561 0
563 0
564 1
565 0
565 0
566 1
567 0
567 0
568 1
570 0
571 0
572 1
574 0
574 0
575 1
576 2
577 0
577 0
578 2
579 0
580 0
581 1
582 5
583 1
584 0
584 0
585 3
586 0
586 0
587 1
588 3
589 1
591 3
592 0
592 0
593 1
596 0
598 0
599 2
600 0
600 0
601 1
602 2
603 1
604 0
604 0
605 1
606 0
610 0
611 1
612 0
620 0
621 1
623 0
624 0
625 1
628 0
630 0
631 2
632 0
633 0
634 1
635 0
640 0
641 2
642 0
647 0
648 2
649 1
650 0
651 0
652 1
653 0
653 0
654 1
656 0
656 0
657 1
658 0
660 0
661 1
662 0
664 0
665 1
666 0
667 0
668 1
670 0
670 0
671 1
676 0
676 0
677 1
678 0
679 0
680 1
681 0
681 0
682 1
684 0
693 0
694 1
695 0
696 0
697 2
698 0
700 0
701 1
702 0
705 0
706 1
708 0
708 0
709 1
710 0
710 0
711 1
712 0
716 0
717 1
718 0
718 0
719 1
720 0
720 0
721 1
722 0
722 0
723 1
724 0
724 0
725 1
726 0
726 0
727 1
728 0
729 0
730 4
731 0
731 0
732 1
734 0
736 0
737 1
738 0
738 0
739 1
740 0
742 0
743 1
744 0
744 0
745 1
746 0
746 0
747 1
749 0
753 0
754 1
755 0
758 0
759 2
760 0
767 0
768 1
769 0
775 0
776 2
777 1
779 0
779 0
780 1
781 0
786 0
787 1
788 0
796 0
797 2
798 1
801 0
805 0
806 1
807 0
811 0
812 1
813 0
813 0
814 1
815 0
815 0
816 1
817 0
824 0
825 2
826 1
828 0
829 0
830 1
831 3
832 0
835 0
836 1
837 0
845 0
846 1
848 0
849 0
850 1
851 2
852 0
856 0
857 1
861 0
861 0
862 1
863 0
865 0
866 1
867 0
873 0
874 1
875 0
875 0
876 1
877 0
877 0
878 1
879 0
885 0
886 1
887 0
889 0
890 1
891 0
891 0
892 1
893 0
899 0
900 1
901 0
908 0
909 1
910 0
910 0
911 1
912 0
914 0
915 2
916 1
917 0
919 0
920 1
921 0
921 0
922 1
923 0
924 0
925 1
926 0
926 0
927 1
928 0
932 0
933 1
934 0
935 0
936 1
937 0
939 0
940 1
941 0
946 0
947 2
948 0
949 0
950 1
951 0
952 0
953 1
954 0
962 0
963 1
964 0
976 0
977 1
978 0
980 0
981 1
982 0
983 0
984 2
985 1
987 0
989 0
990 1
993 0
994 0
995 1
996 0
996 0
997 1
998 0
999 0
1000 1
1001 0
1001 0
1002 1
1003 0
1020 0
1021 1
1023 0
1024 0
1025 1
1026 0
1031 0
1032 1
1033 0
1038 0
1039 1
1040 0
1044 0
1045 1
1046 0
1046 0
1047 1
1048 0
1055 0
1056 1
1058 0
1062 0
1063 1
1065 0
1066 0
1067 1
1068 0
1088 0
1089 1
1090 0
1098 0
1099 1
1100 0
1103 0
1104 1
1105 0
1124 0
1125 1
1126 0
1131 0
1132 1
1133 0
1135 0
1136 1
1137 0
1146 0
1147 1
1148 0
1150 0
1151 1
1152 0
1153 0
1154 1
1155 0
1160 0
1161 1
1162 0
1163 0
1164 1
1165 0
1165 0
1166 1
1167 0
1169 0
1170 1
1171 0
1180 0
1181 1
1182 0
1182 0
1183 1
1184 0
1185 0
1186 1
1187 0
1205 0
1206 1
1207 0
1225 0
1226 1
1227 0
1235 0
1236 1
1237 0
1237 0
1238 2
1239 0
1240 0
1241 1
1242 0
1242 0
1243 1
1244 0
1253 0
1254 1
1256 0
1256 0
1257 1
1258 0
1266 0
1267 1
1268 0
1275 0
1276 1
1277 0
1280 0
1281 1
1282 0
1283 0
1284 1
1285 0
1287 0
1288 1
1290 0
1292 0
1293 1
1294 0
1299 0
1300 1
1301 0
1305 0
1306 1
1307 0
1319 0
1320 1
1321 0
1321 0
1322 1
1324 0
1326 0
1327 1
1328 0
1336 0
1337 1
1338 0
1349 0
1350 1
1351 0
1358 0
1359 1
1360 0
1363 0
1364 1
1365 0
1375 0
1376 1
1377 0
1382 0
1383 1
1385 0
1390 0
1391 1
1392 0
1402 0
1403 1
1404 0
1423 0
1424 1
1425 0
1425 0
1426 1
1428 0
1435 0
1436 1
1437 0
1449 0
1450 1
1451 0
1470 0
1471 1
1472 0
1475 0
1476 1
1477 0
1479 0
1480 1
1481 0
1487 0
1488 1
1489 0
1503 0
1504 1
1505 0
1508 0
1509 2
1510 0
1511 0
1512 1
1513 0
1539 0
1540 1
1541 0
1547 0
1548 1
1549 0
1561 0
1562 1
1563 0
1565 0
1566 1
1567 0
1581 0
1582 1
1583 0
1625 0
1626 1
1627 0
1638 0
1639 1
1640 0
1723 0
1724 1
1725 0
1727 0
1728 1
1729 0
1732 0
1733 1
1734 0
1751 0
1752 1
1753 0
1753 0
1754 1
1755 0
1769 0
1770 1
1771 0
1771 0
1772 1
1773 0
1781 0
1782 1
1784 0
1792 0
1793 1
1794 0
1796 0
1797 1
1798 0
1867 0
1868 1
1869 0
1871 0
1872 1
1873 0
1873 0
1874 1
1875 0
1876 0
1877 1
1878 0
1882 0
1883 1
1885 0
1890 0
1891 1
1892 0
1905 0
1906 1
1907 0
1910 0
1911 1
1912 0
1949 0
1950 1
1951 0
2058 0
2059 1
2060 0
2519 0
2520 1
2521 0
2548 0
2549 1
2550 0
2556 0
2557 1
2558 0
2567 0
2568 1
2569 0
2578 0
2579 1
2580 0
2582 0
2583 1
2584 2
2585 0
2587 0
2588 3
2589 0
2592 0
2593 1
2594 2
2595 1
2596 2
2597 0
2599 0
2600 1
2601 0
2602 0
2603 2
2606 1
2609 4
2610 0
2610 0
2611 1
2614 0
2614 0
2615 1
2616 0
2633 0
2634 467
