6 0
7 1
8 0
92 0
93 93
94 0
131 0
132 1
133 0
170 0
171 78
172 0
220 0
221 1
222 8
223 9
224 11
225 13
226 8
227 6
228 7
229 5
230 0
230 0
231 1
233 0
234 0
235 1
236 0
286 0
287 1
288 0
288 0
289 3
290 2
291 5
292 8
293 9
295 7
296 6
297 7
298 4
299 2
300 1
302 0
302 0
303 1
304 0
336 0
337 4
338 1
340 7
341 10
342 6
343 5
344 6
345 7
346 5
347 6
348 1
349 3
350 0
350 0
351 2
352 0
388 0
389 1
390 0
409 0
410 3
411 0
412 0
413 2
415 1
416 5
417 6
418 8
419 7
423 3
424 4
426 1
428 0
429 0
430 1
431 0
433 0
434 1
435 0
441 0
442 1
444 2
445 5
447 6
448 4
449 1
450 3
451 4
452 3
453 2
454 5
455 2
456 4
457 1
458 0
458 0
459 1
460 0
486 0
487 2
488 0
489 0
490 1
491 0
491 0
492 2
494 3
495 4
496 3
497 4
498 1
499 3
500 4
501 5
502 0
502 0
503 2
505 0
516 0
517 1
518 0
518 0
519 3
520 2
523 1
524 3
525 2
526 5
527 2
528 3
529 2
531 1
532 2
533 1
536 0
549 0
550 1
551 0
551 0
552 3
553 0
555 0
556 2
557 0
557 0
558 1
560 2
561 0
561 0
562 2
563 1
564 0
564 0
565 1
566 0
566 0
567 2
568 0
568 0
569 3
570 0
570 0
571 1
573 2
574 3
575 1
576 4
577 1
578 2
580 6
581 2
582 6
583 2
584 4
586 2
587 4
588 1
590 0
590 0
591 2
592 4
595 2
597 1
598 2
599 1
600 3
601 0
602 0
603 2
604 3
605 1
606 0
606 0
607 2
608 1
609 2
611 1
612 2
613 3
614 5
615 8
616 13
617 5
618 6
620 4
621 1
623 0
624 0
625 3
626 1
627 0
632 0
633 1
634 0
634 0
635 3
636 2
637 0
644 0
645 1
647 3
648 0
648 0
649 2
650 0
651 0
652 1
653 0
653 0
654 1
656 3
657 7
658 15
659 4
660 3
661 6
662 0
664 0
665 2
666 0
666 0
667 1
668 0
668 0
669 1
670 0
670 0
671 5
673 7
674 3
675 5
676 8
677 7
678 3
679 4
680 0
680 0
681 2
682 3
683 0
683 0
684 2
685 1
686 0
687 0
688 2
689 1
692 2
694 3
695 4
696 3
697 1
698 0
698 0
699 5
700 3
701 1
702 2
703 3
705 2
706 8
707 2
708 9
709 6
710 2
711 8
712 3
713 2
714 6
715 1
716 3
717 4
718 5
719 2
722 1
724 0
724 0
725 2
726 0
728 0
729 3
730 1
731 2
732 1
733 4
734 1
735 5
737 4
738 5
739 3
740 7
741 1
743 3
745 4
746 9
747 4
748 3
749 5
750 3
751 2
752 5
753 3
754 6
755 2
756 1
758 3
759 2
