6 0
7 0.000946073793756
93 0.0889309366131
132 0.0898770104068
171 0.16367076632
221 0.164616840114
222 0.172185430464
223 0.180700094607
224 0.191106906339
225 0.203405865658
226 0.210974456008
227 0.21665089877
228 0.223273415326
229 0.228003784295
231 0.228949858089
232 0.229895931883
235 0.230842005676
287 0.23178807947
289 0.234626300851
290 0.236518448439
291 0.241248817408
292 0.248817407758
293 0.257332071902
294 0.265846736045
295 0.272469252602
296 0.278145695364
297 0.284768211921
298 0.288552507096
299 0.290444654683
300 0.291390728477
301 0.292336802271
303 0.293282876064
337 0.297067171239
338 0.298013245033
339 0.298959318827
340 0.305581835383
341 0.315042573321
342 0.320719016083
343 0.325449385052
344 0.331125827815
345 0.337748344371
346 0.34247871334
347 0.348155156102
348 0.349101229896
349 0.351939451277
351 0.353831598865
389 0.354777672658
410 0.35761589404
413 0.359508041627
414 0.361400189215
415 0.362346263009
416 0.367076631977
417 0.37275307474
418 0.38032166509
419 0.386944181646
420 0.393566698202
421 0.400189214759
422 0.406811731315
423 0.409649952696
424 0.413434247871
425 0.417218543046
426 0.41816461684
427 0.419110690634
430 0.420056764428
434 0.421002838221
442 0.421948912015
443 0.422894985809
444 0.424787133396
445 0.429517502365
446 0.434247871334
447 0.439924314096
448 0.443708609272
449 0.444654683065
450 0.447492904447
451 0.451277199622
452 0.454115421003
453 0.45600756859
454 0.460737937559
455 0.462630085147
456 0.466414380322
457 0.467360454115
459 0.468306527909
487 0.470198675497
490 0.47114474929
492 0.473036896878
493 0.474929044465
494 0.477767265847
495 0.481551561022
496 0.484389782403
497 0.488174077578
498 0.489120151372
499 0.491958372753
500 0.495742667928
501 0.500473036897
503 0.502365184484
504 0.504257332072
517 0.505203405866
519 0.508041627247
520 0.509933774834
521 0.511825922422
522 0.513718070009
523 0.514664143803
524 0.517502365184
525 0.519394512772
526 0.524124881741
527 0.526017029328
528 0.52885525071
529 0.530747398297
530 0.532639545885
531 0.533585619678
532 0.535477767266
533 0.53642384106
534 0.537369914853
535 0.538315988647
550 0.539262062441
552 0.542100283822
556 0.54399243141
558 0.544938505203
559 0.545884578997
560 0.547776726585
562 0.549668874172
563 0.550614947966
565 0.55156102176
567 0.553453169347
569 0.556291390728
571 0.557237464522
572 0.558183538316
573 0.560075685904
574 0.562913907285
575 0.563859981079
576 0.567644276254
577 0.568590350047
578 0.570482497635
579 0.572374645222
580 0.578051087985
581 0.579943235572
582 0.585619678335
583 0.587511825922
584 0.591296121097
585 0.595080416272
586 0.59697256386
587 0.600756859035
588 0.601702932829
589 0.602649006623
591 0.60454115421
592 0.608325449385
593 0.61210974456
594 0.615894039735
595 0.617786187323
596 0.61967833491
597 0.620624408704
598 0.622516556291
599 0.623462630085
600 0.626300851466
603 0.628192999054
604 0.631031220435
605 0.631977294229
607 0.633869441816
608 0.63481551561
609 0.636707663198
610 0.638599810785
611 0.639545884579
612 0.641438032167
613 0.644276253548
614 0.649006622517
615 0.656575212867
616 0.668874172185
617 0.673604541154
618 0.679280983917
619 0.684957426679
620 0.688741721854
621 0.689687795648
622 0.690633869442
625 0.693472090823
626 0.694418164617
633 0.695364238411
635 0.698202459792
636 0.700094607379
645 0.701040681173
646 0.701986754967
647 0.704824976348
649 0.706717123936
652 0.707663197729
654 0.708609271523
655 0.709555345317
656 0.712393566698
657 0.719016083254
658 0.733207190161
659 0.736991485336
660 0.739829706717
661 0.74550614948
665 0.747398297067
667 0.748344370861
669 0.749290444655
671 0.754020813623
672 0.758751182592
673 0.765373699149
674 0.76821192053
675 0.772942289499
676 0.780510879849
677 0.787133396405
678 0.789971617786
679 0.793755912961
681 0.795648060549
682 0.79848628193
684 0.800378429518
685 0.801324503311
688 0.803216650899
689 0.804162724693
690 0.805108798486
691 0.80605487228
692 0.807947019868
693 0.809839167455
694 0.812677388836
695 0.816461684011
696 0.819299905393
697 0.820245979186
699 0.824976348155
700 0.827814569536
701 0.82876064333
702 0.830652790918
703 0.833491012299
704 0.83632923368
705 0.838221381268
706 0.845789971618
707 0.847682119205
708 0.856196783349
709 0.861873226112
710 0.863765373699
711 0.871333964049
712 0.87417218543
713 0.876064333018
714 0.881740775781
715 0.882686849574
716 0.885525070956
717 0.889309366131
718 0.894039735099
719 0.895931882687
720 0.897824030274
721 0.899716177862
722 0.900662251656
723 0.901608325449
725 0.903500473037
729 0.906338694418
730 0.907284768212
731 0.909176915799
732 0.910122989593
733 0.913907284768
734 0.914853358562
735 0.919583727531
736 0.9243140965
737 0.928098391675
738 0.932828760643
739 0.935666982025
740 0.942289498581
741 0.943235572375
742 0.944181646168
743 0.94701986755
744 0.949858088931
745 0.953642384106
746 0.96215704825
747 0.965941343425
748 0.968779564806
749 0.973509933775
750 0.976348155156
751 0.978240302744
752 0.982970671712
753 0.985808893094
754 0.991485335856
755 0.993377483444
756 0.994323557237
757 0.995269631031
758 0.998107852412
759 1.0
