0 0
1 0.0140845070423
8 0.12676056338
12 0.183098591549
13 0.197183098592
20 0.267605633803
21 0.30985915493
23 0.323943661972
24 0.352112676056
25 0.380281690141
26 0.422535211268
27 0.464788732394
30 0.478873239437
31 0.507042253521
32 0.521126760563
33 0.535211267606
34 0.56338028169
35 0.577464788732
38 0.591549295775
41 0.605633802817
42 0.619718309859
44 0.633802816901
45 0.647887323944
46 0.661971830986
48 0.676056338028
51 0.69014084507
54 0.704225352113
55 0.746478873239
56 0.760563380282
57 0.788732394366
58 0.802816901408
59 0.816901408451
60 0.830985915493
61 0.845070422535
62 0.859154929577
63 0.887323943662
64 0.901408450704
65 0.929577464789
67 0.957746478873
68 0.985915492958
69 1.0
