19 0
20 0.212038023878
21 0.323568990946
22 0.43136431655
23 0.526057983184
24 0.606110519007
25 0.680844879372
26 0.756817276534
27 0.825770543337
28 0.879931961804
29 0.920302726911
30 0.948228530827
31 0.966077791773
32 0.9776399789
33 0.985649538697
34 0.991032307378
35 0.994218906437
36 0.996156703162
37 0.997502395332
38 0.998557417994
39 0.999149522548
40 0.999450957595
41 0.999655502804
42 0.999773923715
43 0.99983851694
44 0.999903110164
45 0.999967703388
46 0.999978468925
48 0.999989234463
49 1.0
