0 0
1 0.0140845070423
8 0.12676056338
12 0.197183098592
20 0.225352112676
21 0.30985915493
24 0.380281690141
25 0.408450704225
26 0.43661971831
27 0.464788732394
29 0.492957746479
34 0.507042253521
35 0.549295774648
36 0.577464788732
38 0.591549295775
40 0.619718309859
43 0.633802816901
45 0.647887323944
46 0.661971830986
47 0.676056338028
53 0.69014084507
54 0.732394366197
55 0.760563380282
58 0.788732394366
60 0.830985915493
61 0.845070422535
62 0.87323943662
64 0.887323943662
65 0.915492957746
66 0.929577464789
68 0.943661971831
69 0.971830985915
70 1.0
