0 0
1 0.000161483060427
2 0.00125956787133
3 0.00567343818967
4 0.0178277298711
5 0.0437296127636
6 0.0865549203889
7 0.149888576688
8 0.231695895101
9 0.328284296311
10 0.430449245874
11 0.537221845428
12 0.638439427704
13 0.726383102413
14 0.803367460087
15 0.865129347931
16 0.911302737676
17 0.944363702914
18 0.966616068641
19 0.980912702258
20 0.989525132147
21 0.994627996856
22 0.997297850122
23 0.998740432129
24 0.99942942652
25 0.999773923715
26 0.999903110164
27 0.999935406776
28 0.999978468925
29 1.0
