2 0.137994578657
3 0.20653414495
4 0.267524253376
5 0.323568575233
6 0.374571999239
7 0.419797412973
8 0.462490488872
9 0.501783336504
10 0.537675955868
11 0.570334791706
12 0.60084173483
13 0.629517785809
14 0.655435609663
15 0.679819764124
16 0.70204013696
17 0.722762507133
18 0.741570762792
19 0.75946357238
20 0.774812155222
21 0.790053737873
22 0.803714095492
23 0.816149895378
24 0.828122027772
25 0.839321381016
26 0.849985733308
27 0.859829750808
28 0.869210100818
29 0.877770116036
30 0.885842685943
31 0.892750142667
32 0.899491154651
33 0.905435609663
34 0.910963952825
35 0.916420962526
36 0.921652082937
37 0.926110424196
38 0.930544987636
39 0.934717995054
40 0.938391668252
41 0.941411451398
42 0.944455012364
43 0.947415350961
44 0.949864466426
45 0.952480026631
46 0.954810252996
47 0.9568313677
48 0.958793037854
49 0.960707152368
50 0.962573711242
51 0.964416492296
52 0.96642571809
53 0.967995054213
54 0.969576279247
55 0.970872170439
56 0.972179950542
57 0.973285619174
58 0.974415065627
59 0.975366178429
60 0.976388624691
61 0.977518071143
62 0.978695073236
63 0.979717519498
64 0.98077563249
65 0.981560300552
66 0.982166634963
67 0.982951303025
68 0.983581415256
69 0.984282860947
70 0.984912973179
71 0.98548364086
72 0.985994863991
73 0.986446642572
74 0.987005421343
75 0.987552311204
76 0.988051645425
77 0.988503424006
78 0.988836313487
79 0.989276203158
80 0.989692315009
81 0.989989537759
82 0.99032242724
83 0.990667205631
84 0.990964428381
85 0.991297317862
86 0.991535096062
87 0.991879874453
88 0.992188986114
89 0.992414875404
90 0.992735875975
91 0.992985543085
92 0.993306543656
93 0.993568099677
94 0.993889100247
95 0.994091211718
96 0.994221989728
97 0.994388434468
98 0.994507323569
99 0.994590545939
100 0.994828324139
101 0.99500665779
102 0.99516121362
103 0.99535143618
104 0.995470325281
105 0.995565436561
106 0.995660547841
107 0.995779436941
108 0.995922103862
109 0.996052881872
110 0.996171770972
111 0.996219326612
112 0.996314437892
113 0.996421438083
114 0.996540327183
115 0.996659216283
116 0.996754327563
117 0.996837549933
118 0.997015883584
119 0.997134772684
120 0.997217995054
121 0.997313106334
122 0.997372550885
123 0.997455773255
124 0.997550884535
125 0.997657884725
126 0.997717329275
127 0.997788662735
128 0.997824329465
129 0.997955107476
130 0.998014552026
131 0.998062107666
132 0.998157218946
133 0.998180996766
134 0.998276108046
135 0.998311774776
136 0.998371219327
137 0.998454441697
138 0.998549552977
139 0.998597108617
140 0.998644664257
141 0.998668442077
142 0.998715997717
143 0.998751664447
144 0.998763553357
145 0.998799220088
146 0.998811108998
147 0.998882442458
148 0.998941887008
149 0.998953775918
150 0.998965664828
151 0.998977553738
152 0.999013220468
153 0.999048887198
154 0.999072665018
155 0.999120220658
156 0.999155887388
157 0.999203443028
159 0.999227220848
160 0.999262887578
161 0.999322332129
162 0.999334221039
163 0.999357998859
165 0.999381776679
167 0.999405554499
168 0.999453110139
169 0.999476887959
171 0.999488776869
172 0.999524443599
173 0.999548221419
174 0.999560110329
175 0.999571999239
176 0.999583888149
177 0.999619554879
179 0.999631443789
180 0.999655221609
182 0.999667110519
183 0.999678999429
189 0.999690888339
190 0.999702777249
193 0.999714666159
195 0.999726555069
197 0.999738443979
200 0.999750332889
206 0.9997622218
214 0.99978599962
220 0.99979788853
221 0.99980977744
229 0.99982166635
231 0.99983355526
232 0.99984544417
234 0.99985733308
235 0.99986922199
238 0.9998811109
239 0.99989299981
252 0.99990488872
255 0.99991677763
268 0.99992866654
276 0.99994055545
302 0.99995244436
313 0.99996433327
320 0.99997622218
335 0.99998811109
379 1.0
