0 0
1 19
2 18
3 15
4 16
5 20
6 18
7 7
8 8
9 9
10 10
11 33
12 0
14 0
15 15
16 16
17 0
17 0
18 18
19 0
19 0
20 40
21 21
22 22
23 0
23 0
24 24
25 0
28 0
29 29
30 0
30 0
31 31
32 0
34 0
35 35
36 72
37 0
37 0
38 38
39 0
45 0
46 46
47 0
47 0
48 48
49 0
51 0
52 52
53 0
56 0
57 57
58 0
60 0
61 61
62 62
63 0
65 0
66 66
67 0
76 0
77 77
78 0
85 0
86 86
87 0
90 0
91 91
92 0
96 0
97 97
98 0
114 0
115 115
116 0
116 0
117 117
118 0
144 0
145 145
146 0
163 0
164 164
165 0
174 0
175 175
176 0
196 0
197 197
198 0
201 0
202 202
