2 0.51246401666
3 0.650456299381
4 0.754700802352
5 0.820297666442
6 0.870521222515
7 0.905310222331
8 0.929748269737
9 0.947571507319
10 0.959086176272
11 0.967722177987
12 0.975071966681
13 0.980033074049
14 0.983952961352
15 0.987137869786
16 0.989404054633
17 0.99099650885
18 0.992772707785
19 0.994303913762
20 0.995345133827
21 0.996386353892
22 0.997060084523
23 0.997611318675
24 0.997795063392
25 0.998162552827
26 0.9985912905
28 0.998713786979
29 0.999020028174
30 0.999081276413
31 0.999142524652
32 0.999387517609
33 0.999448765848
34 0.999571262326
38 0.999632510565
40 0.999693758804
42 0.999755007044
43 0.999816255283
45 0.999877503522
56 1.0
