2 0.260892032426
3 0.367373962471
4 0.456846343485
5 0.533443141814
6 0.597713399864
7 0.650787499058
8 0.69774677303
9 0.737934524002
10 0.771684483631
11 0.801946409155
12 0.826987049059
13 0.848561185932
14 0.867820732272
15 0.884173583524
16 0.898448686066
17 0.909849390132
18 0.920184306
19 0.9289151568
20 0.936655578163
21 0.943244087029
22 0.949272787951
23 0.953955796704
24 0.958628039919
25 0.962654350892
26 0.965787122264
27 0.968887597024
28 0.97192347856
29 0.974238069093
30 0.97661725285
31 0.978587346187
32 0.980557439525
33 0.982204566741
34 0.983657914285
35 0.984863654469
36 0.986026332504
37 0.987124417315
38 0.988276329813
39 0.989126807265
40 0.989923457029
41 0.990687810182
42 0.991344507961
43 0.991915081441
44 0.992464123847
45 0.992959338565
46 0.993540677583
47 0.994046657839
48 0.994498810408
49 0.994886369753
50 0.995220101411
51 0.995413881084
52 0.995661488443
53 0.99591986134
54 0.996135172087
55 0.996350482834
56 0.996565793582
57 0.996845697553
58 0.997017946151
59 0.997244022435
60 0.997437802108
61 0.997642347318
62 0.997728471617
63 0.997943782364
64 0.998019141125
65 0.998223686335
66 0.998320576172
67 0.998395934933
68 0.998492824769
69 0.99861124568
70 0.998675838904
71 0.998740432129
72 0.998837321965
73 0.998934211801
74 0.999052632712
75 0.999084929324
76 0.999160288086
77 0.999192584698
78 0.999267943459
79 0.999343302221
80 0.999397129908
81 0.999418660982
82 0.999450957595
83 0.999515550819
84 0.999547847431
85 0.999569378506
86 0.999601675118
87 0.999612440655
89 0.999644737267
92 0.999677033879
94 0.999687799417
95 0.999698564954
96 0.999709330491
97 0.999720096029
98 0.999730861566
102 0.999741627103
103 0.999773923715
105 0.999784689253
106 0.999806220327
107 0.999816985865
109 0.999827751402
116 0.99983851694
117 0.999849282477
119 0.999860048014
120 0.999892344626
122 0.999903110164
125 0.999913875701
136 0.999924641238
144 0.999935406776
148 0.999946172313
154 0.999956937851
155 0.999967703388
157 0.999978468925
163 0.999989234463
192 1.0
