0 0
1 4.75556400989e-05
2 0.000392334030816
3 0.00178333650371
4 0.00489823093019
5 0.0110091306829
6 0.0208650370934
7 0.0335267262697
8 0.0474724177287
9 0.0603481072855
10 0.0720111280198
11 0.0813320334792
12 0.0894759368461
13 0.0957057256991
14 0.102137626022
15 0.108391192695
16 0.114430758988
17 0.120981548412
18 0.127401559825
19 0.13483212859
20 0.141513696024
21 0.148742153319
22 0.156041944075
23 0.16349629066
24 0.171105193076
25 0.178274205821
26 0.185300551645
27 0.191613562869
28 0.198390241583
29 0.204905364276
30 0.210826041469
31 0.216829941031
32 0.223345063725
33 0.229527296937
34 0.235317196119
35 0.242058208103
36 0.248264219136
37 0.253899562488
38 0.259855906411
39 0.265574472132
40 0.271459482595
41 0.277427715427
42 0.283146281149
43 0.28867462431
44 0.294000856002
45 0.299255754232
46 0.304807875214
47 0.310110329085
48 0.315282004946
49 0.320572569907
50 0.325661023397
51 0.330904032718
52 0.336016264029
53 0.340902606049
54 0.345753281339
55 0.35090117938
56 0.356227411071
57 0.361303975652
58 0.366297317862
59 0.371040992962
60 0.375915446072
61 0.381170344303
62 0.385628685562
63 0.389861137531
64 0.3940935895
65 0.39882537569
66 0.403331272589
67 0.407682613658
68 0.412331177478
69 0.416658740727
70 0.420677192315
71 0.424921533194
72 0.428773540042
73 0.433065436561
74 0.437214666159
75 0.441423340308
76 0.445655792277
77 0.449793132966
78 0.454156362945
79 0.458186703443
80 0.462502377782
81 0.46653271828
82 0.470586836599
83 0.474379398897
84 0.477957960814
85 0.481584078372
86 0.485210195929
87 0.489097869507
88 0.493080654366
89 0.496552216093
90 0.500261556021
91 0.503780673388
92 0.507525680046
93 0.510890241583
94 0.51430235876
95 0.517999809777
96 0.521316815674
97 0.524942933232
98 0.52861660643
99 0.531814723226
100 0.535428951874
101 0.538924291421
102 0.542395853148
103 0.545570192125
104 0.549053642762
105 0.552572760129
106 0.556044321857
107 0.559052216093
108 0.562238443979
109 0.565472227506
110 0.568836789043
111 0.571797127639
112 0.574888244246
113 0.578395472703
114 0.581225033289
115 0.584030816055
116 0.587050599201
117 0.590022826707
118 0.592935609663
119 0.595515503139
120 0.598666064295
121 0.601638291801
122 0.604241963097
123 0.606952634582
124 0.609401750048
125 0.612278866274
126 0.615084649039
127 0.617914209625
128 0.620589214381
129 0.623311774776
130 0.626105668632
131 0.628756895568
132 0.631515122694
133 0.634237683089
134 0.636746243104
135 0.63950447023
136 0.642381586456
137 0.644937702111
138 0.647374928667
139 0.649835933042
140 0.652142381586
141 0.654746052882
142 0.656850389956
143 0.659192505231
144 0.661154175385
145 0.66352006848
146 0.666016739585
147 0.6682875214
148 0.670867414875
149 0.67295986304
150 0.675444645235
151 0.67773920487
152 0.680176431425
153 0.68264932471
154 0.685015217805
155 0.68734544417
156 0.689592448164
157 0.691910785619
158 0.693955678143
159 0.696190793228
160 0.698402130493
161 0.700482689747
162 0.702836693932
163 0.704917253186
164 0.70687892334
165 0.708495815104
166 0.710516929808
167 0.712383488682
168 0.714404603386
169 0.71622360662
170 0.718018832033
171 0.719873501997
172 0.721763838691
173 0.723820620126
174 0.725544512079
175 0.727208959483
176 0.729123073997
177 0.73072807685
178 0.732582746814
179 0.734603861518
180 0.736589309492
181 0.738479646186
182 0.74016787141
183 0.741856096633
184 0.743544321857
185 0.74538710291
186 0.747087217044
187 0.748727886627
188 0.750404222941
189 0.752104337074
190 0.753875784668
191 0.755397565151
192 0.757133346015
193 0.758619459768
194 0.760307684991
195 0.761912687845
196 0.763244245768
197 0.764801692981
198 0.766501807114
199 0.768035476508
200 0.769664257181
201 0.771138482024
202 0.772660262507
203 0.7740750428
204 0.775739490204
205 0.777332604147
206 0.778592828609
207 0.780007608902
208 0.781267833365
209 0.782777724938
210 0.784192505231
211 0.785702396804
212 0.787200399467
213 0.78857951303
214 0.790184515884
215 0.791599296177
216 0.792752520449
217 0.794428856762
218 0.796010081796
219 0.797412973179
220 0.798625642001
221 0.799909644284
222 0.801276868937
223 0.802477648849
224 0.803809206772
225 0.805164542515
226 0.806674434088
227 0.808017880921
228 0.809218660833
229 0.810538329846
230 0.811834221039
231 0.813106334411
232 0.814390336694
233 0.815721894617
234 0.817124786
235 0.818337454822
236 0.819490679095
237 0.820655792277
238 0.821749571999
239 0.822843351722
240 0.824198687464
241 0.825340022827
242 0.826564580559
243 0.827491915541
244 0.828633250904
245 0.829703252806
246 0.830666254518
247 0.831985923531
248 0.833281814723
249 0.834232927525
250 0.835088929047
251 0.836277820049
252 0.837419155412
253 0.838417823854
254 0.839475936846
255 0.840403271828
256 0.841437607
257 0.842424386532
258 0.843530055165
259 0.844730835077
260 0.845634392239
261 0.846787616511
262 0.847714951493
263 0.848844397946
264 0.849747955107
265 0.85081795701
266 0.851804736542
267 0.852660738064
268 0.853683184326
269 0.854467852387
270 0.855276298269
271 0.856227411071
272 0.857249857333
273 0.858022636485
274 0.858914304737
275 0.859948639909
276 0.8607689747
277 0.861791420963
278 0.862885200685
279 0.863741202207
280 0.864727981739
281 0.86554831653
282 0.866475651512
283 0.867521875594
284 0.868461099486
285 0.869328989918
286 0.87012554689
287 0.870886437131
288 0.871789994293
289 0.873038329846
290 0.873929998098
291 0.874643332699
292 0.875404222941
293 0.876224557733
294 0.877080559254
295 0.877793893856
296 0.878709339928
297 0.879553452539
298 0.880409454061
299 0.881039566293
300 0.881836123264
301 0.882632680236
302 0.883239014647
303 0.883988015979
304 0.88470135058
305 0.885319573901
306 0.886056686323
307 0.886936465665
308 0.887614133536
309 0.888196690127
310 0.888803024539
311 0.88952824805
312 0.890146471372
313 0.890681472323
314 0.891371029104
315 0.892072474796
316 0.892690698117
317 0.893297032528
318 0.893927144759
319 0.89441459007
320 0.894973368842
321 0.895722370173
322 0.896316815674
323 0.896970705726
324 0.897529484497
325 0.898230930188
326 0.89880159787
327 0.899372265551
328 0.899978599962
329 0.900454156363
330 0.901072379684
331 0.901809492106
332 0.902487159977
333 0.902998383108
334 0.903592828609
335 0.904222940841
336 0.904948164352
337 0.905554498764
338 0.906113277535
339 0.906565056116
340 0.907135723797
341 0.907837169488
342 0.908407837169
343 0.909026060491
344 0.909572950352
345 0.910000951113
346 0.910547840974
347 0.911130397565
348 0.911558398326
349 0.912045843637
350 0.912545177858
351 0.913056400989
352 0.91347251284
353 0.914066958341
354 0.914554403652
355 0.915029960053
356 0.915553072094
357 0.916052406315
358 0.916504184896
359 0.917062963667
360 0.917645520259
361 0.91812107666
362 0.918679855431
363 0.919084078372
364 0.919571523683
365 0.920058968994
366 0.920486969755
367 0.920843637055
368 0.921378638006
369 0.921854194407
370 0.922246528438
371 0.922722084839
372 0.92313819669
373 0.923578086361
374 0.924041753852
375 0.924315198783
376 0.924719421723
377 0.925099866844
378 0.925468423055
379 0.925896423816
380 0.926395758037
381 0.926776203158
382 0.927263648469
383 0.9276559825
384 0.92803642762
385 0.928357428191
386 0.928785428952
387 0.929094540613
388 0.929356096633
389 0.929677097204
390 0.930116986875
391 0.930390431805
392 0.930770876926
393 0.931139433137
394 0.931567433898
395 0.932007323569
396 0.932352101959
397 0.93273254708
398 0.932994103101
399 0.933386437131
400 0.933719326612
401 0.933945215903
402 0.934373216663
403 0.934813106334
404 0.935241107095
405 0.935597774396
406 0.936037664067
407 0.936406220278
408 0.936739109758
409 0.937048221419
410 0.9375
411 0.937868556211
412 0.938189556781
413 0.938629446452
414 0.938926669203
415 0.939319003234
416 0.939675670535
417 0.940079893475
418 0.940448449686
419 0.940781339167
420 0.941066673007
421 0.941447118128
422 0.941673007419
423 0.941910785619
424 0.94226745292
425 0.942576564581
426 0.942861898421
427 0.943206676812
428 0.943539566293
429 0.943801122313
430 0.944038900514
431 0.944288567624
432 0.944585790375
433 0.944764124025
434 0.945037568956
435 0.945275347156
436 0.945620125547
437 0.945857903747
438 0.946083793038
439 0.946321571238
440 0.946547460529
441 0.946797127639
442 0.94714190603
443 0.94728457295
444 0.947510462241
445 0.947795796081
446 0.948081129922
447 0.948235685752
448 0.948437797223
449 0.948675575423
450 0.948937131444
451 0.949115465094
452 0.949341354385
453 0.949662354955
454 0.949923910976
455 0.950149800266
456 0.950423245197
457 0.950649134487
458 0.950910690508
459 0.951196024348
460 0.951457580369
461 0.951647802929
462 0.95195691459
463 0.952206581701
464 0.952408693171
465 0.952658360282
466 0.952943694122
467 0.953181472323
468 0.953347917063
469 0.953490583983
470 0.953716473274
471 0.953978029294
472 0.954192029675
473 0.954596252616
474 0.954881586456
475 0.955143142477
476 0.955309587217
477 0.955511698687
478 0.955749476888
479 0.955963477268
480 0.956165588739
481 0.956427144759
482 0.95665303405
483 0.95691459007
484 0.957092923721
485 0.957235590641
486 0.957437702111
487 0.957639813582
488 0.957913258512
489 0.958115369983
490 0.958293703633
491 0.958507704014
492 0.958614704204
493 0.958781148944
494 0.958971371505
495 0.959221038615
496 0.959423150086
497 0.959589594826
498 0.959708483926
499 0.959874928667
500 0.959981928857
501 0.960148373597
502 0.960326707247
503 0.960516929808
504 0.960730930188
505 0.960861708199
506 0.960992486209
507 0.961158930949
508 0.96130159787
509 0.96149182043
510 0.96172959863
511 0.961848487731
512 0.961979265741
513 0.962145710481
514 0.962312155222
515 0.962490488872
516 0.962633155792
517 0.962847156173
518 0.963013600913
519 0.963215712383
520 0.963346490394
521 0.963429712764
522 0.963679379874
523 0.963822046795
524 0.964024158265
525 0.964226269736
526 0.964428381206
527 0.964618603766
528 0.964856381967
529 0.964987159977
530 0.965153604718
531 0.965320049458
532 0.965545938748
533 0.965819383679
534 0.965914494959
535 0.966057161879
536 0.96628305117
537 0.96639005136
538 0.96648516264
539 0.966604051741
540 0.966687274111
541 0.966782385391
542 0.966806163211
543 0.967043941411
544 0.967115274872
545 0.967317386342
546 0.967448164352
547 0.967626498003
548 0.967769164923
549 0.967864276203
550 0.968102054404
551 0.968220943504
552 0.968316054784
553 0.968434943884
554 0.968577610805
555 0.968708388815
556 0.968827277915
557 0.968981833745
558 0.969148278486
559 0.969314723226
560 0.969564390337
561 0.969683279437
562 0.969778390717
563 0.969897279817
564 0.970063724558
565 0.970146946928
566 0.970349058398
567 0.970467947499
568 0.970551169869
569 0.970658170059
570 0.970824614799
571 0.97093161499
572 0.97102672627
573 0.97124072665
574 0.97135961575
575 0.971490393761
576 0.971656838501
577 0.971787616511
578 0.971811394331
579 0.971954061252
580 0.972084839262
581 0.972156172722
582 0.972263172912
583 0.972393950923
584 0.972465284383
585 0.972536617843
586 0.972679284763
587 0.972821951683
588 0.972928951874
589 0.973119174434
590 0.973214285714
591 0.973333174815
592 0.973428286095
593 0.973511508465
594 0.973606619745
595 0.973701731025
596 0.973820620126
597 0.973856286856
598 0.973987064866
599 0.974070287236
600 0.974129731786
601 0.974212954156
602 0.974284287617
603 0.974355621077
604 0.974462621267
605 0.974569621457
606 0.974640954917
607 0.974736066197
608 0.974819288568
609 0.974890622028
610 0.975009511128
611 0.975104622408
612 0.975152178048
613 0.975306733879
614 0.975413734069
615 0.975520734259
616 0.975603956629
617 0.975687178999
618 0.97575851246
619 0.97586551265
620 0.97597251284
621 0.97605573521
622 0.97615084649
623 0.976245957771
624 0.976364846871
625 0.976448069241
626 0.976543180521
627 0.976602625071
628 0.976638291801
629 0.976745291992
630 0.976876070002
631 0.976899847822
632 0.976911736732
633 0.977018736922
634 0.977101959292
635 0.977197070573
636 0.977244626213
637 0.977351626403
638 0.977399182043
639 0.977446737683
640 0.977553737873
641 0.977601293513
642 0.977672626974
643 0.977755849344
644 0.977815293894
645 0.977898516264
646 0.977946071904
647 0.978053072094
648 0.978112516644
649 0.978124405554
650 0.978183850105
651 0.978338405935
652 0.978397850485
653 0.978481072855
654 0.978564295225
655 0.978659406506
656 0.978778295606
657 0.978909073616
658 0.978968518166
659 0.979051740536
660 0.979134962907
661 0.979230074187
662 0.979265740917
663 0.979384630017
664 0.979432185657
665 0.979479741297
666 0.979551074757
667 0.979634297128
668 0.979753186228
669 0.979812630778
670 0.979860186418
671 0.979907742058
672 0.979979075518
673 0.980050408979
674 0.980145520259
675 0.980264409359
676 0.980407076279
677 0.980466520829
678 0.98056163211
679 0.98064485448
680 0.98073996576
681 0.98082318813
682 0.98088263268
683 0.98094207723
684 0.98096585505
685 0.981013410691
686 0.981060966331
687 0.981108521971
688 0.981144188701
689 0.981191744341
690 0.981239299981
691 0.981346300171
692 0.981370077991
693 0.981381966901
694 0.981477078181
695 0.981536522732
696 0.981679189652
697 0.981762412022
698 0.981905078942
699 0.981976412403
700 0.982035856953
701 0.982107190413
702 0.982214190603
703 0.982309301883
704 0.982428190983
705 0.982511413354
706 0.982547080084
707 0.982582746814
708 0.982677858094
709 0.982737302644
710 0.982808636104
711 0.982927525204
712 0.982998858665
713 0.983082081035
714 0.983153414495
715 0.983224747955
716 0.983248525775
717 0.983414970516
718 0.983438748336
719 0.983498192886
720 0.983628970896
721 0.983676526536
722 0.983712193266
723 0.983735971086
724 0.983795415636
725 0.983831082366
726 0.983866749096
727 0.983949971467
728 0.983985638197
729 0.984068860567
730 0.984080749477
731 0.984116416207
732 0.984199638577
733 0.984270972037
734 0.984306638767
735 0.984342305497
736 0.984449305688
737 0.984508750238
738 0.984568194788
739 0.984639528248
740 0.984687083888
741 0.984698972798
742 0.984734639528
743 0.984817861898
744 0.984841639718
745 0.984889195359
746 0.984948639909
747 0.984996195549
748 0.985008084459
749 0.985079417919
750 0.985138862469
751 0.985162640289
752 0.985245862659
753 0.985317196119
754 0.98537664067
755 0.98544797413
756 0.98549552977
757 0.98556686323
758 0.98560252996
759 0.98569764124
760 0.98572141906
761 0.9857689747
762 0.98580464143
763 0.985852197071
764 0.985911641621
765 0.985959197261
766 0.986018641811
767 0.986078086361
768 0.986125642001
769 0.986161308731
770 0.986185086551
771 0.986220753281
772 0.986280197831
773 0.986351531292
774 0.986375309112
775 0.986410975842
776 0.986470420392
777 0.986541753852
778 0.986589309492
779 0.986624976222
780 0.986660642952
781 0.986672531862
782 0.986731976412
783 0.986791420963
784 0.986815198783
785 0.986850865513
786 0.986874643333
787 0.986945976793
788 0.987005421343
789 0.987076754803
790 0.987100532623
791 0.987136199353
792 0.987195643903
793 0.987314533004
794 0.987338310824
795 0.987362088644
796 0.987421533194
797 0.987480977744
798 0.987504755564
799 0.987552311204
800 0.987587977934
801 0.987611755754
802 0.987623644664
803 0.987635533574
804 0.987718755944
805 0.987742533765
806 0.987778200495
808 0.987825756135
809 0.987885200685
810 0.987908978505
811 0.987968423055
812 0.988015978695
813 0.988063534335
814 0.988087312155
815 0.988099201065
816 0.988111089975
817 0.988134867795
818 0.988182423435
819 0.988206201255
820 0.988229979076
821 0.988253756896
822 0.988277534716
823 0.988325090356
824 0.988348868176
825 0.988372645996
826 0.988408312726
827 0.988432090546
828 0.988443979456
829 0.988503424006
830 0.988574757466
831 0.988598535286
832 0.988622313106
833 0.988634202016
834 0.988657979836
835 0.988705535477
836 0.988753091117
837 0.988776868937
838 0.988788757847
839 0.988812535667
840 0.988907646947
841 0.988931424767
842 0.988955202587
843 0.988967091497
845 0.989014647137
846 0.989062202777
847 0.989085980597
848 0.989109758417
849 0.989181091877
850 0.989228647518
851 0.989276203158
852 0.989323758798
853 0.989359425528
854 0.989383203348
855 0.989430758988
856 0.989490203538
857 0.989573425908
858 0.989632870458
859 0.989692315009
860 0.989704203919
861 0.989739870649
862 0.989763648469
863 0.989787426289
864 0.989811204109
865 0.989870648659
866 0.989918204299
867 0.990013315579
868 0.990060871219
869 0.990084649039
870 0.990120315769
871 0.99017976032
872 0.99022731596
873 0.9902748716
874 0.99031053833
876 0.99033431615
877 0.9903937607
878 0.99041753852
879 0.99044131634
880 0.99046509416
881 0.99052453871
882 0.99054831653
883 0.99058398326
884 0.99061964999
885 0.990702872361
886 0.990738539091
887 0.990750428001
888 0.990774205821
889 0.990797983641
890 0.990821761461
891 0.990881206011
892 0.990904983831
893 0.990916872741
894 0.990952539471
895 0.990976317291
896 0.991047650751
897 0.991059539661
898 0.991095206391
899 0.991118984212
900 0.991130873122
901 0.991178428762
902 0.991202206582
903 0.991261651132
905 0.991273540042
906 0.991285428952
907 0.991309206772
908 0.991332984592
909 0.991368651322
910 0.991392429142
911 0.991428095872
912 0.991439984782
913 0.991463762602
914 0.991487540422
915 0.991499429332
916 0.991535096062
917 0.991558873882
918 0.991594540613
919 0.991642096253
920 0.991713429713
921 0.991737207533
922 0.991760985353
923 0.991772874263
924 0.991820429903
925 0.991867985543
926 0.991915541183
927 0.991927430093
928 0.991963096823
929 0.992010652463
930 0.992070097014
931 0.992105763744
932 0.992117652654
933 0.992141430474
934 0.992153319384
935 0.992212763934
936 0.992260319574
938 0.992284097394
939 0.992343541944
940 0.992367319764
941 0.992391097584
942 0.992438653224
943 0.992486208864
944 0.992498097774
945 0.992557542325
946 0.992569431235
947 0.992581320145
948 0.992640764695
951 0.992652653605
952 0.992676431425
953 0.992700209245
954 0.992712098155
955 0.992735875975
957 0.992759653795
958 0.992807209435
959 0.992830987255
961 0.992866653985
962 0.992890431805
963 0.992902320715
964 0.992926098535
966 0.992937987445
967 0.992985543085
970 0.993021209815
971 0.993033098726
972 0.993044987636
973 0.993092543276
974 0.993104432186
975 0.993128210006
976 0.993140098916
977 0.993151987826
978 0.993175765646
979 0.993187654556
980 0.993223321286
982 0.993270876926
983 0.993306543656
984 0.993330321476
986 0.993342210386
987 0.993365988206
989 0.993413543846
990 0.993425432756
991 0.993461099486
992 0.993484877306
993 0.993520544037
995 0.993568099677
997 0.993591877497
998 0.993603766407
999 0.993627544227
1000 0.993651322047
1001 0.993663210957
1003 0.993675099867
1004 0.993686988777
1006 0.993710766597
1007 0.993734544417
1008 0.993746433327
1009 0.993758322237
1010 0.993805877877
1011 0.993841544607
1012 0.993865322427
1013 0.993877211337
1014 0.993900989157
1015 0.993924766977
1016 0.993936655887
1017 0.993972322617
1018 0.993996100438
1019 0.994019878258
1020 0.994031767168
1021 0.994043656078
1023 0.994055544988
1024 0.994079322808
1025 0.994091211718
1026 0.994103100628
1027 0.994138767358
1028 0.994162545178
1029 0.994186322998
1030 0.994221989728
1031 0.994233878638
1033 0.994305212098
1035 0.994340878828
1036 0.994364656648
1037 0.994388434468
1038 0.994400323378
1040 0.994447879018
1042 0.994459767928
1043 0.994483545749
1044 0.994495434659
1045 0.994507323569
1046 0.994531101389
1047 0.994542990299
1048 0.994566768119
1049 0.994578657029
1050 0.994590545939
1051 0.994602434849
1052 0.994626212669
1053 0.994638101579
1054 0.994685657219
1055 0.994721323949
1057 0.994733212859
1058 0.994745101769
1060 0.994768879589
1061 0.994780768499
1063 0.994792657409
1066 0.994816435229
1067 0.994828324139
1069 0.994840213049
1072 0.994863990869
1073 0.994899657599
1074 0.994911546509
1075 0.994947213239
1077 0.99495910215
1079 0.99497099106
1080 0.99498287997
1081 0.99499476888
1085 0.99500665779
1087 0.9950185467
1089 0.99504232452
1090 0.99505421343
1092 0.99506610234
1095 0.99508988016
1097 0.99510176907
1098 0.99512554689
1099 0.99516121362
1100 0.99517310253
1102 0.99520876926
1104 0.99522065817
1106 0.99524443599
1107 0.9952563249
1108 0.99526821381
1110 0.99530388054
1111 0.99532765836
1114 0.99533954727
1115 0.99536332509
1116 0.995375214
1117 0.99538710291
1118 0.99542276964
1121 0.995446547461
1124 0.995458436371
1125 0.995494103101
1126 0.995505992011
1127 0.995517880921
1129 0.995553547651
1132 0.995565436561
1134 0.995577325471
1135 0.995589214381
1136 0.995601103291
1137 0.995612992201
1138 0.995624881111
1139 0.995636770021
1142 0.995648658931
1144 0.995660547841
1145 0.995672436751
1146 0.995708103481
1149 0.995719992391
1150 0.995731881301
1153 0.995743770211
1158 0.995767548031
1159 0.995779436941
1161 0.995815103671
1162 0.995838881491
1164 0.995850770401
1165 0.995874548221
1167 0.995886437131
1169 0.995898326041
1170 0.995922103862
1172 0.995957770592
1173 0.995969659502
1174 0.995981548412
1175 0.995993437322
1176 0.996017215142
1177 0.996040992962
1178 0.996076659692
1179 0.996100437512
1181 0.996112326422
1183 0.996124215332
1184 0.996136104242
1185 0.996147993152
1186 0.996171770972
1187 0.996195548792
1189 0.996207437702
1190 0.996231215522
1191 0.996243104432
1193 0.996254993342
1195 0.996290660072
1198 0.996302548982
1200 0.996338215712
1201 0.996350104622
1202 0.996361993532
1203 0.996373882442
1207 0.996385771352
1211 0.996409549173
1212 0.996445215903
1213 0.996457104813
1214 0.996468993723
1215 0.996504660453
1216 0.996516549363
1220 0.996552216093
1222 0.996564105003
1223 0.996587882823
1224 0.996611660643
1226 0.996623549553
1227 0.996647327373
1229 0.996659216283
1230 0.996671105193
1231 0.996694883013
1232 0.996706771923
1233 0.996730549743
1234 0.996742438653
1235 0.996754327563
1237 0.996778105383
1241 0.996813772113
1242 0.996825661023
1247 0.996837549933
1248 0.996849438843
1251 0.996861327753
1252 0.996873216663
1256 0.996885105574
1258 0.996908883394
1260 0.996920772304
1261 0.996932661214
1266 0.996956439034
1267 0.996980216854
1270 0.996992105764
1271 0.997003994674
1278 0.997015883584
1282 0.997027772494
1283 0.997039661404
1284 0.997051550314
1286 0.997063439224
1288 0.997075328134
1289 0.997087217044
1290 0.997099105954
1295 0.997122883774
1296 0.997170439414
1297 0.997182328324
1299 0.997194217234
1300 0.997206106144
1302 0.997229883964
1304 0.997241772874
1305 0.997253661784
1306 0.997265550694
1308 0.997277439604
1309 0.997289328514
1317 0.997301217424
1321 0.997313106334
1322 0.997348773064
1323 0.997360661975
1326 0.997372550885
1327 0.997384439795
1328 0.997396328705
1333 0.997408217615
1336 0.997420106525
1337 0.997443884345
1338 0.997455773255
1339 0.997467662165
1340 0.997479551075
1344 0.997503328895
1348 0.997515217805
1351 0.997538995625
1352 0.997550884535
1354 0.997562773445
1358 0.997574662355
1360 0.997586551265
1362 0.997598440175
1365 0.997634106905
1369 0.997669773635
1372 0.997693551455
1375 0.997705440365
1376 0.997717329275
1378 0.997729218185
1381 0.997741107095
1382 0.997752996005
1383 0.997788662735
1384 0.997800551645
1387 0.997812440555
1388 0.997824329465
1390 0.997836218375
1392 0.997859996196
1393 0.997871885106
1397 0.997895662926
1399 0.997907551836
1400 0.997931329656
1403 0.997943218566
1404 0.997978885296
1406 0.998002663116
1409 0.998014552026
1410 0.998026440936
1420 0.998038329846
1424 0.998050218756
1426 0.998062107666
1429 0.998073996576
1437 0.998085885486
1438 0.998097774396
1439 0.998109663306
1441 0.998121552216
1442 0.998133441126
1445 0.998145330036
1449 0.998157218946
1451 0.998169107856
1453 0.998180996766
1455 0.998192885676
1460 0.998204774586
1461 0.998216663496
1462 0.998228552406
1465 0.998240441316
1467 0.998264219136
1468 0.998287996956
1472 0.998311774776
1473 0.998323663687
1476 0.998335552597
1477 0.998347441507
1496 0.998359330417
1498 0.998371219327
1500 0.998383108237
1501 0.998394997147
1502 0.998406886057
1506 0.998418774967
1507 0.998430663877
1520 0.998442552787
1522 0.998466330607
1523 0.998478219517
1524 0.998490108427
1528 0.998501997337
1534 0.998537664067
1535 0.998549552977
1536 0.998561441887
1539 0.998573330797
1542 0.998585219707
1546 0.998608997527
1547 0.998620886437
1548 0.998632775347
1551 0.998644664257
1553 0.998656553167
1573 0.998668442077
1587 0.998692219897
1591 0.998704108807
1595 0.998715997717
1596 0.998727886627
1597 0.998739775537
1601 0.998751664447
1604 0.998763553357
1606 0.998775442267
1609 0.998787331177
1611 0.998799220088
1619 0.998811108998
1621 0.998822997908
1626 0.998834886818
1630 0.998846775728
1637 0.998870553548
1646 0.998882442458
1648 0.998894331368
1650 0.998918109188
1654 0.998929998098
1658 0.998941887008
1659 0.998965664828
1664 0.998977553738
1667 0.998989442648
1668 0.999001331558
1672 0.999013220468
1675 0.999025109378
1677 0.999036998288
1684 0.999048887198
1686 0.999060776108
1687 0.999072665018
1688 0.999084553928
1699 0.999096442838
1705 0.999108331748
1715 0.999120220658
1728 0.999143998478
1735 0.999167776298
1743 0.999179665208
1747 0.999191554118
1751 0.999203443028
1760 0.999215331938
1768 0.999239109758
1780 0.999250998668
1783 0.999262887578
1791 0.999274776488
1794 0.999298554309
1805 0.999310443219
1813 0.999322332129
1820 0.999334221039
1824 0.999346109949
1825 0.999357998859
1834 0.999369887769
1839 0.999381776679
1846 0.999393665589
1849 0.999405554499
1861 0.999417443409
1871 0.999429332319
1885 0.999441221229
1901 0.999453110139
1902 0.999464999049
1911 0.999476887959
1913 0.999488776869
1915 0.999500665779
1920 0.999512554689
1926 0.999524443599
1931 0.999548221419
1937 0.999560110329
1950 0.999571999239
1966 0.999583888149
1968 0.999595777059
1971 0.999607665969
1992 0.999619554879
2005 0.999631443789
2022 0.999643332699
2025 0.999655221609
2027 0.999667110519
2070 0.999678999429
2079 0.999690888339
2129 0.999702777249
2167 0.999714666159
2178 0.999726555069
2209 0.999738443979
2238 0.999750332889
2379 0.9997622218
2388 0.99977411071
2405 0.99978599962
2413 0.99979788853
2436 0.99980977744
2588 0.99982166635
2662 0.99983355526
2728 0.99984544417
2801 0.99985733308
2880 0.99986922199
2892 0.9998811109
2904 0.99989299981
2927 0.99990488872
3196 0.99991677763
3200 0.99992866654
3501 0.99994055545
3701 0.99995244436
3739 0.99996433327
3867 0.99997622218
4541 0.99998811109
5045 1.0
