0 0
1 4
2 29
3 117
4 262
5 514
6 829
7 1065
8 1173
9 1083
10 981
11 784
12 685
13 524
14 541
15 526
16 508
17 551
18 540
19 625
20 562
21 608
22 614
23 627
24 640
25 603
26 591
27 531
28 570
29 548
30 498
31 505
32 548
33 520
34 487
35 567
36 522
37 474
38 501
39 481
40 495
41 502
42 481
43 465
44 448
45 442
46 467
47 446
48 435
49 445
50 428
51 441
52 430
53 411
54 408
55 433
56 448
57 427
58 420
59 399
60 410
61 442
62 375
63 356
65 398
66 379
67 366
68 391
69 364
70 338
71 357
72 324
73 361
74 349
75 354
76 356
77 348
78 367
79 339
80 363
81 339
82 341
83 319
84 301
85 305
87 327
88 335
89 292
90 312
91 296
92 315
93 283
94 287
95 311
96 279
97 305
98 309
99 269
100 304
101 294
102 292
103 267
104 293
105 296
106 292
107 253
108 268
109 272
110 283
111 249
112 260
113 295
114 238
115 236
116 254
117 250
118 245
119 217
120 265
121 250
122 219
123 228
124 206
125 242
126 236
127 238
128 225
129 229
130 235
131 223
132 232
133 229
134 211
135 232
136 242
137 215
138 205
139 207
140 194
141 219
142 177
143 197
144 165
145 199
146 210
147 191
148 217
149 176
150 209
151 193
152 205
153 208
154 199
155 196
156 189
157 195
158 172
159 188
160 186
161 175
162 198
163 175
164 165
165 136
166 170
167 157
168 170
169 153
170 151
171 156
172 159
173 173
174 145
175 140
176 161
177 135
178 156
179 170
180 167
181 159
182 142
185 155
186 143
187 138
188 141
189 143
190 149
191 128
192 146
193 125
194 142
195 135
196 112
197 131
198 143
199 129
200 137
201 124
202 128
203 119
204 140
205 134
206 106
207 119
208 106
209 127
210 119
211 127
212 126
213 116
214 135
215 119
216 97
217 141
218 133
219 118
220 102
221 108
222 115
223 101
224 112
225 114
226 127
227 113
228 101
229 111
230 109
231 107
232 108
233 112
234 118
235 102
236 97
237 98
238 92
240 114
241 96
242 103
243 78
244 96
245 90
246 81
247 111
248 109
249 80
250 72
251 100
252 96
253 84
254 89
255 78
256 87
257 83
258 93
259 101
260 76
261 97
262 78
263 95
264 76
265 90
266 83
267 72
268 86
269 66
270 68
271 80
272 86
273 65
274 75
275 87
276 69
277 86
278 92
279 72
280 83
281 69
282 78
283 88
284 79
285 73
286 67
287 64
288 76
289 105
290 75
291 60
292 64
293 69
294 72
295 60
296 77
297 71
298 72
299 53
300 67
302 51
303 63
304 60
305 52
306 62
307 74
308 57
309 49
310 51
311 61
312 52
313 45
314 58
315 59
316 52
317 51
318 53
319 41
320 47
321 63
322 50
323 55
324 47
325 59
326 48
328 51
329 40
330 52
331 62
332 57
333 43
334 50
335 53
336 61
337 51
338 47
339 38
340 48
341 59
342 48
343 52
344 46
345 36
346 46
347 49
348 36
349 41
350 42
351 43
352 35
353 50
354 41
355 40
356 44
357 42
358 38
359 47
360 49
361 40
362 47
363 34
364 41
366 36
367 30
368 45
369 40
370 33
371 40
372 35
373 37
374 39
375 23
376 34
377 32
378 31
379 36
380 42
381 32
382 41
383 33
384 32
385 27
386 36
387 26
388 22
389 27
390 37
391 23
392 32
393 31
394 36
395 37
396 29
397 32
398 22
399 33
400 28
401 19
402 36
403 37
404 36
405 30
406 37
407 31
408 28
409 26
410 38
411 31
412 27
413 37
414 25
415 33
416 30
417 34
418 31
419 28
420 24
421 32
422 19
423 20
424 30
425 26
426 24
427 29
428 28
429 22
430 20
431 21
432 25
433 15
434 23
435 20
436 29
437 20
438 19
439 20
440 19
441 21
442 29
443 12
444 19
445 24
447 13
448 17
449 20
450 22
451 15
452 19
453 27
454 22
455 19
456 23
457 19
458 22
459 24
460 22
461 16
462 26
463 21
464 17
465 21
466 24
467 20
468 14
469 12
470 19
471 22
472 18
473 34
474 24
475 22
476 14
477 17
478 20
479 18
480 17
481 22
482 19
483 22
484 15
485 12
486 17
488 23
489 17
490 15
491 18
492 9
493 14
494 16
495 21
496 17
497 14
498 10
499 14
500 9
501 14
502 15
503 16
504 18
505 11
507 14
508 12
509 16
510 20
511 10
512 11
513 14
515 15
516 12
517 18
518 14
519 17
520 11
521 7
522 21
523 12
524 17
527 16
528 20
529 11
530 14
532 19
533 23
534 8
535 12
536 19
537 9
538 8
539 10
540 7
541 8
542 2
543 20
544 6
545 17
546 11
547 15
548 12
549 8
550 20
551 10
552 8
553 10
554 12
555 11
556 10
557 13
558 14
560 21
561 10
562 8
563 10
564 14
565 7
566 17
567 10
568 7
569 9
570 14
571 9
572 8
573 18
574 10
575 11
576 14
577 11
578 2
579 12
580 11
581 6
582 9
583 11
584 6
586 12
588 9
589 16
590 8
591 10
592 8
593 7
594 8
596 10
597 3
598 11
599 7
600 5
601 7
602 6
604 9
606 6
607 8
608 7
609 6
610 10
611 8
612 4
613 13
614 9
616 7
618 6
619 9
621 7
622 8
624 10
625 7
626 8
627 5
628 3
629 9
630 11
631 2
632 1
633 9
634 7
635 8
636 4
637 9
638 4
640 9
641 4
642 6
643 7
644 5
645 7
646 4
647 9
648 5
649 1
650 5
651 13
652 5
653 7
655 8
656 10
657 11
658 5
659 7
661 8
662 3
663 10
664 4
666 6
667 7
668 10
669 5
670 4
672 6
674 8
675 10
676 12
677 5
678 8
679 7
680 8
681 7
682 5
684 2
685 4
688 3
689 4
691 9
692 2
693 1
694 8
695 5
696 12
697 7
698 12
699 6
700 5
701 6
702 9
703 8
704 10
705 7
706 3
708 8
709 5
710 6
711 10
712 6
713 7
714 6
716 2
717 14
718 2
719 5
720 11
721 4
722 3
723 2
724 5
725 3
727 7
728 3
729 7
730 1
731 3
732 7
733 6
734 3
736 9
737 5
739 6
740 4
741 1
742 3
743 7
744 2
745 4
746 5
747 4
748 1
749 6
750 5
751 2
752 7
753 6
754 5
755 6
756 4
757 6
758 3
759 8
760 2
761 4
762 3
763 4
764 5
765 4
766 5
768 4
769 3
770 2
771 3
772 5
773 6
774 2
775 3
776 5
777 6
778 4
779 3
781 1
782 5
784 2
785 3
786 2
787 6
788 5
789 6
790 2
791 3
792 5
793 10
794 2
796 5
798 2
799 4
800 3
801 2
802 1
804 7
805 2
806 3
807 0
807 0
808 4
809 5
810 2
811 5
812 4
814 2
815 1
817 2
818 4
819 2
823 4
824 2
826 3
827 2
828 1
829 5
830 6
831 2
833 1
834 2
835 4
837 2
838 1
839 2
840 8
841 2
843 1
844 0
844 0
845 4
847 2
849 6
850 4
853 3
854 2
855 4
856 5
857 7
858 5
860 1
861 3
862 2
865 5
866 4
867 8
868 4
869 2
870 3
871 5
872 4
874 3
875 0
875 0
876 2
877 5
878 2
881 5
882 2
883 3
885 7
886 3
887 1
888 2
891 5
892 2
893 1
894 3
895 2
896 6
897 1
898 3
899 2
900 1
901 4
902 2
903 5
904 0
904 0
905 1
907 2
909 3
910 2
911 3
912 1
913 2
915 1
916 3
917 2
918 3
919 4
920 6
921 2
923 1
924 4
927 1
928 3
929 4
930 5
931 3
932 1
933 2
934 1
935 5
936 4
937 0
937 0
938 2
939 5
940 2
942 4
944 1
945 5
946 1
948 5
949 0
950 0
951 1
952 2
954 1
955 2
956 0
956 0
957 2
958 4
959 2
960 0
960 0
961 3
962 2
963 1
964 2
965 0
965 0
966 1
967 4
968 0
969 0
970 3
971 1
973 4
974 1
975 2
976 1
978 2
979 1
980 3
981 0
981 0
982 4
983 3
984 2
985 0
985 0
986 1
987 2
988 0
988 0
989 4
990 1
991 3
992 2
993 3
994 0
994 0
995 4
996 0
996 0
997 2
998 1
999 2
1001 1
1002 0
1002 0
1003 1
1005 0
1005 0
1006 2
1008 1
1010 4
1011 3
1012 2
1013 1
1014 2
1016 1
1017 3
1018 2
1020 1
1022 0
1022 0
1023 1
1024 2
1025 1
1027 3
1028 2
1030 3
1031 1
1032 0
1032 0
1033 6
1034 0
1034 0
1035 3
1036 2
1038 1
1039 0
1039 0
1040 4
1041 0
1041 0
1042 1
1043 2
1044 1
1046 2
1047 1
1048 2
1049 1
1052 2
1053 1
1054 4
1055 3
1056 0
1056 0
1057 1
1059 0
1059 0
1060 2
1061 1
1062 0
1062 0
1063 1
1064 0
1065 0
1066 2
1067 1
1068 0
1068 0
1069 1
1070 0
1071 0
1072 2
1073 3
1074 1
1075 3
1076 0
1076 0
1077 1
1078 0
1078 0
1079 1
1082 0
1084 0
1085 1
1086 0
1086 0
1087 1
1088 0
1088 0
1089 2
1090 1
1091 0
1091 0
1092 1
1093 0
1094 0
1095 2
1096 0
1096 0
1097 1
1098 2
1099 3
1100 1
1101 0
1101 0
1102 3
1103 0
1103 0
1104 1
1105 0
1105 0
1106 2
1107 1
1109 0
1109 0
1110 3
1111 2
1112 0
1113 0
1114 1
1115 2
1116 1
1118 3
1119 0
1120 0
1121 2
1122 0
1123 0
1124 1
1125 3
1126 1
1128 0
1128 0
1129 3
1130 0
1131 0
1132 1
1133 0
1133 0
1134 1
1140 0
1141 0
1142 1
1143 0
1143 0
1144 1
1146 3
1147 0
1148 0
1149 1
1151 0
1152 0
1153 1
1154 0
1157 0
1158 2
1159 1
1160 0
1160 0
1161 3
1162 2
1163 0
1163 0
1164 1
1165 2
1166 0
1166 0
1167 1
1168 0
1168 0
1169 1
1170 2
1171 0
1171 0
1172 3
1173 1
1176 2
1178 3
1179 2
1180 0
1180 0
1181 1
1182 0
1182 0
1183 1
1186 2
1188 0
1188 0
1189 1
1190 2
1191 1
1192 0
1192 0
1193 1
1194 0
1194 0
1195 3
1196 0
1197 0
1198 1
1199 0
1199 0
1200 3
1201 1
1204 0
1206 0
1207 1
1208 0
1210 0
1211 2
1212 3
1213 1
1215 3
1216 1
1217 0
1219 0
1220 3
1221 0
1221 0
1222 1
1223 2
1225 0
1225 0
1226 1
1227 2
1228 0
1228 0
1229 1
1231 2
1232 1
1233 2
1234 1
1236 0
1236 0
1237 2
1238 0
1240 0
1241 3
1242 1
1243 0
1246 0
1247 1
1249 0
1250 0
1251 1
1253 0
1255 0
1256 1
1257 0
1257 0
1258 2
1259 0
1259 0
1260 1
1262 0
1265 0
1266 2
1268 0
1269 0
1270 1
1272 0
1277 0
1278 1
1279 0
1281 0
1282 1
1285 0
1285 0
1286 1
1287 0
1287 0
1288 1
1291 0
1294 0
1295 2
1296 4
1297 1
1298 0
1298 0
1299 1
1301 0
1301 0
1302 2
1303 0
1303 0
1304 1
1307 0
1307 0
1308 1
1310 0
1316 0
1317 1
1318 0
1320 0
1321 1
1322 3
1323 1
1324 0
1325 0
1326 1
1329 0
1332 0
1333 1
1334 0
1335 0
1336 1
1337 2
1338 1
1341 0
1343 0
1344 2
1345 0
1347 0
1348 1
1349 0
1350 0
1351 2
1352 1
1353 0
1353 0
1354 1
1355 0
1357 0
1358 1
1359 0
1359 0
1360 1
1361 0
1361 0
1362 1
1363 0
1364 0
1365 3
1366 0
1368 0
1369 3
1370 0
1371 0
1372 2
1373 0
1374 0
1375 1
1377 0
1377 0
1378 1
1379 0
1380 0
1381 1
1383 3
1384 1
1385 0
1386 0
1387 1
1389 0
1389 0
1390 1
1391 0
1391 0
1392 2
1393 1
1394 0
1396 0
1397 2
1398 0
1398 0
1399 1
1400 2
1401 0
1402 0
1403 1
1404 3
1405 0
1405 0
1406 2
1407 0
1408 0
1409 1
1411 0
1419 0
1420 1
1421 0
1423 0
1424 1
1425 0
1425 0
1426 1
1427 0
1428 0
1429 1
1430 0
1436 0
1437 1
1440 0
1440 0
1441 1
1443 0
1444 0
1445 1
1446 0
1448 0
1449 1
1450 0
1450 0
1451 1
1452 0
1452 0
1453 1
1454 0
1454 0
1455 1
1456 0
1459 0
1460 1
1463 0
1464 0
1465 1
1466 0
1466 0
1467 2
1469 0
1471 0
1472 2
1473 1
1474 0
1475 0
1476 1
1478 0
1495 0
1496 1
1497 0
1497 0
1498 1
1499 0
1499 0
1500 1
1503 0
1505 0
1506 1
1508 0
1519 0
1520 1
1521 0
1521 0
1522 2
1523 1
1525 0
1527 0
1528 1
1529 0
1533 0
1534 3
1535 1
1537 0
1538 0
1539 1
1540 0
1541 0
1542 1
1543 0
1545 0
1546 2
1547 1
1549 0
1550 0
1551 1
1552 0
1552 0
1553 1
1554 0
1572 0
1573 1
1574 0
1586 0
1587 2
1588 0
1590 0
1591 1
1592 0
1594 0
1595 1
1598 0
1600 0
1601 1
1602 0
1603 0
1604 1
1605 0
1605 0
1606 1
1607 0
1608 0
1609 1
1610 0
1610 0
1611 1
1612 0
1618 0
1619 1
1620 0
1620 0
1621 1
1622 0
1625 0
1626 1
1627 0
1629 0
1630 1
1631 0
1636 0
1637 2
1638 0
1645 0
1646 1
1647 0
1647 0
1648 1
1649 0
1649 0
1650 2
1651 0
1653 0
1654 1
1655 0
1657 0
1658 1
1659 2
1660 0
1663 0
1664 1
1665 0
1666 0
1667 1
1669 0
1671 0
1672 1
1673 0
1674 0
1675 1
1676 0
1676 0
1677 1
1678 0
1683 0
1684 1
1685 0
1685 0
1686 1
1689 0
1698 0
1699 1
1700 0
1704 0
1705 1
1706 0
1714 0
1715 1
1716 0
1727 0
1728 2
1729 0
1734 0
1735 2
1736 0
1742 0
1743 1
1744 0
1746 0
1747 1
1748 0
1750 0
1751 1
1752 0
1759 0
1760 1
1761 0
1767 0
1768 2
1769 0
1779 0
1780 1
1781 0
1782 0
1783 1
1784 0
1790 0
1791 1
1792 0
1793 0
1794 2
1795 0
1804 0
1805 1
1806 0
1812 0
1813 1
1814 0
1819 0
1820 1
1821 0
1823 0
1824 1
1826 0
1833 0
1834 1
1835 0
1838 0
1839 1
1840 0
1845 0
1846 1
1847 0
1848 0
1849 1
1850 0
1860 0
1861 1
1862 0
1870 0
1871 1
1872 0
1884 0
1885 1
1886 0
1900 0
1901 1
1903 0
1910 0
1911 1
1912 0
1912 0
1913 1
1914 0
1914 0
1915 1
1916 0
1919 0
1920 1
1921 0
1925 0
1926 1
1927 0
1930 0
1931 2
1932 0
1936 0
1937 1
1938 0
1949 0
1950 1
1951 0
1965 0
1966 1
1967 0
1967 0
1968 1
1969 0
1970 0
1971 1
1972 0
1991 0
1992 1
1993 0
2004 0
2005 1
2006 0
2021 0
2022 1
2023 0
2024 0
2025 1
2026 0
2026 0
2027 1
2028 0
2069 0
2070 1
2071 0
2078 0
2079 1
2080 0
2128 0
2129 1
2130 0
2166 0
2167 1
2168 0
2177 0
2178 1
2179 0
2208 0
2209 1
2210 0
2237 0
2238 1
2239 0
2378 0
2379 1
2380 0
2387 0
2388 1
2389 0
2404 0
2405 1
2406 0
2412 0
2413 1
2414 0
2435 0
2436 1
2437 0
2587 0
2588 1
2589 0
2661 0
2662 1
2663 0
2727 0
2728 1
2729 0
2800 0
2801 1
2802 0
2879 0
2880 1
2881 0
2891 0
2892 1
2893 0
2903 0
2904 1
2905 0
2926 0
2927 1
2928 0
3195 0
3196 1
3197 0
3199 0
3200 1
3201 0
3500 0
3501 1
3502 0
3700 0
3701 1
3702 0
3738 0
3739 1
3740 0
3866 0
3867 1
3868 0
4540 0
4541 1
4542 0
5044 0
5045 1
