2 0.00148395473938
3 0.00482285290299
4 0.0139120756817
5 0.02986458913
6 0.0454461138935
7 0.0589872008904
8 0.0762381747357
9 0.087367835281
10 0.0968280467446
11 0.105546280838
12 0.114450009275
13 0.121869782972
14 0.129846039696
15 0.139862734187
16 0.149137451308
17 0.158041179744
18 0.167315896865
19 0.176776108329
20 0.186607308477
21 0.195325542571
22 0.20293081061
23 0.212391022074
24 0.220738267483
25 0.228529029865
26 0.237247263958
27 0.246707475422
28 0.254498237804
29 0.261547022816
30 0.271934705991
31 0.278241513634
32 0.286217770358
33 0.294379521425
34 0.300686329067
35 0.306993136709
36 0.313114450009
37 0.319050268967
38 0.324615099239
39 0.331663884252
40 0.337414208867
41 0.344462993879
42 0.350955295863
43 0.358004080876
44 0.362455945094
45 0.370432201818
46 0.374884066036
47 0.381747356706
48 0.386941198293
49 0.392506028566
50 0.399369319236
51 0.404563160824
52 0.410684474124
53 0.416805787423
54 0.421257651642
55 0.426451493229
56 0.430532368763
57 0.435726210351
58 0.440734557596
59 0.445186421814
60 0.45019476906
61 0.456687071044
62 0.46169541829
63 0.466147282508
64 0.469115191987
65 0.473752550547
66 0.477647931738
67 0.483027267668
68 0.488592097941
69 0.492116490447
70 0.495269894268
71 0.500278241514
72 0.504544611389
73 0.50843999258
74 0.511222407717
75 0.514375811538
76 0.517900204044
77 0.522908551289
78 0.528102392877
79 0.529957336301
80 0.533852717492
81 0.537933593025
82 0.542385457244
83 0.545353366722
84 0.547950287516
85 0.551660174365
86 0.552773140419
87 0.557595993322
88 0.561305880171
89 0.564273789649
90 0.567983676498
91 0.570395102949
92 0.573919495455
93 0.576701910592
94 0.579113337043
95 0.583379706919
96 0.588388054164
97 0.590799480616
98 0.594880356149
99 0.597477276943
100 0.601372658134
101 0.603598590243
102 0.606751994064
103 0.609163420516
104 0.612316824337
105 0.614542756446
106 0.617325171582
107 0.620664069746
108 0.622890001855
109 0.626785383046
110 0.630309775552
111 0.633092190688
112 0.635874605825
113 0.639028009646
114 0.641439436097
115 0.643108885179
116 0.645149322946
117 0.648117232424
118 0.650528658876
119 0.653682062697
120 0.656093489149
121 0.657577443888
122 0.659988870339
123 0.661843813764
124 0.664440734558
125 0.666481172324
126 0.67000556483
127 0.672231496939
128 0.673715451679
129 0.675199406418
130 0.679280281951
131 0.680578742348
132 0.68373214617
133 0.686143572621
134 0.688925987757
135 0.691151919866
136 0.693377851976
137 0.696160267112
138 0.697644221851
139 0.699313670933
140 0.700241142645
141 0.702652569097
142 0.704693006863
143 0.706176961603
144 0.709330365424
145 0.711927286218
146 0.713782229642
147 0.715451678724
148 0.717121127806
149 0.718790576887
150 0.720089037284
151 0.722314969393
152 0.723798924133
153 0.725468373215
154 0.727137822296
155 0.728065294009
156 0.730291226118
157 0.732146169542
158 0.734743090336
159 0.736412539418
160 0.739194954554
161 0.741235392321
162 0.744574290484
163 0.745130773511
164 0.748655166017
165 0.749953626414
166 0.750881098127
167 0.753663513263
168 0.75496197366
169 0.756445928399
170 0.757373400111
171 0.758857354851
172 0.76034130959
173 0.76108328696
174 0.762567241699
175 0.764051196439
176 0.764607679466
177 0.76646262289
178 0.767761083287
179 0.768688554999
180 0.769616026711
181 0.771470970135
182 0.772769430532
183 0.77332591356
184 0.775366351326
185 0.776664811723
186 0.778519755147
187 0.780003709887
188 0.780931181599
189 0.781302170284
190 0.782971619366
191 0.783899091078
192 0.785939528844
193 0.786681506214
194 0.788165460953
195 0.789834910035
196 0.791133370432
197 0.791875347802
198 0.793173808199
199 0.794472268596
200 0.795399740308
201 0.796883695047
202 0.799295121499
203 0.801335559265
204 0.802634019662
205 0.803932480059
206 0.805045446114
207 0.805972917826
208 0.807085883881
209 0.808198849935
210 0.810424782044
211 0.811166759414
212 0.812279725468
213 0.813392691523
214 0.815062140605
215 0.815989612317
216 0.818401038768
217 0.82007048785
218 0.82155444259
219 0.822110925617
220 0.822852902986
221 0.823965869041
222 0.824151363383
223 0.826377295492
224 0.827304767205
225 0.828232238917
226 0.830087182341
227 0.83157113708
228 0.833611574847
229 0.834353552217
230 0.835837506956
231 0.836208495641
232 0.837877944723
233 0.838248933408
234 0.838619922092
235 0.840289371174
236 0.842329808941
237 0.842886291968
238 0.843071786311
239 0.844184752365
240 0.84529771842
241 0.846596178817
242 0.846967167501
243 0.848080133556
244 0.848636616583
245 0.850120571323
246 0.851048043035
247 0.851975514747
248 0.853273975144
249 0.854386941198
250 0.855499907253
251 0.85679836765
252 0.858467816732
253 0.859209794101
254 0.860322760156
255 0.860879243183
256 0.862363197922
257 0.863476163977
258 0.863847152662
259 0.864218141347
260 0.865145613059
261 0.865516601744
262 0.866444073456
263 0.867928028195
264 0.868855499907
265 0.869411982935
266 0.872008903728
267 0.872379892413
268 0.873307364125
269 0.87367835281
270 0.874234835838
271 0.874791318865
272 0.87516230755
273 0.876089779262
274 0.877202745316
275 0.877573734001
276 0.878315711371
277 0.878686700056
278 0.879985160453
279 0.880356149137
280 0.881840103877
281 0.882396586904
282 0.883138564274
283 0.883509552959
284 0.884066035986
285 0.884437024671
286 0.88517900204
287 0.885364496383
288 0.88666295678
289 0.886848451122
290 0.887033945465
292 0.88740493415
293 0.888146911519
294 0.888703394546
295 0.889259877574
296 0.890187349286
297 0.890929326656
298 0.891856798368
299 0.89278427008
300 0.893155258765
301 0.894639213504
302 0.895381190874
303 0.895566685216
304 0.896308662586
305 0.896679651271
306 0.897050639955
307 0.897236134298
308 0.89742162864
309 0.89816360601
310 0.898534594695
311 0.898720089037
312 0.89890558338
313 0.899833055092
314 0.900204043777
316 0.900389538119
317 0.900946021146
318 0.901317009831
319 0.901502504174
320 0.902058987201
321 0.902429975886
323 0.903357447598
324 0.903728436283
325 0.90428491931
326 0.90502689668
327 0.906325357077
328 0.906696345761
329 0.907252828789
330 0.908551289186
331 0.90966425524
332 0.909849749583
334 0.910777221295
335 0.910962715637
336 0.911890187349
337 0.912446670377
338 0.913003153404
340 0.913745130774
341 0.913930625116
343 0.914116119458
344 0.914858096828
345 0.915414579855
346 0.91578556854
347 0.916713040252
349 0.916898534595
350 0.917084028937
351 0.917455017622
352 0.917640511964
353 0.918011500649
354 0.918196994992
356 0.919124466704
357 0.919309961046
358 0.919866444073
359 0.920237432758
360 0.920979410128
361 0.92116490447
362 0.921535893155
363 0.922092376183
364 0.922277870525
365 0.923205342237
366 0.923947319607
367 0.924132813949
368 0.924503802634
369 0.924689296976
370 0.925431274346
371 0.925987757373
372 0.926173251716
373 0.926729734743
374 0.927471712113
375 0.92802819514
376 0.928584678167
377 0.928955666852
379 0.929326655537
381 0.929512149879
382 0.929883138564
383 0.930439621592
384 0.930810610276
385 0.931738081988
387 0.932294565016
389 0.932665553701
391 0.932851048043
392 0.933222036728
393 0.933778519755
394 0.934335002782
395 0.934705991467
396 0.935076980152
397 0.935262474495
398 0.935447968837
399 0.936004451864
400 0.936746429234
401 0.937302912261
402 0.937673900946
403 0.938044889631
404 0.938601372658
405 0.938972361343
406 0.93952884437
407 0.939899833055
408 0.940085327398
409 0.94027082174
410 0.940641810425
412 0.941569282137
413 0.941940270822
414 0.942125765164
415 0.942496753849
416 0.942682248191
417 0.942867742534
418 0.943053236876
419 0.943238731219
421 0.943609719904
422 0.943795214246
423 0.943980708588
425 0.944166202931
426 0.944537191616
428 0.944908180301
429 0.945279168985
430 0.94565015767
431 0.945835652013
433 0.946948618067
437 0.947319606752
439 0.947505101094
442 0.947876089779
444 0.948247078464
446 0.948432572807
447 0.948618067149
451 0.948803561491
452 0.948989055834
453 0.949360044519
454 0.949916527546
455 0.950473010573
456 0.9510294936
457 0.951214987943
459 0.951400482285
460 0.951585976628
461 0.95177147097
462 0.951956965313
463 0.952327953997
464 0.95251344834
466 0.952698942682
469 0.952884437025
470 0.953069931367
471 0.95325542571
473 0.953626414394
475 0.954182897422
477 0.954368391764
478 0.954553886106
480 0.954739380449
481 0.954924874791
483 0.955110369134
486 0.955481357819
487 0.956037840846
488 0.956223335188
489 0.956408829531
492 0.956594323873
493 0.956779818216
494 0.956965312558
495 0.9571508069
496 0.957336301243
498 0.957521795585
499 0.957707289928
500 0.958078278613
502 0.958263772955
503 0.958449267297
512 0.95863476164
517 0.958820255982
520 0.959005750325
522 0.959191244667
525 0.959376739009
534 0.959562233352
539 0.959747727694
542 0.960118716379
543 0.960304210722
545 0.960489705064
549 0.960675199406
552 0.960860693749
553 0.961231682434
554 0.961417176776
555 0.961788165461
560 0.962159154146
564 0.962344648488
567 0.962530142831
574 0.962901131515
577 0.963086625858
579 0.9632721202
581 0.963457614543
583 0.963643108885
587 0.963828603228
588 0.96401409757
591 0.964199591912
594 0.964385086255
595 0.964570580597
597 0.964941569282
600 0.965127063625
602 0.965312557967
603 0.965498052309
606 0.965683546652
607 0.965869040994
608 0.966054535337
609 0.966240029679
612 0.966425524022
613 0.966611018364
617 0.966796512706
620 0.966982007049
623 0.967538490076
624 0.967723984418
627 0.967909478761
629 0.968094973103
631 0.968280467446
633 0.968465961788
636 0.968651456131
641 0.968836950473
646 0.969022444815
648 0.969207939158
650 0.9693934335
654 0.969578927843
657 0.969764422185
663 0.969949916528
666 0.97013541087
668 0.970691893897
670 0.97087738824
676 0.971062882582
679 0.971248376925
681 0.971433871267
682 0.971990354294
683 0.972175848637
687 0.972361342979
692 0.972732331664
700 0.972917826006
701 0.973103320349
703 0.973288814691
704 0.973474309034
707 0.973659803376
722 0.973845297718
723 0.974216286403
731 0.974401780746
733 0.974772769431
735 0.974958263773
736 0.975329252458
738 0.9755147468
740 0.975700241143
741 0.975885735485
742 0.976071229827
746 0.97625672417
749 0.976442218512
752 0.976627712855
753 0.976813207197
754 0.97699870154
756 0.977184195882
758 0.977369690224
765 0.977555184567
780 0.977740678909
782 0.977926173252
787 0.978111667594
792 0.978482656279
795 0.978668150621
799 0.978853644964
813 0.979039139306
815 0.979224633649
818 0.979410127991
825 0.979595622334
833 0.979781116676
841 0.979966611018
846 0.980152105361
848 0.980337599703
850 0.980523094046
851 0.980708588388
853 0.98089408273
855 0.981079577073
861 0.981265071415
867 0.981450565758
872 0.9816360601
873 0.981821554443
880 0.982007048785
881 0.982192543127
890 0.98237803747
892 0.982563531812
895 0.982749026155
897 0.982934520497
926 0.98312001484
930 0.983305509182
949 0.983676497867
956 0.983861992209
958 0.984047486552
984 0.984232980894
992 0.984418475237
1008 0.984603969579
1009 0.984789463921
1027 0.984974958264
1028 0.985160452606
1035 0.985345946949
1044 0.985531441291
1070 0.985716935633
1071 0.985902429976
1073 0.986087924318
1078 0.986273418661
1087 0.986458913003
1093 0.986829901688
1107 0.98701539603
1122 0.987200890373
1136 0.987571879058
1150 0.9877573734
1153 0.987942867743
1163 0.988128362085
1169 0.988313856427
1172 0.98849935077
1183 0.988684845112
1194 0.988870339455
1197 0.989055833797
1216 0.989241328139
1227 0.989426822482
1270 0.989612316824
1328 0.989797811167
1329 0.989983305509
1332 0.990168799852
1360 0.990354294194
1364 0.990539788536
1377 0.990725282879
1390 0.990910777221
1400 0.991096271564
1459 0.991281765906
1505 0.991467260249
1558 0.991652754591
1596 0.991838248933
1600 0.992023743276
1619 0.992209237618
1639 0.992394731961
1647 0.992580226303
1663 0.992765720646
1694 0.992951214988
1797 0.99313670933
1803 0.993322203673
1835 0.993507698015
1929 0.993693192358
1933 0.9938786867
1953 0.994064181042
1975 0.994249675385
2028 0.994435169727
2039 0.99462066407
2086 0.994806158412
2091 0.994991652755
2144 0.995177147097
2175 0.995362641439
2274 0.995548135782
2297 0.995733630124
2444 0.995919124467
2515 0.996104618809
2838 0.996290113152
3405 0.996475607494
3536 0.996661101836
4504 0.996846596179
5043 0.997032090521
5821 1.0
