1 0
2 8
3 18
4 49
5 86
6 84
7 73
8 93
9 60
10 51
11 47
12 48
13 40
14 43
15 54
16 50
17 48
18 50
19 51
20 53
21 47
22 41
23 51
24 45
25 42
26 47
27 51
28 42
29 38
30 56
31 34
32 43
33 44
34 34
36 33
37 32
38 30
39 38
40 31
41 38
42 35
43 38
44 24
45 43
46 24
47 37
48 28
49 30
50 37
51 28
52 33
54 24
55 28
56 22
57 28
58 27
59 24
60 27
61 35
62 27
63 24
64 16
65 25
66 21
67 29
68 30
69 19
70 17
71 27
72 23
73 21
74 15
75 17
76 19
77 27
78 28
79 10
80 21
81 22
82 24
83 16
84 14
85 20
86 6
87 26
88 20
89 16
90 20
91 13
92 19
93 15
94 13
95 23
96 27
97 13
98 22
99 14
100 21
101 12
102 17
103 13
104 17
105 12
106 15
107 18
108 12
109 21
110 19
111 15
113 17
114 13
115 9
116 11
117 16
118 13
119 17
120 13
121 8
122 13
123 10
124 14
125 11
126 19
127 12
128 8
130 22
131 7
132 17
133 13
134 15
135 12
137 15
138 8
139 9
140 5
141 13
142 11
143 8
144 17
145 14
146 10
147 9
150 7
151 12
152 8
153 9
155 5
156 12
157 10
158 14
159 9
160 15
161 11
162 18
163 3
164 19
165 7
166 5
167 15
168 7
169 8
170 5
171 8
173 4
174 8
176 3
177 10
178 7
179 5
181 10
182 7
183 3
184 11
185 7
186 10
187 8
188 5
189 2
190 9
191 5
192 11
193 4
194 8
195 9
196 7
197 4
198 7
200 5
201 8
202 13
203 11
204 7
206 6
207 5
208 6
210 12
211 4
212 6
214 9
215 5
216 13
217 9
218 8
219 3
220 4
221 6
222 1
223 12
224 5
226 10
227 8
228 11
229 4
230 8
231 2
232 9
233 2
235 9
236 11
237 3
238 1
239 6
241 7
242 2
243 6
244 3
245 8
246 5
248 7
249 6
251 7
252 9
253 4
254 6
255 3
256 8
257 6
258 2
260 5
261 2
262 5
263 8
264 5
265 3
266 14
267 2
268 5
269 2
270 3
272 2
273 5
274 6
275 2
276 4
277 2
278 7
279 2
280 8
281 3
282 4
283 2
284 3
285 2
286 4
287 1
288 7
289 1
291 0
291 0
292 2
293 4
294 3
296 5
297 4
298 5
300 2
301 8
302 4
303 1
304 4
305 2
307 1
309 4
310 2
311 1
313 5
314 2
315 0
315 0
316 1
317 3
318 2
319 1
320 3
321 2
322 0
322 0
323 5
324 2
325 3
326 4
327 7
328 2
329 3
330 7
331 6
332 1
333 0
333 0
334 5
335 1
336 5
337 3
339 0
339 0
340 4
341 1
342 0
342 0
343 1
344 4
345 3
346 2
347 5
348 0
348 0
349 1
351 2
352 1
353 2
354 1
355 0
355 0
356 5
357 1
358 3
359 2
360 4
361 1
362 2
363 3
364 1
365 5
366 4
367 1
368 2
369 1
370 4
371 3
372 1
373 3
374 4
375 3
377 2
378 0
378 0
379 2
380 0
380 0
381 1
382 2
383 3
384 2
385 5
386 0
386 0
387 3
388 0
388 0
389 2
390 0
390 0
391 1
392 2
393 3
395 2
397 1
399 3
400 4
401 3
402 2
404 3
405 2
406 3
407 2
408 1
410 2
411 0
411 0
412 5
413 2
414 1
415 2
416 1
420 0
420 0
421 2
422 1
424 0
424 0
425 1
426 2
427 0
427 0
428 2
431 1
432 0
432 0
433 6
434 0
436 0
437 2
438 0
438 0
439 1
440 0
441 0
442 2
443 0
443 0
444 2
445 0
445 0
446 1
448 0
450 0
451 1
453 2
454 3
457 1
458 0
458 0
459 1
463 2
464 1
465 0
465 0
466 1
467 0
468 0
469 1
472 0
472 0
473 2
474 0
474 0
475 3
476 0
476 0
477 1
479 0
479 0
480 1
482 0
482 0
483 1
484 0
485 0
486 2
487 3
488 1
490 0
491 0
492 1
497 0
497 0
498 1
500 2
501 0
501 0
502 1
504 0
511 0
512 1
513 0
516 0
517 1
518 0
519 0
520 1
521 0
521 0
522 1
523 0
524 0
525 1
526 0
533 0
534 1
535 0
538 0
539 1
540 0
541 0
542 2
543 1
544 0
544 0
545 1
546 0
548 0
549 1
550 0
551 0
552 1
553 2
554 1
555 2
556 0
559 0
560 2
561 0
563 0
564 1
565 0
566 0
567 1
568 0
573 0
574 2
575 0
576 0
577 1
578 0
578 0
579 1
580 0
580 0
581 1
582 0
582 0
583 1
584 0
586 0
587 1
589 0
590 0
591 1
592 0
593 0
594 1
596 0
596 0
597 2
598 0
599 0
600 1
601 0
601 0
602 1
604 0
605 0
606 1
610 0
611 0
612 1
614 0
616 0
617 1
618 0
619 0
620 1
621 0
622 0
623 3
624 1
625 0
626 0
627 1
628 0
628 0
629 1
630 0
630 0
631 1
632 0
632 0
633 1
634 0
635 0
636 1
637 0
640 0
641 1
642 0
645 0
646 1
647 0
647 0
648 1
649 0
649 0
650 1
651 0
653 0
654 1
655 0
656 0
657 1
658 0
662 0
663 1
664 0
665 0
666 1
667 0
667 0
668 3
669 0
669 0
670 1
671 0
675 0
676 1
677 0
678 0
679 1
680 0
680 0
681 1
682 3
683 1
684 0
686 0
687 1
688 0
691 0
692 2
693 0
699 0
700 1
702 0
702 0
703 1
705 0
706 0
707 1
708 0
721 0
722 1
723 2
724 0
730 0
731 1
732 0
732 0
733 2
734 0
734 0
735 1
736 2
737 0
737 0
738 1
739 0
739 0
740 1
743 0
745 0
746 1
747 0
748 0
749 1
750 0
751 0
752 1
755 0
755 0
756 1
757 0
757 0
758 1
759 0
764 0
765 1
766 0
779 0
780 1
781 0
781 0
782 1
783 0
786 0
787 1
788 0
791 0
792 2
793 0
794 0
795 1
796 0
798 0
799 1
800 0
812 0
813 1
814 0
814 0
815 1
816 0
817 0
818 1
819 0
824 0
825 1
826 0
832 0
833 1
834 0
840 0
841 1
842 0
845 0
846 1
847 0
847 0
848 1
849 0
849 0
850 1
852 0
852 0
853 1
854 0
854 0
855 1
856 0
860 0
861 1
862 0
866 0
867 1
868 0
871 0
872 1
874 0
879 0
880 1
882 0
889 0
890 1
891 0
891 0
892 1
893 0
894 0
895 1
896 0
896 0
897 1
898 0
925 0
926 1
927 0
929 0
930 1
931 0
948 0
949 2
950 0
955 0
956 1
957 0
957 0
958 1
959 0
983 0
984 1
985 0
991 0
992 1
993 0
1007 0
1008 1
1010 0
1026 0
1027 1
1029 0
1034 0
1035 1
1036 0
1043 0
1044 1
1045 0
1069 0
1070 1
1072 0
1072 0
1073 1
1074 0
1077 0
1078 1
1079 0
1086 0
1087 1
1088 0
1092 0
1093 2
1094 0
1106 0
1107 1
1108 0
1121 0
1122 1
1123 0
1135 0
1136 2
1137 0
1149 0
1150 1
1151 0
1152 0
1153 1
1154 0
1162 0
1163 1
1164 0
1168 0
1169 1
1170 0
1171 0
1172 1
1173 0
1182 0
1183 1
1184 0
1193 0
1194 1
1195 0
1196 0
1197 1
1198 0
1215 0
1216 1
1217 0
1226 0
1227 1
1228 0
1269 0
1270 1
1271 0
1327 0
1328 1
1330 0
1331 0
1332 1
1333 0
1359 0
1360 1
1361 0
1363 0
1364 1
1365 0
1376 0
1377 1
1378 0
1389 0
1390 1
1391 0
1399 0
1400 1
1401 0
1458 0
1459 1
1460 0
1504 0
1505 1
1506 0
1557 0
1558 1
1559 0
1595 0
1596 1
1597 0
1599 0
1600 1
1601 0
1618 0
1619 1
1620 0
1638 0
1639 1
1640 0
1646 0
1647 1
1648 0
1662 0
1663 1
1664 0
1693 0
1694 1
1695 0
1796 0
1797 1
1798 0
1802 0
1803 1
1804 0
1834 0
1835 1
1836 0
1928 0
1929 1
1930 0
1932 0
1933 1
1934 0
1952 0
1953 1
1954 0
1974 0
1975 1
1976 0
2027 0
2028 1
2029 0
2038 0
2039 1
2040 0
2085 0
2086 1
2087 0
2090 0
2091 1
2092 0
2143 0
2144 1
2145 0
2174 0
2175 1
2176 0
2273 0
2274 1
2275 0
2296 0
2297 1
2298 0
2443 0
2444 1
2445 0
2514 0
2515 1
2516 0
2837 0
2838 1
2839 0
3404 0
3405 1
3406 0
3535 0
3536 1
3537 0
4503 0
4504 1
4505 0
5042 0
5043 1
5044 0
5820 0
5821 16
